galaxyID,lastProgenitorId,descendantId,haloID,subHaloID,fofID,treeId,firstProgenitorId,nextProgenitorId,type,snapnum,redshift,centralMvir,phkey,x,y,z,zIndex,ix,iy,iz,velX,velY,velZ,np,mvir,rvir,vvir,vmax,coldGas,stellarMass,bulgeMass,hotGas,ejectedMass,blackHoleMass,metalsColdGas,metalsStellarMass,metalsBulgeMass,metalsHotGas,metalsEjectedMass,sfr,sfrBulge,xrayLum,diskRadius,coolingRadius,mag_b,mag_v,mag_r,mag_i,mag_k,mag_bBulge,mag_vBulge,mag_rBulge,mag_iBulge,mag_kBulge,mag_bDust,mag_vDust,mag_rDust,mag_iDust,mag_kDust,massWeightedAge,random
1001721000000,1001721000020,-1,1001721000000,63000100002442,63000100002442,1001721000000,1001721000001,-1,0,63,0.0,1.032788,7565,26.899548,61.238834,3.2223272,79549,3,6,0,164.3667,121.8798,121.20793,33,1.032788,0.035414696,35.41472,53.303967,0.031848244,0.0061546527,0.0,1.8298604E-4,0.037091013,0.0,1.8893821E-4,2.4322624E-5,0.0,3.8506354E-7,7.805185E-5,0.0,0.0,37.685062,0.0067213606,0.0047135903,-14.502466,-15.175588,-15.757177,-16.218206,-17.47058,99.0,99.0,99.0,99.0,99.0,-14.498904,-15.172651,-15.754802,-16.216478,-17.470074,2.9786344,260
1001721000001,1001721000020,1001721000000,1001721000001,62000100002424,62000100002424,1001721000000,1001721000002,-1,0,62,0.019932542,1.032788,7565,26.871683,61.21295,3.195691,79549,3,6,0,165.08861,121.73227,121.253525,33,1.032788,0.03523649,35.50416,46.789463,0.03184304,0.0061546527,0.0,2.130864E-4,0.040932726,0.0,1.889273E-4,2.4322624E-5,0.0,4.4840476E-7,8.613609E-5,0.0,0.0,37.792442,0.0066547277,0.005091062,-14.608368,-15.264296,-15.8348,-16.287266,-17.529001,99.0,99.0,99.0,99.0,99.0,-14.604735,-15.2613,-15.8323765,-16.285503,-17.528486,2.7152026,793
1001721000002,1001721000020,1001721000001,1001721000002,61000100002503,61000100002503,1001721000000,1001721000003,-1,0,61,0.041403063,1.2909851,7565,26.837605,61.187298,3.174561,79549,3,6,0,165.13545,121.54951,120.94409,32,1.2909851,0.037746534,38.352356,51.183628,0.03183609,0.0061546527,0.0,2.4882916E-4,0.045419037,0.0,1.8891267E-4,2.4322624E-5,0.0,5.236194E-7,9.5576775E-5,0.0,0.0,37.94446,0.006028204,0.005631111,-14.749175,-15.388508,-15.949694,-16.396152,-17.640308,99.0,99.0,99.0,99.0,99.0,-14.744748,-15.384859,-15.946742,-16.394007,-17.63968,2.439347,709
1001721000003,1001721000020,1001721000002,1001721000003,60000100002557,60000100002557,1001721000000,1001721000004,-1,0,60,0.064493395,1.7213135,7565,26.804482,61.15527,3.145779,79549,3,6,0,165.39346,120.64476,120.29549,32,1.7213135,0.041291013,42.34208,49.945595,0.031821404,0.0061546527,0.0,0.0015023367,0.05067239,0.0,1.8888181E-4,2.4322624E-5,0.0,3.8495896E-6,1.06631574E-4,0.0,0.0,39.08553,0.005131353,0.013770491,-14.9428215,-15.5541725,-16.099806,-16.538116,-17.779846,99.0,99.0,99.0,99.0,99.0,-14.936717,-15.54914,-16.095734,-16.535156,-17.77898,2.1514933,355
1001721000004,1001721000020,1001721000003,1001721000004,59000100002591,59000100002591,1001721000000,1001721000005,-1,0,59,0.08928783,1.7213135,7565,26.766045,61.12914,3.1156406,79549,2,6,0,164.45198,121.02637,120.03816,31,1.7213135,0.041012533,42.485588,53.786106,0.020100754,0.0061546527,0.0,0.007928117,0.056841034,0.0,1.5334401E-4,2.4322624E-5,0.0,2.640648E-5,1.1961243E-4,0.0,0.0,40.370903,0.0030829026,0.037732545,-15.189734,-15.756809,-16.277254,-16.703522,-17.939528,99.0,99.0,99.0,99.0,99.0,-15.173067,-15.743063,-16.266132,-16.69543,-17.937162,1.8521782,318
1001721000005,1001721000020,1001721000004,1001721000005,58000100002613,58000100002613,1001721000000,1001721000006,-1,0,58,0.11588337,1.8934448,7565,26.729477,61.09373,3.0842237,79549,2,6,0,163.29172,118.674286,118.15624,31,1.8934448,0.04202224,44.020676,60.40405,0.016397186,0.0061546527,0.0,0.02387435,0.06410774,0.0,1.479711E-4,2.4322624E-5,0.0,1.6487813E-5,1.3490398E-4,0.0,0.0,40.829704,0.0029545224,0.038788896,-15.512025,-16.00851,-16.48556,-16.885828,-18.084196,99.0,99.0,99.0,99.0,99.0,-15.492098,-15.992075,-16.47226,-16.876152,-18.081367,1.5419239,673
1001721000006,1001721000020,1001721000005,1001721000006,57000100002896,57000100002896,1001721000000,1001721000007,-1,0,57,0.14438343,1.7213135,7565,26.686039,61.059513,3.0554886,79549,2,6,0,164.22443,117.27907,117.77537,28,1.7213135,0.040376075,42.819138,56.196354,0.014127089,0.0061546527,0.0,0.0,0.07269645,0.0,1.4638541E-4,2.4322624E-5,0.0,0.0,1.5297752E-4,0.031579815,0.0,0.0,0.0014730918,0.040376075,-16.073692,-16.410446,-16.798374,-17.147003,-18.23995,99.0,99.0,99.0,99.0,99.0,-15.9816885,-16.336302,-16.738451,-17.102795,-18.226048,1.2213358,701
1001721000007,1001721000020,1001721000006,1001721000007,56000100002845,56000100002845,1001721000000,1001721000008,-1,0,56,0.17489761,1.549182,7565,26.645594,61.02151,3.0213406,79549,2,6,0,164.25917,116.16278,117.36108,28,1.549182,0.03863343,41.527863,62.887573,0.017225526,0.005720719,0.0,0.0,0.06439291,0.0,1.5340703E-4,2.0169278E-5,0.0,0.0,1.2727063E-4,0.07348048,0.0,0.0,0.0015069958,0.03863343,-16.469114,-16.70828,-17.034063,-17.345974,-18.350632,99.0,99.0,99.0,99.0,99.0,-16.351854,-16.614443,-16.957748,-17.288422,-18.330214,0.96938586,450
1001721000008,1001721000020,1001721000007,1001721000008,55000100002789,55000100002789,1001721000000,1001721000009,-1,0,55,0.20754863,1.3770508,7565,26.603855,60.984135,2.990105,79549,2,6,0,163.2475,113.577,116.59704,29,1.3770508,0.036780924,40.126717,48.228497,0.02462988,0.0046837446,0.0,0.0,0.058025524,0.0,1.548589E-4,1.244336E-5,0.0,0.0,7.896703E-5,0.12740095,0.0,0.0,0.0017085895,0.036780924,-16.732977,-16.903809,-17.182673,-17.467495,-18.395103,99.0,99.0,99.0,99.0,99.0,-16.644459,-16.83282,-17.125025,-17.423832,-18.378908,0.8019423,950
1001721000009,1001721000020,1001721000008,1001721000009,54000100002772,54000100002772,1001721000000,1001721000010,-1,0,54,0.24246909,1.6352477,7565,26.538372,60.949036,2.9533381,79549,2,6,0,164.65395,112.54985,117.18138,30,1.6352477,0.03852983,42.723145,45.67787,0.03777565,0.0028426906,0.0,0.0,0.04672081,0.0,1.1934247E-4,4.099627E-6,0.0,0.0,2.592961E-5,0.09976765,0.0,0.0,0.0027238247,0.03852983,-16.394112,-16.522268,-16.768698,-17.025393,-17.852964,99.0,99.0,99.0,99.0,99.0,-16.382803,-16.513079,-16.761284,-17.019943,-17.851234,0.8475332,221
1001721000010,1001721000020,1001721000009,1001721000010,53000100002963,53000100002963,1001721000000,1001721000011,-1,0,53,0.2798018,1.4631164,7565,26.49133,60.915634,2.9097786,79545,2,6,0,164.09239,110.31136,114.25074,29,1.4631164,0.036689732,41.41304,45.030106,0.04828572,0.0013707642,0.0,0.0,0.037474416,0.0,6.556726E-5,8.965119E-7,0.0,0.0,5.4381235E-6,0.059654873,0.0,0.0,0.0040955003,0.036689732,-15.64884,-15.716526,-15.924014,-16.142677,-16.831503,99.0,99.0,99.0,99.0,99.0,-15.647021,-15.715073,-15.922856,-16.141838,-16.831247,1.1965035,647
1001721000011,1001721000020,1001721000010,1001721000011,52000100003354,52000100003354,1001721000000,1001721000012,-1,0,52,0.31970343,1.6352477,7565,26.430649,60.877075,2.874316,79545,2,6,0,161.46234,103.737434,110.6115,25,1.6352477,0.037584797,43.256924,47.606236,0.054315686,4.748573E-4,0.0,0.022102643,0.013078159,0.0,2.4215715E-5,1.1887507E-7,0.0,1.4136296E-7,2.7292953E-7,0.0,0.0,40.68979,0.007727945,0.02530671,-12.101002,-12.597259,-13.082964,-13.462765,-14.433818,99.0,99.0,99.0,99.0,99.0,-12.10093,-12.597199,-13.082916,-13.46273,-14.433807,2.7337208,379
1001721000012,1001721000020,1001721000011,1001721000012,51000100003695,51000100003695,1001721000000,1001721000013,-1,0,51,0.36234027,1.4631164,7565,26.3727,60.842655,2.82437,79545,2,6,0,163.07533,100.915955,110.675705,21,1.4631164,0.035707373,41.97884,61.3924,0.051821496,4.748573E-4,0.0,0.005872095,0.015315843,0.0,2.4194633E-5,1.1887507E-7,0.0,1.1574444E-7,3.1962796E-7,0.0,0.0,39.829697,0.0072949934,0.012621136,-12.248813,-12.73452,-13.214901,-13.591568,-14.559441,99.0,99.0,99.0,99.0,99.0,-12.248725,-12.734447,-13.214842,-13.591526,-14.559428,2.3674471,733
1001721000013,1001721000020,1001721000012,1001721000013,50000100003408,50000100003408,1001721000000,1001721000014,-1,0,50,0.40789944,1.4631164,7565,26.317194,60.80107,2.7922368,79544,2,6,0,164.66696,98.71667,107.66474,25,1.4631164,0.035159994,42.304348,61.35199,0.05120238,4.748573E-4,0.0,0.005143566,0.01803207,0.0,2.4184043E-5,1.1887507E-7,0.0,6.964716E-8,3.7631332E-7,0.0,0.0,39.746075,0.008615184,0.011714447,-12.433164,-12.900543,-13.370734,-13.739821,-14.698145,99.0,99.0,99.0,99.0,99.0,-12.433101,-12.900492,-13.370692,-13.739791,-14.698136,1.9968474,599
1001721000014,1001721000020,1001721000013,1001721000014,49000100003974,49000100003974,1001721000000,1001721000015,-1,0,49,0.45657724,1.3770508,7565,26.255657,60.76552,2.7432704,79544,2,6,0,164.28952,94.628876,104.95973,20,1.3770508,0.033882093,41.80804,46.390526,0.05096116,4.748573E-4,0.0,1.8608864E-4,0.021342615,0.0,2.4180716E-5,1.1887507E-7,0.0,3.8835037E-9,4.4540135E-7,0.0,0.0,37.627876,0.009683587,0.0022520474,-12.620596,-13.05043,-13.493238,-13.841572,-14.7572155,99.0,99.0,99.0,99.0,99.0,-12.620546,-13.050389,-13.493205,-13.841548,-14.757208,1.6230536,589
1001721000015,1001721000020,1001721000014,1001721000015,48000100003464,48000100003464,1001721000000,1001721000016,-1,0,48,0.5085914,1.6352477,7565,26.18585,60.731716,2.7155526,79544,2,6,0,163.4587,96.48192,103.20422,25,1.6352477,0.035230257,44.67904,44.80708,0.04921436,4.748573E-4,0.0,0.021456737,0.02539451,0.0,2.4147539E-5,1.1887507E-7,0.0,1.9610933E-7,5.299607E-7,0.0,0.0,40.78582,0.0085616745,0.026069148,-12.922504,-13.301717,-13.699825,-14.013127,-14.835857,99.0,99.0,99.0,99.0,99.0,-12.922443,-13.301666,-13.699785,-14.013098,-14.835849,1.2472163,821
1001721000016,1001721000020,1001721000015,1001721000016,47000100003802,47000100003802,1001721000000,1001721000017,-1,0,47,0.5641766,1.4631164,7565,26.10532,60.69422,2.6771991,79544,2,6,0,166.9743,90.443275,102.14572,22,1.4631164,0.03328253,43.481174,48.12503,0.04660032,4.748573E-4,0.0,0.0023779608,0.0303747,0.0,2.4116618E-5,1.1887507E-7,0.0,1.2309819E-7,6.3389274E-7,0.0,0.0,39.37747,0.008007826,0.0088547375,-13.316598,-13.560634,-13.851378,-14.103875,-14.784472,99.0,99.0,99.0,99.0,99.0,-13.316521,-13.560571,-13.851327,-14.103838,-14.784462,0.8705404,405
1001721000017,1001721000020,1001721000016,1001721000017,46000100004052,46000100004052,1001721000000,1001721000018,-1,0,46,0.6235901,1.4631164,7565,26.032312,60.664722,2.6270182,79544,2,6,0,166.40099,87.57727,97.387695,20,1.4631164,0.032577556,43.94912,60.76727,0.046491764,4.748573E-4,0.0,0.0,0.036522195,0.0,2.4111423E-5,1.1887507E-7,0.0,0.0,7.621855E-7,0.007699591,0.0,0.0,0.0052593593,0.032577556,-14.084754,-14.168685,-14.3630295,-14.565579,-15.144758,99.0,99.0,99.0,99.0,99.0,-14.08446,-14.168465,-14.36286,-14.56546,-15.144725,0.4942497,298
1001721000018,1001721000020,1001721000017,1001721000018,45000100003955,45000100003955,1001721000000,1001721000019,-1,0,45,0.6871088,1.4631164,7565,25.951283,60.62681,2.5739195,79544,2,6,0,169.8464,85.19236,97.03478,21,1.4631164,0.03183386,44.45952,55.038696,0.04734881,3.548287E-4,0.0,0.0,0.03578517,0.0,1.8182853E-5,6.5135104E-8,0.0,0.0,4.2721126E-7,0.019754587,0.0,0.0,0.004839456,0.03183386,-14.421335,-14.404301,-14.545226,-14.709186,-15.219702,99.0,99.0,99.0,99.0,99.0,-14.421177,-14.404173,-14.545125,-14.709112,-15.219681,0.22040704,120
1001721000019,1001721000020,1001721000018,1001721000019,44000100004025,44000100004025,1001721000000,1001721000020,-1,0,44,0.75503564,1.3770508,7565,25.882513,60.579304,2.518703,79544,2,6,0,170.25731,80.916374,93.67584,21,1.3770508,0.030431537,44.114666,48.95794,0.046762936,4.925927E-5,0.0,0.023641035,0.0058028963,0.0,2.5811892E-6,1.0219966E-9,0.0,9.211624E-9,1.1703852E-9,0.001622032,0.0,41.007282,0.0050938455,0.027959932,-12.782914,-12.632771,-12.6542,-12.669166,-12.808155,99.0,99.0,99.0,99.0,99.0,-12.782908,-12.632767,-12.654196,-12.669164,-12.808154,0.064215176,364
1001721000020,1001721000020,1001721000019,1001721000020,42000100004200,42000100004200,1001721000000,-1,-1,0,42,0.9054624,1.032788,7564,25.710587,60.47196,2.436101,79530,2,6,0,174.5413,78.29798,89.28389,20,1.032788,0.026165199,41.20155,51.034904,0.032280542,0.0,0.0,0.013298278,0.0,0.0,0.0,0.0,0.0,0.0,0.0,0.0,0.0,40.47298,0.0064591663,0.016511824,99.0,99.0,99.0,99.0,99.0,99.0,99.0,99.0,99.0,99.0,99.0,99.0,99.0,99.0,99.0,0.0,789
