galaxyID,lastProgenitorId,descendantId,haloID,subHaloID,fofID,treeId,firstProgenitorId,nextProgenitorId,type,snapnum,redshift,centralMvir,phkey,x,y,z,zIndex,ix,iy,iz,velX,velY,velZ,np,mvir,rvir,vvir,vmax,coldGas,stellarMass,bulgeMass,hotGas,ejectedMass,blackHoleMass,metalsColdGas,metalsStellarMass,metalsBulgeMass,metalsHotGas,metalsEjectedMass,sfr,sfrBulge,xrayLum,diskRadius,coolingRadius,mag_b,mag_v,mag_r,mag_i,mag_k,mag_bBulge,mag_vBulge,mag_rBulge,mag_iBulge,mag_kBulge,mag_bDust,mag_vDust,mag_rDust,mag_iDust,mag_kDust,massWeightedAge,random
1001370000000,1001370000025,-1,1001370000000,63000100002057,63000100002057,1001370000000,1001370000001,-1,0,63,0.0,2.065576,7004,19.250612,58.246346,19.758078,95515,2,6,2,52.965073,4.024579,412.08313,42,2.065576,0.04461972,44.61975,51.246933,0.13097438,0.023754887,0.0,0.0,0.17184679,0.0,7.99649E-4,6.316622E-5,0.0,0.0,3.871314E-4,0.047045738,0.0,0.0,0.011152071,0.04461972,-16.712925,-17.147497,-17.605446,-17.99472,-19.119965,99.0,99.0,99.0,99.0,99.0,-16.697132,-17.135475,-17.596132,-17.988028,-19.11803,3.0446792,712
1001370000001,1001370000025,1001370000000,1001370000001,62000100002051,62000100002051,1001370000000,1001370000002,-1,0,62,0.019932542,2.1516418,7004,19.237339,58.246883,19.674612,95515,2,6,2,52.23559,3.5286758,415.1473,42,2.1516418,0.04500342,45.34529,51.009697,0.13465656,0.0232392,0.0,0.0,0.16868028,0.0,7.946247E-4,6.0073304E-5,0.0,0.0,3.6810743E-4,0.054467306,0.0,0.0,0.010929347,0.04500342,-16.800087,-17.217743,-17.66656,-18.051643,-19.174953,99.0,99.0,99.0,99.0,99.0,-16.788877,-17.208763,-17.659403,-18.04646,-19.17344,2.8458402,787
1001370000002,1001370000025,1001370000001,1001370000002,61000100002156,61000100002156,1001370000000,1001370000003,-1,0,61,0.041403063,2.1516418,7004,19.230242,58.24763,19.588676,95515,2,6,2,50.00693,1.7093111,416.0046,40,2.1516418,0.044753466,45.471745,49.74117,0.13912065,0.022614,0.0,0.0,0.16484137,0.0,7.8754313E-4,5.6463217E-5,0.0,4.2351647E-22,3.458941E-4,0.06551426,0.0,0.0,0.010648079,0.044753466,-16.898289,-17.293232,-17.728422,-18.105349,-19.21313,99.0,99.0,99.0,99.0,99.0,-16.885395,-17.283016,-17.720325,-18.099487,-19.211414,2.6447833,400
1001370000003,1001370000025,1001370000002,1001370000003,60000100002196,60000100002196,1001370000000,1001370000004,-1,0,60,0.064493395,2.3237731,6981,19.2189,58.23788,19.48431,95295,2,6,2,48.710426,0.59653383,417.98935,40,2.3237731,0.04563522,46.796864,49.749855,0.14472374,0.021829298,0.0,0.0,0.160023,0.0,7.7717035E-4,5.2141702E-5,0.0,0.0,3.1928843E-4,0.08007245,0.0,0.0,0.01025515,0.04563522,-16.983109,-17.354527,-17.774584,-18.140858,-19.220732,99.0,99.0,99.0,99.0,99.0,-16.970253,-17.344387,-17.766567,-18.135054,-19.219023,2.446732,624
1001370000004,1001370000025,1001370000003,1001370000004,59000100002129,59000100002129,1001370000000,1001370000005,-1,0,59,0.08928783,2.4098387,6981,19.202242,58.239754,19.383972,95295,2,6,2,49.285408,-0.9084214,421.0681,42,2.4098387,0.045880266,47.52816,47.780346,0.15184456,0.020832034,0.0,0.0,0.15389945,0.0,7.616978E-4,4.697298E-5,0.0,0.0,2.8744224E-4,0.043420296,0.0,0.0,0.01281664,0.045880266,-16.86596,-17.269142,-17.704481,-18.080534,-19.171412,99.0,99.0,99.0,99.0,99.0,-16.858486,-17.263288,-17.699863,-18.077192,-19.170425,2.2572324,435
1001370000005,1001370000025,1001370000004,1001370000005,58000100002271,58000100002271,1001370000000,1001370000006,-1,0,58,0.11588337,2.065576,6981,19.19273,58.24088,19.276363,95295,2,6,2,46.17721,-0.75466293,417.90958,39,2.065576,0.04325889,45.316135,46.97099,0.15584698,0.020271491,0.0,0.0,0.15045749,0.0,7.519016E-4,4.421778E-5,0.0,0.0,2.7049138E-4,0.11178055,0.0,0.0,0.009687629,0.04325889,-17.236883,-17.557598,-17.946451,-18.296711,-19.34908,99.0,99.0,99.0,99.0,99.0,-17.224453,-17.547615,-17.938484,-18.290924,-19.347364,2.0050306,66
1001370000006,1001370000025,1001370000005,1001370000006,57000100002207,57000100002207,1001370000000,1001370000007,-1,0,57,0.14438343,1.8934448,6981,19.19564,58.235878,19.165281,95295,2,6,2,45.550934,-1.9067365,421.85138,40,1.8934448,0.04167942,44.201344,46.208317,0.16649406,0.018780377,0.0,0.0,0.1413015,0.0,7.222646E-4,3.74086E-5,0.0,0.0,2.2845768E-4,0.13362439,0.0,0.0,0.009489741,0.04167942,-17.305134,-17.607037,-17.982492,-18.32186,-19.345995,99.0,99.0,99.0,99.0,99.0,-17.291855,-17.596548,-17.974192,-18.315826,-19.344173,1.8306193,443
1001370000007,1001370000025,1001370000006,1001370000007,56000100001896,56000100001896,1001370000000,1001370000008,-1,0,56,0.17489761,1.8934448,6981,19.19851,58.244736,19.046534,95295,2,6,2,41.212383,-3.2566178,426.48242,51,1.8934448,0.041306015,44.40068,44.659184,0.17960455,0.016944265,0.0,0.0,0.13002715,0.0,6.7892956E-4,2.9987714E-5,0.0,0.0,1.825761E-4,0.04765841,0.0,0.0,0.015256252,0.041306015,-17.003416,-17.3515,-17.745447,-18.091187,-19.097513,99.0,99.0,99.0,99.0,99.0,-16.999535,-17.348425,-17.743008,-18.089415,-19.096981,1.6804492,162
1001370000008,1001370000025,1001370000007,1001370000008,55000100002404,55000100002404,1001370000000,1001370000009,-1,0,55,0.20754863,1.8073791,6981,19.148333,58.23513,18.915152,95295,2,6,2,39.50306,-5.8663297,427.68698,36,1.8073791,0.04027069,43.93393,47.87284,0.18440694,0.016271695,0.0,0.0,0.12589732,0.0,6.6123257E-4,2.7514254E-5,0.0,0.0,1.6734804E-4,0.15315963,0.0,0.0,0.009766159,0.04027069,-17.481598,-17.723627,-18.051378,-18.359688,-19.298773,99.0,99.0,99.0,99.0,99.0,-17.467924,-17.713057,-18.04308,-18.353601,-19.296783,1.4036394,741
1001370000009,1001370000025,1001370000008,1001370000009,54000100002358,54000100002358,1001370000000,1001370000010,-1,0,54,0.24246909,2.1516418,6981,19.133583,58.241753,18.788507,95295,2,6,2,40.120716,-7.8509383,428.1194,39,2.1516418,0.04222074,46.815754,48.46148,0.20021057,0.014058406,0.0,0.0,0.11230697,0.0,5.9673603E-4,2.0290403E-5,0.0,0.0,1.2257951E-4,0.27840886,0.0,0.0,0.007606173,0.04222074,-17.713697,-17.889557,-18.173798,-18.451204,-19.32035,99.0,99.0,99.0,99.0,99.0,-17.699728,-17.878353,-18.164837,-18.444643,-19.318289,1.2493411,679
1001370000010,1001370000025,1001370000009,1001370000010,53000100002112,53000100002112,1001370000000,1001370000011,-1,0,53,0.2798018,2.4098387,6981,19.13233,58.24176,18.640217,95295,2,6,2,37.171833,-9.869925,429.71268,43,2.4098387,0.043329224,48.90728,53.710697,0.2295397,0.009950888,0.0,0.0,0.08708537,0.0,4.5342298E-4,1.0262463E-5,0.0,-2.1175824E-22,5.9735517E-5,0.1537528,0.0,0.0,0.012180032,0.043329224,-17.186953,-17.360853,-17.63842,-17.903776,-18.708033,99.0,99.0,99.0,99.0,99.0,-17.183855,-17.358406,-17.636478,-17.902367,-18.707598,1.3348665,34
1001370000011,1001370000025,1001370000010,1001370000011,52000100002144,52000100002144,1001370000000,1001370000012,-1,0,52,0.31970343,3.098364,6981,19.127914,58.261703,18.488905,95291,2,6,2,32.489315,-10.503307,429.38666,44,3.098364,0.046508092,53.526882,53.582684,0.24602742,0.007641801,0.0,0.0,0.07290677,0.0,3.603545E-4,6.3270836E-6,0.0,0.0,3.520863E-5,0.13005169,0.0,0.0,0.014001819,0.046508092,-16.983892,-17.127056,-17.38158,-17.63297,-18.392536,99.0,99.0,99.0,99.0,99.0,-16.982338,-17.125826,-17.380604,-17.632265,-18.392323,1.3215593,638
1001370000012,1001370000025,1001370000011,1001370000012,51000100002139,51000100002139,1001370000000,1001370000013,-1,0,51,0.36234027,2.840167,6981,19.103672,58.26287,18.332983,95291,2,6,2,29.069704,-13.330323,429.11557,42,2.840167,0.044543013,52.36633,58.9104,0.26017997,0.005659731,0.0,0.0,0.06073616,0.0,2.7392778E-4,3.8563458E-6,0.0,0.0,1.9786614E-5,0.19293715,0.0,0.0,0.012343659,0.044543013,-16.99257,-17.071356,-17.2902,-17.514233,-18.208103,99.0,99.0,99.0,99.0,99.0,-16.991169,-17.070246,-17.289322,-17.513601,-18.207914,1.3526037,677
1001370000013,1001370000025,1001370000012,1001370000013,50000100002035,50000100002035,1001370000000,1001370000014,-1,0,50,0.40789944,3.442627,6981,19.11002,58.26034,18.170782,95291,2,6,2,23.770527,-13.475354,424.70062,50,3.442627,0.046764806,56.267212,57.94247,0.18383847,0.002684513,0.0,0.101671234,0.042815354,0.0,1.3173572E-4,1.6375801E-6,0.0,1.9262927E-6,5.6806675E-6,0.0,0.0,41.63744,0.017923234,0.03432943,-14.36685,-14.818186,-15.264144,-15.61572,-16.53569,99.0,99.0,99.0,99.0,99.0,-14.366686,-14.81805,-15.264034,-15.615641,-16.535667,2.2708063,22
1001370000014,1001370000025,1001370000013,1001370000014,49000100001959,49000100001959,1001370000000,1001370000015,-1,0,49,0.45657724,2.840167,6981,19.077818,58.25284,17.98474,95291,2,6,2,21.60647,-16.686665,423.3951,51,2.840167,0.04312888,53.21791,53.66396,0.17062815,0.002684513,0.0,0.02405474,0.050675903,0.0,1.3142765E-4,1.6375801E-6,0.0,1.191469E-6,6.723591E-6,0.0,0.0,40.801884,0.018826138,0.021550255,-14.735374,-15.095022,-15.482399,-15.805976,-16.667627,99.0,99.0,99.0,99.0,99.0,-14.735214,-15.094891,-15.482292,-15.805899,-16.667604,1.8970118,66
1001370000015,1001370000025,1001370000014,1001370000015,48000100002086,48000100002086,1001370000000,1001370000016,-1,0,48,0.5085914,2.065576,6981,19.071522,58.251156,17.80648,95291,2,6,1,19.001686,-21.607061,425.3334,47,2.065576,0.038083337,48.29732,51.360844,0.16893645,0.002684513,0.0,0.0,0.060296714,0.0,1.3134263E-4,1.6375801E-6,0.0,0.0,8.000064E-6,0.041579314,0.0,0.0,0.014297986,0.038083337,-15.591086,-15.744491,-16.018183,-16.276943,-17.033337,99.0,99.0,99.0,99.0,99.0,-15.59049,-15.744061,-16.017862,-16.276724,-17.033274,1.5211748,864
1001370000016,1001370000025,1001370000015,1001370000016,47000100002034,47000100002034,1001370000000,1001370000017,-1,0,47,0.5641766,2.065576,6981,19.062513,58.272507,17.616753,95291,2,6,1,16.671942,-23.600494,424.89853,49,2.065576,0.0373368,48.77778,54.530712,0.17358966,0.002032821,0.0,1.08927816E-4,0.05629519,0.0,1.002097E-4,1.1997005E-6,0.0,1.2829701E-8,5.271252E-6,0.00595528,0.0,37.438255,0.017994694,0.00193824,-14.741317,-15.02478,-15.378878,-15.690559,-16.553587,99.0,99.0,99.0,99.0,99.0,-14.7412,-15.024685,-15.378801,-15.690504,-16.55357,1.5706189,95
1001370000017,1001370000025,1001370000016,1001370000017,46000100002203,46000100002203,1001370000000,1001370000018,-1,0,46,0.6235901,2.6680357,6982,19.053326,58.291718,17.421236,95263,2,6,1,8.230845,-34.75316,432.85648,39,2.6680357,0.03980058,53.693424,52.69089,0.17425378,0.0019395765,0.0,0.0,0.05765723,0.0,9.567728E-5,1.1472539E-6,0.0,0.0,5.17314E-6,0.023606276,0.0,0.0,0.010127022,0.03980058,-15.734887,-15.765209,-15.963935,-16.139202,-16.764883,99.0,99.0,99.0,99.0,99.0,-15.734472,-15.764883,-15.963679,-16.139019,-16.76483,1.2606508,777
1001370000018,1001370000025,1001370000017,1001370000018,45000100002296,45000100002296,1001370000000,1001370000019,-1,0,45,0.6871088,1.8934448,6982,19.047544,58.31057,17.213291,95263,2,6,1,3.8832815,-30.345331,427.4223,42,1.8934448,0.034690768,48.449505,51.282433,0.06294751,0.0015715791,0.0,0.028277883,0.041234713,0.0,7.5739335E-5,9.705853E-7,0.0,1.2889076E-6,4.6305463E-6,0.0,0.0,41.085766,0.013510122,0.02981413,-14.421129,-14.752603,-15.109142,-15.401669,-16.184193,99.0,99.0,99.0,99.0,99.0,-14.420888,-14.752403,-15.108981,-15.401551,-16.184158,1.1723745,190
1001370000019,1001370000025,1001370000018,1001370000019,44000100002841,44000100002841,1001370000000,1001370000020,-1,0,44,0.75503564,1.7213135,6982,19.050089,58.33047,17.002308,95263,2,6,1,-1.8511192,-32.010998,426.2732,31,1.7213135,0.032781377,47.521084,56.532433,0.05804082,0.0015715791,0.0,0.005931517,0.050098136,0.0,7.548655E-5,9.705853E-7,0.0,5.4636666E-7,5.6258855E-6,0.013653769,0.0,40.095417,0.005876475,0.014306019,-15.142687,-15.30936,-15.564815,-15.813158,-16.53391,99.0,99.0,99.0,99.0,99.0,-15.141236,-15.308177,-15.563863,-15.812468,-16.533709,0.80063045,971
1001370000020,1001370000025,1001370000019,1001370000020,43000100003577,43000100003577,1001370000000,1001370000021,-1,0,43,0.8276991,1.549182,6982,19.057306,58.35761,16.78566,95263,2,6,1,-2.82961,-33.017876,419.80087,25,1.549182,0.030817749,46.49655,50.440636,0.05921489,0.0013627362,0.0,0.0,0.037285134,0.0,6.6281485E-5,7.185986E-7,0.0,0.0,4.637551E-6,0.07324173,0.0,0.0,0.004519028,0.030817749,-15.84449,-15.889123,-16.077702,-16.280092,-16.912922,99.0,99.0,99.0,99.0,99.0,-15.840314,-15.8859215,-16.075209,-16.27831,-16.912355,0.526555,236
1001370000021,1001370000025,1001370000020,1001370000021,42000100002722,42000100002722,1001370000000,1001370000022,-1,0,42,0.9054624,1.3770508,6982,19.071388,58.376255,16.571165,95259,2,6,1,-7.674349,-36.378223,421.85275,33,1.3770508,0.028798528,45.348175,47.846928,0.06706993,2.5874685E-4,0.0,0.0037762024,0.009678428,0.0,1.3433243E-5,2.632132E-8,0.0,1.547402E-8,5.789015E-8,2.0802746E-4,0.0,39.848507,0.007751979,0.010922602,-12.113849,-12.454613,-12.848333,-13.172049,-14.060832,99.0,99.0,99.0,99.0,99.0,-12.113799,-12.454573,-12.848302,-13.172027,-14.060825,1.5942125,12
1001370000022,1001370000025,1001370000021,1001370000022,41000100003084,41000100003084,1001370000000,1001370000023,-1,0,41,0.98870814,1.2909851,6982,19.085308,58.397682,16.360695,95259,2,6,1,-9.2254305,-37.17007,422.4833,31,1.2909851,0.027341781,45.0627,47.084282,0.066828966,2.5566792E-4,0.0,1.2460774E-4,0.011534007,0.0,1.3274581E-5,2.570754E-8,0.0,7.544645E-10,6.983514E-8,0.0,0.0,37.69425,0.012453934,0.0020336052,-12.261485,-12.599271,-12.976401,-13.288558,-14.141661,99.0,99.0,99.0,99.0,99.0,-12.26147,-12.599258,-12.976391,-13.28855,-14.141658,1.2563515,336
1001370000023,1001370000025,1001370000022,1001370000023,40000100003073,40000100003073,1001370000000,1001370000024,-1,0,40,1.0778745,1.3770508,6982,19.101124,58.416256,16.15196,95259,2,6,1,-17.754622,-37.940403,416.50024,29,1.3770508,0.027048012,46.79261,58.177536,0.066604964,2.5566792E-4,0.0,0.004940184,0.014304226,0.0,1.3267898E-5,2.570754E-8,0.0,7.599448E-8,8.660803E-8,0.0,0.0,40.216427,0.014832043,0.013525915,-12.689946,-12.881615,-13.135778,-13.374765,-14.051511,99.0,99.0,99.0,99.0,99.0,-12.689936,-12.881606,-13.135772,-13.374761,-14.051509,0.9082649,24
1001370000024,1001370000025,1001370000023,1001370000024,39000100003653,39000100003653,1001370000000,1001370000025,-1,0,39,1.173417,1.4631164,6982,19.120956,58.424297,15.93365,95259,2,6,1,-18.97332,-38.77023,408.43124,23,1.4631164,0.026670974,48.572445,47.153477,0.06275454,2.5566792E-4,0.0,0.018591693,0.017830204,0.0,1.3242127E-5,2.570754E-8,0.0,8.0417536E-8,1.0795682E-7,0.0018586725,0.0,41.055412,0.006341605,0.02350099,-13.465751,-13.479868,-13.625767,-13.774155,-14.244114,99.0,99.0,99.0,99.0,99.0,-13.465686,-13.479815,-13.625724,-13.774123,-14.244104,0.56886023,448
1001370000025,1001370000025,1001370000024,1001370000025,37000100004292,37000100004292,1001370000000,-1,-1,0,37,1.3857181,1.2049193,7353,19.115273,58.4646,15.535913,81215,2,6,1,-15.082519,-38.63544,396.3227,20,1.2049193,0.023209682,47.251366,47.469044,0.05449547,2.0546274E-4,0.0,1.9274172E-4,0.020420158,0.0,1.0651529E-5,1.618635E-8,0.0,2.1843458E-9,1.4392832E-7,0.016022224,0.0,37.186676,0.004166418,0.0011743197,-14.708667,-14.508569,-14.489364,-14.441255,-14.379653,99.0,99.0,99.0,99.0,99.0,-14.70837,-14.508333,-14.489174,-14.441114,-14.379604,0.040766694,928
