galaxyID,lastProgenitorId,descendantId,haloID,subHaloID,fofID,treeId,firstProgenitorId,nextProgenitorId,type,snapnum,redshift,centralMvir,phkey,x,y,z,zIndex,ix,iy,iz,velX,velY,velZ,np,mvir,rvir,vvir,vmax,coldGas,stellarMass,bulgeMass,hotGas,ejectedMass,blackHoleMass,metalsColdGas,metalsStellarMass,metalsBulgeMass,metalsHotGas,metalsEjectedMass,sfr,sfrBulge,xrayLum,diskRadius,coolingRadius,mag_b,mag_v,mag_r,mag_i,mag_k,mag_bBulge,mag_vBulge,mag_rBulge,mag_iBulge,mag_kBulge,mag_bDust,mag_vDust,mag_rDust,mag_iDust,mag_kDust,massWeightedAge,random
2314000000,2314000019,-1,2314000000,63000000003130,63000000003130,2314000000,2314000001,-1,0,63,0.0,1.8934448,3545,1.8090132,23.851599,21.956518,25889,0,2,2,-169.10765,129.44104,125.13085,32,1.8934448,0.043344166,43.344196,44.718914,0.044442467,0.003552652,0.0,0.031547386,0.026400698,0.0,1.351362E-4,7.5565545E-6,0.0,2.6716061E-6,1.3486585E-5,0.0,0.0,40.86246,0.0056789517,0.033614855,-13.612829,-14.289521,-14.87794,-15.336502,-16.52456,99.0,99.0,99.0,99.0,99.0,-13.60927,-14.286588,-14.8755665,-15.334776,-16.524055,4.873157,515
2314000001,2314000019,2314000000,2314000001,62000000003205,62000000003205,2314000000,2314000002,-1,0,62,0.019932542,1.8934448,3545,1.8374099,23.826975,21.928612,25889,0,2,2,-169.9122,131.9752,127.75878,31,1.8934448,0.043126058,43.453667,43.700886,0.039342057,0.003552652,0.0,0.034698177,0.029135156,0.0,1.347976E-4,7.5565545E-6,0.0,1.6133141E-6,1.4883463E-5,0.0,0.0,40.88661,0.0048285807,0.033401765,-13.688104,-14.349751,-14.928419,-15.38015,-16.554884,99.0,99.0,99.0,99.0,99.0,-13.683046,-14.345582,-14.925046,-15.377697,-16.554167,4.609724,643
2314000002,2314000019,2314000001,2314000002,61000000003164,61000000003164,2314000000,2314000003,-1,0,61,0.041403063,1.2049193,3545,1.8704716,23.793386,21.89823,25889,0,2,2,-169.66919,133.10278,131.69783,32,1.2049193,0.036888357,37.480408,46.138733,0.037095286,0.003552652,0.0,1.772478E-4,0.03232843,0.0,1.3468912E-4,7.5565545E-6,0.0,9.0545605E-8,1.651472E-5,0.0,0.0,37.50249,0.0065045618,0.0029236993,-13.770155,-14.410897,-14.977478,-15.421723,-16.582968,99.0,99.0,99.0,99.0,99.0,-13.767104,-14.408382,-14.975444,-15.420244,-16.582537,4.3338685,717
2314000003,2314000019,2314000002,2314000003,60000000003097,60000000003097,2314000000,2314000004,-1,0,60,0.064493395,1.549182,3545,1.9062415,23.770624,21.868267,25889,0,2,2,-170.32855,134.90608,136.07875,33,1.549182,0.039866034,40.88083,43.63495,0.037091937,0.003552652,0.0,2.0756798E-4,0.036067672,0.0,1.3468739E-4,7.5565545E-6,0.0,1.06034435E-7,1.842488E-5,0.0,0.0,37.665035,0.004837382,0.0032663168,-13.885073,-14.502271,-15.05721,-15.496184,-16.65148,99.0,99.0,99.0,99.0,99.0,-13.87956,-14.497726,-15.053534,-15.493511,-16.650698,4.046017,813
2314000004,2314000019,2314000003,2314000004,59000000003260,59000000003260,2314000000,2314000005,-1,0,59,0.08928783,1.6352477,3544,1.9622489,23.723816,21.840656,25896,0,2,2,-170.62283,135.65118,140.42175,31,1.6352477,0.04031727,41.765354,43.34652,0.037081905,0.003552652,0.0,0.0011232238,0.040458396,0.0,1.3467799E-4,7.5565545E-6,0.0,5.5506354E-7,2.066785E-5,0.0033716946,0.0,38.738724,0.0045405845,0.0073982216,-14.205757,-14.729086,-15.240991,-15.657479,-16.786867,99.0,99.0,99.0,99.0,99.0,-14.199118,-14.723727,-15.236698,-15.6543665,-16.785961,3.7466998,422
2314000005,2314000019,2314000004,2314000005,58000000003351,58000000003351,2314000000,2314000006,-1,0,58,0.11588337,1.549182,3544,2.0116613,23.685106,21.80971,25896,0,2,2,-168.83029,136.1256,144.59926,30,1.549182,0.03930331,41.172443,41.958977,0.037374184,0.0035091247,0.0,2.4794094E-4,0.03936246,0.0,1.334984E-4,7.399828E-6,0.0,1.2686885E-7,2.0141371E-5,0.0,0.0,37.80543,0.006004751,0.003592734,-14.105939,-14.699444,-15.242382,-15.675402,-16.85117,99.0,99.0,99.0,99.0,99.0,-14.102333,-14.696471,-15.239978,-15.673653,-16.850658,3.4809167,12
2314000006,2314000019,2314000005,2314000006,57000000003289,57000000003289,2314000000,2314000007,-1,0,57,0.14438343,1.2049193,3544,2.0378516,23.676981,21.75962,25896,0,2,2,-169.7978,139.52339,148.18898,31,1.2049193,0.035850078,38.019283,42.882675,0.0373679,0.0035091247,0.0,2.932061E-4,0.044635978,0.0,1.3349518E-4,7.399828E-6,0.0,1.5003059E-7,2.2839777E-5,0.0,0.0,37.875267,0.007432317,0.0037692015,-14.401667,-14.962132,-15.483612,-15.902767,-17.073412,99.0,99.0,99.0,99.0,99.0,-14.399313,-14.960192,-15.482042,-15.901627,-17.073078,3.1603296,707
2314000007,2314000019,2314000006,2314000007,56000000003432,56000000003432,2314000000,2314000008,-1,0,56,0.17489761,1.7213135,3544,2.082661,23.620981,21.734272,25896,0,2,2,-171.10641,141.28876,152.88438,29,1.7213135,0.040014345,43.01224,43.734516,0.0373434,0.0035091247,0.0,0.0023247213,0.05089006,0.0,1.3348264E-4,7.399828E-6,0.0,7.0077613E-6,2.6039928E-5,0.0,0.0,39.685734,0.007173977,0.020590337,-14.619178,-15.079291,-15.533335,-15.9108305,-16.968502,99.0,99.0,99.0,99.0,99.0,-14.616653,-15.077209,-15.5316515,-15.909607,-16.968143,2.8301003,19
2314000008,2314000019,2314000007,2314000008,55000000003365,55000000003365,2314000000,2314000009,-1,0,55,0.20754863,1.8934448,3544,2.139669,23.579906,21.68182,25896,0,2,2,-169.40442,143.62035,157.75667,29,1.8934448,0.04090002,44.62051,45.098072,0.035717152,0.0035091247,0.0,0.01665093,0.058334164,0.0,1.3245406E-4,7.399828E-6,0.0,4.227303E-6,2.9849001E-5,0.0,0.0,40.554195,0.0068522086,0.026840214,-15.037993,-15.389344,-15.780383,-16.13604,-17.160934,99.0,99.0,99.0,99.0,99.0,-15.035346,-15.387162,-15.778618,-16.134756,-17.160559,2.4909446,990
2314000009,2314000019,2314000008,2314000009,54000000003531,54000000003531,2314000000,2314000010,-1,0,54,0.24246909,1.7213135,3544,2.2066653,23.531813,21.621338,25896,0,2,2,-172.19809,145.30632,164.78212,27,1.7213135,0.039194267,43.459896,44.683025,0.034454606,0.0035091247,0.0,0.0,0.06722801,0.0,1.3213047E-4,7.399828E-6,0.0,0.0,3.439989E-5,0.09957691,0.0,0.0,0.0025084228,0.039194267,-16.26226,-16.416126,-16.692814,-16.977493,-17.901781,99.0,99.0,99.0,99.0,99.0,-16.220285,-16.38263,-16.665953,-16.95739,-17.894705,2.143652,263
2314000010,2314000019,2314000009,2314000010,53000000003646,53000000003646,2314000000,2314000011,-1,0,53,0.2798018,1.8073791,3544,2.2540898,23.47921,21.567076,25896,0,2,2,-170.78564,149.48357,170.29646,27,1.8073791,0.039367214,44.43521,47.59476,0.044078607,0.0020400127,0.0,0.036351148,0.024895765,0.0,8.467704E-5,3.3322358E-6,0.0,1.9150973E-6,6.684118E-6,5.273415E-5,0.0,41.071625,0.005174167,0.03632034,-13.387253,-13.991176,-14.538476,-14.967208,-16.099386,99.0,99.0,99.0,99.0,99.0,-13.384931,-13.989369,-14.537047,-14.966178,-16.099085,3.1933234,294
2314000011,2314000019,2314000010,2314000011,52000000003519,52000000003519,2314000000,2314000012,-1,0,52,0.31970343,1.7213135,3361,2.3083572,23.42729,21.506836,25018,0,2,2,-169.39807,151.86018,175.34212,28,1.7213135,0.03823294,44.00288,49.83272,0.03439305,0.0020392209,0.0,0.033979293,0.028890884,0.0,8.419948E-5,3.3307151E-6,0.0,1.2561969E-6,7.780423E-6,0.0,0.0,40.999176,0.0051019276,0.033333804,-13.460661,-14.069014,-14.613382,-15.038703,-16.162518,99.0,99.0,99.0,99.0,99.0,-13.458127,-14.066924,-14.611692,-15.037474,-16.162157,2.833633,632
2314000012,2314000019,2314000011,2314000012,51000000003872,51000000003872,2314000000,2314000013,-1,0,51,0.36234027,1.3770508,3360,2.3531957,23.3759,21.457556,24990,0,2,2,-167.61992,156.27432,181.56563,25,1.3770508,0.034993034,41.139038,44.50113,0.030517183,0.0020392209,0.0,2.7690642E-4,0.03383414,0.0,8.4049876E-5,3.3307151E-6,0.0,7.457194E-8,9.111662E-6,0.0,0.0,37.907825,0.008834221,0.003289195,-13.592741,-14.183301,-14.717884,-15.137893,-16.253742,99.0,99.0,99.0,99.0,99.0,-13.59187,-14.182584,-14.717303,-15.13747,-16.253618,2.4673595,707
2314000013,2314000019,2314000012,2314000013,50000000003917,50000000003917,2314000000,2314000014,-1,0,50,0.40789944,1.6352477,3360,2.4362762,23.322247,21.378265,24990,0,2,2,-165.92354,158.72435,186.88017,25,1.6352477,0.036488023,43.90223,45.4645,0.02804753,0.0020392209,0.0,0.023094608,0.039834548,0.0,8.3179446E-5,3.3307151E-6,0.0,3.56347E-6,1.0727592E-5,0.0,0.0,40.832645,0.008265964,0.029904723,-13.776224,-14.338789,-14.8581085,-15.268674,-16.370888,99.0,99.0,99.0,99.0,99.0,-13.775163,-14.337914,-14.857401,-15.26816,-16.370739,2.0967593,258
2314000014,2314000019,2314000013,2314000014,49000000003630,49000000003630,2314000000,2314000015,-1,0,49,0.45657724,1.549182,3360,2.4970398,23.257399,21.294794,24990,0,2,2,-164.91318,159.43205,191.57611,28,1.549182,0.035238795,43.482117,43.553802,0.023569627,0.0020392209,0.0,0.012609028,0.04714784,0.0,8.244657E-5,3.3307151E-6,0.0,2.3268653E-6,1.2697089E-5,0.0,0.0,40.44084,0.0063269055,0.021817282,-14.070199,-14.61443,-15.128,-15.539926,-16.68466,99.0,99.0,99.0,99.0,99.0,-14.0681505,-14.612741,-15.126635,-15.538932,-16.68437,1.7229657,215
2314000015,2314000019,2314000014,2314000015,48000000003930,48000000003930,2314000000,2314000016,-1,0,48,0.5085914,0.60245967,3360,2.5464742,23.205853,21.205751,24990,0,2,2,-158.06262,165.6792,198.67867,25,0.60245967,0.025255963,32.029636,38.174927,0.022402177,0.0020392209,0.0,5.026232E-4,0.056098845,0.0,8.222755E-5,3.3307151E-6,0.0,1.3535832E-7,1.5107629E-5,0.0,0.0,38.347374,0.008668088,0.0053994777,-14.337381,-14.7934065,-15.244576,-15.611466,-16.639072,99.0,99.0,99.0,99.0,99.0,-14.336344,-14.792551,-15.243884,-15.610964,-16.638926,1.347128,919
2314000016,2314000019,2314000015,2314000016,47000000003956,47000000003956,2314000000,2314000017,-1,0,47,0.5641766,1.2909851,3360,2.6207929,23.105862,21.140879,24990,0,2,2,-157.6705,167.0339,204.98792,25,1.2909851,0.031922515,41.704414,43.072746,0.022358019,0.0020392209,0.0,6.194108E-4,0.06710054,0.0,8.221564E-5,3.3307151E-6,0.0,1.6680964E-7,1.8070425E-5,0.0,0.0,38.549175,0.006266569,0.005045223,-14.7672415,-15.134326,-15.527754,-15.866041,-16.831438,99.0,99.0,99.0,99.0,99.0,-14.76526,-15.132693,-15.526433,-15.865081,-16.831158,0.97045237,183
2314000017,2314000019,2314000016,2314000017,46000000004151,46000000004151,2314000000,2314000018,-1,0,46,0.6235901,1.2909851,3360,2.71779,23.017664,21.059359,24990,0,2,2,-151.75676,164.95355,209.67322,22,1.2909851,0.031246347,42.15324,41.483486,0.022318901,0.0020392209,0.0,0.0,0.080680914,0.0,8.220511E-5,3.3307151E-6,0.0,0.0,2.1727677E-5,0.050902262,0.0,0.0,0.0020899423,0.031246347,-15.757305,-15.932386,-16.209106,-16.48289,-17.35218,99.0,99.0,99.0,99.0,99.0,-15.738514,-15.916961,-16.196627,-16.473768,-17.34942,0.594162,171
2314000018,2314000019,2314000017,2314000018,45000000004433,45000000004433,2314000000,2314000019,-1,0,45,0.6871088,1.549182,3360,2.7754426,22.955677,20.952782,24990,0,2,2,-149.47241,169.02429,214.47127,22,1.549182,0.0324462,45.314716,49.42188,0.027984744,0.0012457076,0.0,9.696336E-5,0.07580857,0.0,5.66013E-5,1.1257152E-6,0.0,1.862421E-8,7.772638E-6,0.009826769,0.0,37.314857,0.0030599374,0.0018274362,-15.009279,-15.174261,-15.424048,-15.67693,-16.42959,99.0,99.0,99.0,99.0,99.0,-15.00359,-15.169738,-15.420429,-15.674288,-16.42875,0.46488425,235
2314000019,2314000019,2314000018,2314000019,44000000004592,44000000004592,2314000000,-1,-1,0,44,0.75503564,1.6352477,3360,2.8417015,22.876276,20.858767,24990,0,2,2,-145.48645,171.24232,220.82883,21,1.6352477,0.032225654,46.715485,47.52223,0.02906989,0.0010937044,0.0,0.0,0.07520589,0.0,5.0648854E-5,8.4079875E-7,0.0,0.0,6.0737407E-6,0.071504354,0.0,0.0,0.0019899306,0.032225654,-16.052105,-16.077015,-16.257496,-16.452353,-17.092276,99.0,99.0,99.0,99.0,99.0,-16.038551,-16.066092,-16.248709,-16.445864,-17.090057,0.12974451,405
