galaxyID,lastProgenitorId,descendantId,haloID,subHaloID,fofID,treeId,firstProgenitorId,nextProgenitorId,type,snapnum,redshift,centralMvir,phkey,x,y,z,zIndex,ix,iy,iz,velX,velY,velZ,np,mvir,rvir,vvir,vmax,coldGas,stellarMass,bulgeMass,hotGas,ejectedMass,blackHoleMass,metalsColdGas,metalsStellarMass,metalsBulgeMass,metalsHotGas,metalsEjectedMass,sfr,sfrBulge,xrayLum,diskRadius,coolingRadius,mag_b,mag_v,mag_r,mag_i,mag_k,mag_bBulge,mag_vBulge,mag_rBulge,mag_iBulge,mag_kBulge,mag_bDust,mag_vDust,mag_rDust,mag_iDust,mag_kDust,massWeightedAge,random
2824000000,2824000017,-1,2824000000,63000000003671,63000000003671,2824000000,2824000001,-1,0,63,0.0,1.549182,2151,25.264154,22.866264,4.962931,13207,2,2,0,324.6737,4.3645616,197.09772,22,1.549182,0.040539708,40.539734,51.68671,0.049421847,0.003648342,0.0,0.001049586,0.016877785,0.0,1.5379711E-4,5.2819682E-6,0.0,2.4137105E-6,1.1312063E-5,0.0,0.0,39.057194,0.008657772,0.012582357,-13.662742,-14.306893,-14.878464,-15.32244,-16.45042,99.0,99.0,99.0,99.0,99.0,-13.660027,-14.304654,-14.876653,-15.321123,-16.450037,4.47425,797
2824000001,2824000017,2824000000,2824000001,62000000003693,62000000003693,2824000000,2824000002,-1,0,62,0.019932542,1.6352477,2151,25.200655,22.863325,4.9244986,13207,2,2,0,328.03253,5.4730296,196.83603,22,1.6352477,0.041069247,41.38123,51.25747,0.04905336,0.003648342,0.0,0.008613023,0.018625911,0.0,1.5364398E-4,5.2819682E-6,0.0,1.3952018E-6,1.2483713E-5,0.0,0.0,39.96138,0.008263212,0.016808223,-13.729212,-14.36894,-14.936469,-15.377475,-16.50606,99.0,99.0,99.0,99.0,99.0,-13.726253,-14.366501,-14.934496,-15.37604,-16.50564,4.210817,815
2824000002,2824000017,2824000001,2824000002,61000000003743,61000000003743,2824000000,2824000003,-1,0,61,0.041403063,1.4631164,2151,25.137556,22.85712,4.878836,13203,2,2,0,330.60443,6.4926414,195.61525,22,1.4631164,0.03935467,39.986305,53.944828,0.04876018,0.003648342,0.0,1.1333162E-4,0.02066735,0.0,1.5359503E-4,5.2819682E-6,0.0,7.595867E-8,1.38519545E-5,0.0,0.0,37.275307,0.008443601,0.002540197,-13.812072,-14.447728,-15.01136,-15.449352,-16.580786,99.0,99.0,99.0,99.0,99.0,-13.809255,-14.445406,-15.009481,-15.447987,-16.580385,3.9349616,904
2824000003,2824000017,2824000002,2824000003,60000000003965,60000000003965,2824000000,2824000004,-1,0,60,0.064493395,1.4631164,2151,25.06185,22.86396,4.831758,13203,2,2,0,332.95413,8.812154,194.85966,21,1.4631164,0.039113667,40.109306,51.421722,0.048758432,0.003648342,0.0,1.3271434E-4,0.023057818,0.0,1.5359385E-4,5.2819682E-6,0.0,8.894962E-8,1.5454125E-5,0.0,0.0,37.388577,0.006914676,0.002754967,-13.910509,-14.540616,-15.100128,-15.535783,-16.672869,99.0,99.0,99.0,99.0,99.0,-13.90631,-14.537154,-15.097328,-15.533747,-16.672274,3.6471095,341
2824000004,2824000017,2824000003,2824000004,59000000003974,59000000003974,2824000000,2824000005,-1,0,59,0.08928783,1.4631164,2151,24.982552,22.863436,4.786239,13203,2,2,0,335.9356,10.194111,193.85057,21,1.4631164,0.03884987,40.24525,49.43064,0.048756085,0.003648342,0.0,1.5590909E-4,0.025864782,0.0,1.5359228E-4,5.2819682E-6,0.0,1.0449551E-7,1.7335447E-5,0.0,0.0,37.504967,0.006908626,0.0029933052,-14.016255,-14.630264,-15.178737,-15.606777,-16.731342,99.0,99.0,99.0,99.0,99.0,-14.012049,-14.626797,-15.175931,-15.604737,-16.730747,3.3477938,811
2824000005,2824000017,2824000004,2824000005,58000000003995,58000000003995,2824000000,2824000006,-1,0,58,0.11588337,1.3770508,2151,24.898083,22.857843,4.7386928,13203,2,2,0,338.40903,12.351079,192.10794,21,1.3770508,0.037790123,39.58729,48.46987,0.04875291,0.003648342,0.0,1.8376301E-4,0.029171402,0.0,1.5359014E-4,5.2819682E-6,0.0,1.2316414E-7,1.9551651E-5,0.0,0.0,37.6099,0.00665509,0.0032139295,-14.126396,-14.718174,-15.2533245,-15.673457,-16.782255,99.0,99.0,99.0,99.0,99.0,-14.121863,-14.7144375,-15.250301,-15.671259,-16.781612,3.0375388,398
2824000006,2824000017,2824000005,2824000006,57000000004271,57000000004271,2824000000,2824000007,-1,0,57,0.14438343,1.3770508,2151,24.801737,22.849041,4.685583,13203,2,2,0,341.92862,14.434482,191.2961,21,1.3770508,0.037481826,39.749763,51.34442,0.04874858,0.003648342,0.0,2.1732732E-4,0.033079587,0.0,1.5358723E-4,5.2819682E-6,0.0,1.4566007E-7,2.2171049E-5,0.0,0.0,37.733025,0.006592787,0.0035053564,-14.295715,-14.855927,-15.3750725,-15.787932,-16.888367,99.0,99.0,99.0,99.0,99.0,-14.291098,-14.852119,-15.371992,-15.785693,-16.887712,2.7169511,16
2824000007,2824000017,2824000006,2824000007,56000000004268,56000000004268,2824000000,2824000008,-1,0,56,0.17489761,1.3770508,2151,24.704042,22.844831,4.6368103,13203,2,2,0,344.68103,15.892872,188.66986,21,1.3770508,0.037146028,39.929028,50.464787,0.04874302,0.003648342,0.0,0.0,0.037714463,0.0,1.535835E-4,5.2819682E-6,0.0,0.0,2.5277504E-5,0.0065262336,0.0,0.0,0.0060444456,0.037146028,-14.696318,-15.1503105,-15.619187,-16.006632,-17.082262,99.0,99.0,99.0,99.0,99.0,-14.690551,-15.145628,-15.615425,-16.003902,-17.081463,2.3867216,948
2824000008,2824000017,2824000007,2824000008,55000000004044,55000000004044,2824000000,2824000009,-1,0,55,0.20754863,1.6352477,2151,24.601793,22.835669,4.5787024,13203,2,2,0,344.5807,18.4814,183.63358,21,1.6352477,0.038949378,42.49242,51.44467,0.04940027,0.0035562422,0.0,2.6413222E-4,0.03714932,0.0,1.5077664E-4,4.996558E-6,0.0,1.6724472E-7,2.3522418E-5,0.0,0.0,37.925175,0.008778224,0.0039661853,-14.608544,-15.141655,-15.644648,-16.046904,-17.157238,99.0,99.0,99.0,99.0,99.0,-14.605904,-15.139478,-15.642886,-16.045624,-17.156864,2.104838,428
2824000009,2824000017,2824000008,2824000009,54000000004161,54000000004161,2824000000,2824000010,-1,0,54,0.24246909,1.6352477,2151,24.494242,22.830082,4.5141478,13203,2,2,0,350.31555,22.029179,184.3402,22,1.6352477,0.03852983,42.723145,51.87675,0.049391754,0.0035562422,0.0,3.1588366E-4,0.042813234,0.0,1.5077123E-4,4.996558E-6,0.0,2.0001305E-7,2.710873E-5,0.0,0.0,38.060017,0.0062796143,0.0043544048,-14.876893,-15.332359,-15.782824,-16.151316,-17.176159,99.0,99.0,99.0,99.0,99.0,-14.871737,-15.328108,-15.779384,-16.148815,-17.175428,1.7575436,748
2824000010,2824000017,2824000009,2824000010,53000000004289,53000000004289,2824000000,2824000011,-1,0,53,0.2798018,1.6352477,2151,24.374498,22.828232,4.456751,13202,2,2,0,351.0173,24.345173,180.39621,21,1.6352477,0.038075544,42.977257,59.29707,0.049380664,0.0035562422,0.0,0.0,0.049606103,0.0,1.507642E-4,4.996558E-6,0.0,0.0,3.1409876E-5,0.005881772,0.0,0.0,0.00577099,0.038075544,-15.346813,-15.678173,-16.053907,-16.38634,-17.340765,99.0,99.0,99.0,99.0,99.0,-15.34055,-15.673039,-16.049765,-16.383327,-17.33988,1.4029775,898
2824000011,2824000017,2824000010,2824000011,52000000004266,52000000004266,2824000000,2824000012,-1,0,52,0.31970343,1.6352477,2151,24.25242,22.816986,4.393793,13202,2,2,0,352.46747,28.232702,175.75183,21,1.6352477,0.037584797,43.256924,55.81216,0.050011404,0.0034679081,0.0,0.0,0.049063712,0.0,1.4801226E-4,4.731215E-6,0.0,0.0,2.977801E-5,0.07412978,0.0,0.0,0.003911242,0.037584797,-16.208038,-16.381868,-16.66585,-16.945587,-17.822594,99.0,99.0,99.0,99.0,99.0,-16.193233,-16.369785,-16.656107,-16.938478,-17.820442,1.0730017,861
2824000012,2824000017,2824000011,2824000012,51000000004198,51000000004198,2824000000,2824000013,-1,0,51,0.36234027,1.7213135,2151,24.12209,22.817265,4.3429546,13202,2,2,0,353.40466,32.664448,173.80743,22,1.7213135,0.037695102,44.315685,48.182514,0.058078468,0.0023381228,0.0,0.0,0.042126436,0.0,1.08040855E-4,2.055288E-6,0.0,0.0,1.29629525E-5,0.04465939,0.0,0.0,0.005172085,0.037695102,-15.652654,-15.822329,-16.10508,-16.375751,-17.199589,99.0,99.0,99.0,99.0,99.0,-15.647964,-15.818521,-16.10202,-16.37353,-17.198927,1.1312445,251
2824000013,2824000017,2824000012,2824000013,50000000004371,50000000004371,2824000000,2824000014,-1,0,50,0.40789944,1.7213135,2151,23.99089,22.802132,4.2782636,13202,2,2,0,354.10074,35.59268,168.83661,21,1.7213135,0.03711725,44.659313,52.221264,0.062995866,0.0016494454,0.0,0.0,0.03789772,0.0,7.950482E-5,9.932967E-7,0.0,0.0,6.3148314E-6,0.012281019,0.0,0.0,0.0067883083,0.03711725,-14.817582,-15.0587435,-15.382241,-15.668807,-16.483068,99.0,99.0,99.0,99.0,99.0,-14.815832,-15.057358,-15.381141,-15.668015,-16.482836,1.1518514,547
2824000014,2824000017,2824000013,2824000014,49000000004366,49000000004366,2824000000,2824000015,-1,0,49,0.45657724,1.549182,2151,23.845137,22.786346,4.211904,13202,2,2,0,355.42578,41.36461,164.94891,21,1.549182,0.035238795,43.482117,53.91647,0.06435976,0.0014584321,0.0,0.0,0.02589098,0.0,7.106869E-5,7.6810915E-7,0.0,0.0,4.9228097E-6,0.015157448,0.0,0.0,0.006939533,0.035238795,-14.919853,-15.118448,-15.407984,-15.670088,-16.417326,99.0,99.0,99.0,99.0,99.0,-14.918609,-15.117456,-15.407193,-15.6695175,-16.417158,0.90352327,874
2824000015,2824000017,2824000014,2824000015,48000000004403,48000000004403,2824000000,2824000016,-1,0,48,0.5085914,1.4631164,2151,23.691889,22.768719,4.152912,13202,2,2,0,357.15692,47.64747,161.20079,21,1.4631164,0.033948004,43.052887,45.54239,0.0660523,0.0012213904,0.0,0.0,0.024435466,0.0,6.0305083E-5,5.302608E-7,0.0,-1.323489E-23,3.4483717E-6,0.018647209,0.0,0.0,0.0069965185,0.033948004,-14.995522,-15.12795,-15.3636055,-15.591851,-16.256,99.0,99.0,99.0,99.0,99.0,-14.994608,-15.127215,-15.363019,-15.591427,-16.255875,0.6652592,620
2824000016,2824000017,2824000015,2824000016,47000000004419,47000000004419,2824000000,2824000017,-1,0,47,0.5641766,1.4631164,2151,23.535507,22.740007,4.0751657,13202,2,2,0,359.13596,54.33443,157.2788,21,1.4631164,0.03328253,43.481174,51.48825,0.06813918,9.291241E-4,0.0,0.0,0.022640852,0.0,4.659623E-5,2.987644E-7,0.0,0.0,2.0062753E-6,0.027116101,0.0,0.0,0.0069061792,0.03328253,-14.986963,-15.0657625,-15.262293,-15.47118,-16.076862,99.0,99.0,99.0,99.0,99.0,-14.98642,-15.065313,-15.2619295,-15.470916,-16.076786,0.43651447,748
2824000017,2824000017,2824000016,2824000017,45000000003382,45000000003382,2824000000,-1,-1,0,45,0.6871088,1.549182,2200,23.212372,22.665216,3.943426,12763,2,2,0,359.9346,72.40643,147.06259,22,1.549182,0.0324462,45.314716,47.214798,0.0739727,8.184337E-5,0.0,0.009790903,0.0092052715,0.0,4.287619E-6,1.7769277E-9,0.0,1.11082885E-8,7.041933E-9,0.0052910442,0.0,40.19692,0.0070640184,0.015410912,-13.688492,-13.481931,-13.456282,-13.402397,-13.317514,99.0,99.0,99.0,99.0,99.0,-13.688464,-13.481908,-13.4562645,-13.402384,-13.31751,0.03736112,5
