galaxyID,lastProgenitorId,descendantId,haloID,subHaloID,fofID,treeId,firstProgenitorId,nextProgenitorId,type,snapnum,redshift,centralMvir,phkey,x,y,z,zIndex,ix,iy,iz,velX,velY,velZ,np,mvir,rvir,vvir,vmax,coldGas,stellarMass,bulgeMass,hotGas,ejectedMass,blackHoleMass,metalsColdGas,metalsStellarMass,metalsBulgeMass,metalsHotGas,metalsEjectedMass,sfr,sfrBulge,xrayLum,diskRadius,coolingRadius,mag_b,mag_v,mag_r,mag_i,mag_k,mag_bBulge,mag_vBulge,mag_rBulge,mag_iBulge,mag_kBulge,mag_bDust,mag_vDust,mag_rDust,mag_iDust,mag_kDust,massWeightedAge,random
4000188000000,4000188000056,-1,4000188000000,63000400000621,63000400000621,4000188000000,4000188000001,-1,0,63,0.0,22.032812,16593,51.408524,31.016005,32.045437,177362,5,3,3,-97.78638,-19.208042,-135.7386,408,22.032812,0.09822071,98.22078,107.164734,0.67187387,0.6522389,0.02812561,0.0076170755,3.1717741,3.5143085E-4,0.012214912,0.00630575,1.0005571E-4,7.8198274E-5,0.027250597,0.6381833,0.0,0.0,0.017506596,0.010028386,-19.620543,-20.14827,-20.684372,-21.162277,-22.539164,-14.946982,-15.70094,-16.351286,-16.871618,-18.137405,-19.518768,-20.077402,-20.630991,-21.124353,-22.527842,5.272977,702
4000188000001,4000188000056,4000188000000,4000188000001,62000400000610,62000400000610,4000188000000,4000188000002,-1,0,62,0.019932542,22.032812,16593,51.4232,31.024523,32.072197,177362,5,3,3,-97.290245,-16.007318,-138.54813,390,22.032812,0.097726464,98.46884,107.40021,0.7218235,0.64524347,0.02812561,0.0060433233,3.2198226,3.5143085E-4,0.012741969,0.006180532,1.0005571E-4,6.227603E-5,0.02728836,1.0475565,0.0,0.0,0.01434053,0.008788981,-19.82608,-20.294947,-20.80127,-21.260769,-22.614357,-14.973847,-15.726113,-16.37513,-16.894268,-18.158772,-19.705553,-20.203125,-20.729246,-21.2087,-22.59873,5.0652533,32
4000188000002,4000188000056,4000188000001,4000188000002,61000400000613,61000400000613,4000188000000,4000188000003,-1,0,61,0.041403063,21.344286,16593,51.439377,31.027464,32.10856,177362,5,3,3,-92.7927,-8.383971,-139.80081,374,21.344286,0.09616061,97.703964,108.46019,0.80768085,0.6332192,0.02812561,0.00403316,3.2064302,3.5143085E-4,0.013589829,0.005973586,1.0005571E-4,4.0066137E-5,0.02659079,1.1536199,0.0,0.0,0.015039005,0.007310792,-19.927101,-20.37365,-20.864882,-21.314194,-22.654549,-15.002817,-15.7531595,-16.400696,-16.918495,-18.18175,-19.794405,-20.27381,-20.786709,-21.257332,-22.636917,4.882886,434
4000188000003,4000188000056,4000188000002,4000188000003,60000400000603,60000400000603,4000188000000,4000188000004,-1,0,60,0.064493395,21.172155,16593,51.460045,31.03392,32.141445,177362,5,3,3,-93.51986,-5.9067764,-144.75899,365,21.172155,0.09531412,97.74035,109.24603,0.9063431,0.61940175,0.02812561,0.0,3.1080163,3.5143085E-4,0.014481538,0.005747357,1.0005571E-4,0.0,0.025088435,1.9131751,0.0,0.0,0.0120475,0.09531412,-20.15151,-20.53807,-20.998655,-21.429037,-22.740177,-15.034296,-15.782449,-16.428322,-16.944613,-18.206486,-19.877316,-20.336033,-20.83914,-21.30859,-22.695827,4.7006626,20
4000188000004,4000188000056,4000188000003,4000188000004,59000400000631,59000400000631,4000188000000,4000188000005,-1,0,59,0.08928783,21.000023,16593,51.480217,31.03561,32.176125,177362,5,3,3,-94.22212,-2.8778393,-145.62155,359,21.000023,0.094414026,97.80512,104.95588,1.0764812,0.5955741,0.02812561,0.0,2.903546,3.5143085E-4,0.015839167,0.0053828848,1.0005571E-4,0.0,0.022500277,1.8637193,0.0,0.0,0.014396581,0.094414026,-20.168327,-20.549046,-21.002962,-21.428347,-22.730703,-15.068105,-15.813604,-16.457504,-16.972048,-18.232008,-20.040949,-20.44903,-20.92305,-21.369614,-22.712309,4.5831957,679
4000188000005,4000188000056,4000188000004,4000188000005,58000400000778,58000400000778,4000188000000,4000188000006,-1,0,58,0.11588337,21.172155,16593,51.498787,31.02928,32.20145,177362,5,3,3,-90.48003,-0.45462903,-148.09381,311,21.172155,0.09396873,98.43756,106.09261,1.2315271,0.57151407,0.02812561,0.0,2.6601644,3.5142136E-4,0.016969731,0.0050424985,1.0005571E-4,0.0,0.020775637,2.3373492,0.0,0.0,0.013989739,0.09396873,-20.28453,-20.630867,-21.064829,-21.47861,-22.759321,-15.103648,-15.846083,-16.487669,-17.000166,-18.257645,-20.138824,-20.517214,-20.973686,-21.410824,-22.737047,4.4591694,319
4000188000006,4000188000056,4000188000005,4000188000006,57000400000649,57000400000649,4000188000000,4000188000007,-1,0,57,0.14438343,21.08609,16593,51.532684,31.031233,32.2409,177366,5,3,3,-92.687706,2.3380272,-150.10951,316,21.08609,0.09307566,98.70745,108.61259,1.4541596,0.54033446,0.02812561,0.0,2.4547918,3.5142136E-4,0.018261647,0.00463338,1.0005571E-4,0.0,0.018215591,2.680325,0.0,0.0,0.014771473,0.09307566,-20.33247,-20.646187,-21.058935,-21.457735,-22.703075,-15.141575,-15.880581,-16.5196,-17.02982,-18.284786,-20.21759,-20.553991,-20.984547,-21.402855,-22.685825,4.3863225,420
4000188000007,4000188000056,4000188000006,4000188000007,56000400000773,56000400000773,4000188000000,4000188000008,-1,0,56,0.17489761,20.913958,16593,51.57015,31.036606,32.286896,177366,5,3,3,-96.163765,3.992844,-153.32915,312,20.913958,0.09199011,98.88206,105.01282,1.696735,0.50350446,0.02812561,0.0,2.0544853,3.5140786E-4,0.019423982,0.00419448,1.0005571E-4,0.0,0.015790397,2.6864526,0.0,0.0,0.01709051,0.09199011,-20.305609,-20.60027,-21.000761,-21.391783,-22.62273,-15.183879,-15.9193735,-16.55586,-17.06387,-18.316898,-20.207792,-20.522747,-20.938217,-21.345228,-22.607428,4.3644814,372
4000188000008,4000188000056,4000188000007,4000188000008,55000400000675,55000400000675,4000188000000,4000188000009,-1,0,55,0.20754863,20.397564,16593,51.57447,31.029837,32.328995,177366,5,3,3,-96.98077,2.736374,-154.58797,320,20.397564,0.09033002,98.54692,110.57403,1.967439,0.4655925,0.02812561,0.0,1.7931474,3.514078E-4,0.020381989,0.0037826372,1.0005571E-4,0.0,0.0132184485,4.0560465,0.0,0.0,0.014254072,0.09033002,-20.424246,-20.667887,-21.044838,-21.419397,-22.61415,-15.230133,-15.962011,-16.59596,-17.101597,-18.353367,-20.264002,-20.540812,-20.942034,-21.342075,-22.587334,4.366495,427
4000188000009,4000188000056,4000188000008,4000188000009,54000400000841,54000400000841,4000188000000,4000188000010,-1,0,54,0.24246909,21.344286,16593,51.612732,31.029099,32.3863,177366,5,3,3,-98.70672,4.209628,-157.52669,310,21.344286,0.09071862,100.5918,118.71864,0.6851746,0.40697917,0.02812561,0.6587032,1.4017489,3.5140436E-4,0.008261187,0.0032203498,1.0005571E-4,0.00461576,0.00926371,0.55026335,0.0,42.847485,0.017891932,0.0766235,-19.132158,-19.641945,-20.17651,-20.650185,-21.994555,-15.278668,-16.006365,-16.637379,-17.14051,-18.391653,-19.092808,-19.611738,-20.152529,-20.632616,-21.98904,4.622144,745
4000188000010,4000188000056,4000188000009,4000188000010,53000400000785,53000400000785,4000188000000,4000188000011,-1,0,53,0.2798018,21.602484,16593,51.638924,31.018785,32.441093,177366,5,3,3,-99.52803,4.980511,-159.18684,303,21.602484,0.09000904,101.5965,107.315384,0.62670225,0.39886084,0.02812561,0.6576435,1.4634281,3.5137817E-4,0.007738668,0.0031217937,1.0005571E-4,0.0044489885,0.009624273,0.37135667,0.0,42.83092,0.019332532,0.07262582,-19.053995,-19.603806,-20.152094,-20.630796,-21.987446,-15.330886,-16.054232,-16.682222,-17.183075,-18.434914,-19.01876,-19.577875,-20.131704,-20.615784,-21.982552,4.3581586,878
4000188000011,4000188000056,4000188000010,4000188000011,52000400000791,52000400000791,4000188000000,4000188000012,-1,0,52,0.31970343,20.48363,16593,51.66026,31.011044,32.48865,177366,5,3,3,-99.99747,3.3909767,-154.59586,288,20.48363,0.08728776,100.46083,102.60224,0.5832414,0.39328372,0.02812561,0.38971978,1.5968719,3.5135646E-4,0.0072967173,0.0030523073,1.0005571E-4,0.0039283354,0.010362831,0.539268,0.0,42.54479,0.01607837,0.064462416,-19.209497,-19.724854,-20.253971,-20.718355,-22.056139,-15.387698,-16.106298,-16.730942,-17.229166,-18.48134,-19.171635,-19.695135,-20.230228,-20.700987,-22.050787,4.056556,420
4000188000012,4000188000056,4000188000011,4000188000012,51000400000790,51000400000790,4000188000000,4000188000013,-1,0,51,0.36234027,20.48363,16593,51.693783,31.003984,32.535637,177366,5,3,3,-102.88938,5.8229003,-161.00667,279,20.48363,0.08605985,101.17498,103.5968,0.59168035,0.38506496,0.02812561,0.2857316,1.7063054,3.51342E-4,0.0070117456,0.0029521072,1.0005571E-4,0.0039805206,0.010263253,0.4910393,0.0,42.400696,0.016911702,0.05894454,-19.294647,-19.811384,-20.33509,-20.795279,-22.133993,-15.449937,-16.162676,-16.782831,-17.277052,-18.527342,-19.246145,-19.776413,-20.307783,-20.775087,-22.127184,3.7729402,38
4000188000013,4000188000056,4000188000012,4000188000013,50000400000741,50000400000741,4000188000000,4000188000014,-1,0,50,0.40789944,22.635271,16593,51.74649,31.014967,32.605686,177366,5,3,3,-108.228516,5.182676,-166.60257,295,22.635271,0.08760947,105.41133,107.0984,0.5785034,0.3774928,0.02812561,0.5220625,1.860278,3.5132395E-4,0.0065668477,0.0028649159,1.0005571E-4,0.0038565062,0.01052082,0.6913433,0.0,42.680283,0.013778283,0.057537016,-19.485905,-19.942543,-20.4284,-20.862776,-22.16039,-15.519646,-16.225016,-16.839262,-17.328014,-18.57355,-19.42994,-19.900862,-20.3956,-20.838577,-22.152374,3.474333,302
4000188000014,4000188000056,4000188000013,4000188000014,49000400000896,49000400000896,4000188000000,4000188000015,-1,0,49,0.45657724,21.946747,16593,51.790726,31.01639,32.664856,177367,5,3,3,-113.81552,4.66521,-173.07812,249,21.946747,0.08526621,105.21231,110.07907,0.55180496,0.36674,0.02812561,0.60135925,1.7630119,3.512943E-4,0.0062576965,0.0027437587,1.0005571E-4,0.003488741,0.009484951,0.47519225,0.0,42.770725,0.015640669,0.058274485,-19.595333,-20.0176,-20.473778,-20.891102,-22.167439,-15.596526,-16.291256,-16.897516,-17.37926,-18.617374,-19.557144,-19.988472,-20.450674,-20.87407,-22.161879,3.1970139,138
4000188000015,4000188000056,4000188000014,4000188000015,48000400000778,48000400000778,4000188000000,4000188000016,-1,0,48,0.5085914,22.291008,16593,51.84455,31.016586,32.739002,177367,5,3,3,-119.01807,4.9070683,-186.37396,244,22.291008,0.08415847,106.72985,106.43144,0.5369855,0.3593086,0.02812561,0.3566348,1.9657651,3.512716E-4,0.006060347,0.0026595693,1.0005571E-4,0.0023819883,0.010482122,3.371216,0.0017564677,42.41336,0.009953135,0.04498536,-20.54414,-20.750414,-21.090042,-21.43297,-22.593332,-15.6952505,-16.37077,-16.965319,-17.43847,-18.66808,-20.46008,-20.682724,-21.035173,-21.392017,-22.579573,2.8834603,493
4000188000016,4000188000043,4000188000015,4000188000016,47000400000772,47000400000772,4000188000000,4000188000017,4000188000044,0,47,0.5641766,22.032812,16593,51.90664,31.011305,32.819756,177367,5,3,3,-109.85675,1.9728965,-174.22385,315,22.032812,0.082188934,107.37379,110.87034,0.5653953,0.298775,0.020403145,0.96304286,1.4129456,2.0790244E-4,0.0054885945,0.002156952,8.017486E-5,0.0037718064,0.007105075,0.9828432,0.0,43.17879,0.010267697,0.06438975,-19.479708,-19.867994,-20.32642,-20.743883,-22.018938,-15.199597,-15.900494,-16.509604,-16.993635,-18.240307,-19.406115,-19.810938,-20.281319,-20.710995,-22.008677,2.97769,771
4000188000017,4000188000043,4000188000016,4000188000017,46000400000758,46000400000758,4000188000000,4000188000018,-1,0,46,0.6235901,22.032812,16593,51.966,30.994883,32.92496,177367,5,3,3,-118.55103,13.980305,-194.58336,251,22.032812,0.08044805,108.52935,101.34632,0.44274038,0.2833861,0.020403145,0.9846407,1.4210204,2.0787351E-4,0.004970807,0.0020009237,8.017486E-5,0.0031490007,0.0075347833,0.4906659,0.0,43.17487,0.011115548,0.059893843,-19.21591,-19.704767,-20.21363,-20.655476,-21.963781,-15.26931,-15.964069,-16.56877,-17.050095,-18.299913,-19.163641,-19.663784,-20.180967,-20.631624,-21.956463,2.753569,883
4000188000018,4000188000043,4000188000017,4000188000018,45000400000772,45000400000772,4000188000000,4000188000019,-1,0,45,0.6871088,18.67625,16593,52.006805,30.992512,33.019775,177367,5,3,3,-120.74601,16.872927,-197.77745,230,18.67625,0.07439771,103.90466,100.30303,0.35871464,0.27573708,0.020403145,0.3815967,1.5343723,2.0785275E-4,0.004762668,0.0019070884,8.017486E-5,0.0017299311,0.00844971,0.3391092,0.0,42.61671,0.0118111605,0.045332056,-19.231405,-19.750853,-20.264832,-20.708553,-22.031452,-15.350282,-16.040789,-16.642305,-17.122208,-18.378443,-19.174564,-19.707663,-20.230406,-20.683031,-22.023085,2.4505875,512
4000188000019,4000188000043,4000188000018,4000188000019,44000400000784,44000400000784,4000188000000,4000188000020,-1,0,44,0.75503564,13.942638,16593,52.06013,30.997053,33.116055,177367,5,3,3,-122.46645,12.346832,-201.26968,207,13.942638,0.065834805,95.43654,102.43766,0.36849722,0.2704916,0.020403145,0.0077561145,1.7524954,2.0784672E-4,0.004863101,0.001837037,8.017486E-5,5.4018255E-5,0.009747366,1.0359801,0.0,38.752476,0.007923397,0.010680295,-19.620226,-20.02485,-20.476042,-20.880869,-22.129095,-15.448154,-16.13596,-16.7353,-17.214931,-18.477734,-19.493176,-19.925955,-20.396334,-20.821167,-22.108839,2.122718,902
4000188000020,4000188000043,4000188000019,4000188000020,43000400000736,43000400000736,4000188000000,4000188000021,-1,0,43,0.8276991,13.081982,16592,52.13208,30.973808,33.218353,177395,5,3,3,-118.73417,2.987468,-193.46393,208,13.081982,0.06275639,94.68425,104.54807,0.48164243,0.25464553,0.020403145,0.0038842913,1.7695973,2.0784656E-4,0.005410241,0.0016449537,8.017486E-5,2.932317E-5,0.009348828,1.091142,0.0,0.0,0.009721339,0.0077902568,-19.770796,-20.135216,-20.557228,-20.943825,-22.16779,-15.554729,-16.237452,-16.831558,-17.306465,-18.565088,-19.66594,-20.055893,-20.493532,-20.89541,-22.150074,1.8750048,246
4000188000021,4000188000043,4000188000020,4000188000021,42000400000801,42000400000801,4000188000000,4000188000022,-1,0,42,0.9054624,13.081982,16592,52.19655,30.967945,33.318745,177395,5,3,3,-118.501976,-2.0893812,-188.51794,187,13.081982,0.06099274,96.043434,101.89815,0.5974727,0.23819849,0.020403145,0.0,1.6406599,2.0784618E-4,0.0057611014,0.0014745179,8.017486E-5,0.0,0.00797658,3.189979,0.0,0.0,0.0060050203,0.06099274,-20.2553,-20.510675,-20.87189,-21.220266,-22.369839,-15.670667,-16.345999,-16.932526,-17.399118,-18.652758,-19.990343,-20.301151,-20.702301,-21.092167,-22.324377,1.6290411,864
4000188000022,4000188000043,4000188000021,4000188000022,41000400000979,41000400000979,4000188000000,4000188000023,-1,0,41,0.98870814,13.081982,16592,52.26572,30.96947,33.403473,177395,5,3,3,-112.23415,-6.188851,-181.57187,189,13.081982,0.05916673,97.51422,101.89397,0.26458833,0.19098501,0.020403145,0.13676828,1.3090782,2.07845E-4,0.0030108846,0.0011060964,8.017486E-5,9.2162594E-4,0.0051056757,0.86271316,0.0,42.251476,0.006200386,0.040073074,-19.526611,-19.889057,-20.306797,-20.683151,-21.862772,-15.812555,-16.479994,-17.059753,-17.519537,-18.76964,-19.4159,-19.80249,-20.237133,-20.631145,-21.845345,1.6282713,763
4000188000023,4000188000043,4000188000022,4000188000023,40000400000990,40000400000990,4000188000000,4000188000024,-1,0,40,1.0778745,13.684442,16592,52.327194,30.966663,33.507145,177395,5,3,3,-110.3547,-4.3575463,-176.62341,172,13.684442,0.058151517,100.60116,106.49818,0.32015723,0.17848958,0.020403145,0.17321815,1.3375227,2.0783981E-4,0.0031129308,9.755655E-4,8.017486E-5,6.346647E-4,0.004750784,1.5253515,0.0,42.271557,0.005647911,0.0325386,-19.844746,-20.152634,-20.544256,-20.914658,-22.115614,-15.955199,-16.601948,-17.168612,-17.619108,-18.860191,-19.702175,-20.040312,-20.454294,-20.848064,-22.0941,1.3813511,279
4000188000024,4000188000043,4000188000023,4000188000024,39000400001047,39000400001047,4000188000000,4000188000025,-1,0,39,1.173417,12.651653,16592,52.385895,30.970108,33.60619,177395,5,3,3,-109.00794,-8.987159,-171.58217,153,12.651653,0.05474297,99.69639,112.63335,0.46445635,0.15694764,0.020403145,0.0032133022,1.2164936,2.078372E-4,0.0032308022,7.984403E-4,8.017486E-5,1.2430637E-5,0.004282529,2.51414,0.0,0.0,0.005763946,0.0033199573,-20.065044,-20.301033,-20.633997,-20.95695,-22.018135,-16.124277,-16.74549,-17.296604,-17.736673,-18.968395,-19.964025,-20.220013,-20.569233,-20.909573,-22.00355,1.2062302,946
4000188000025,4000188000043,4000188000024,4000188000025,38000400001033,38000400001033,4000188000000,4000188000026,-1,0,38,1.2758462,11.963128,16592,52.44342,30.964968,33.698143,177395,5,3,3,-104.98164,-12.600254,-163.19623,153,11.963128,0.051822048,99.640305,111.61932,0.7108071,0.12244645,0.020403145,4.8302965E-5,0.8964546,2.078372E-4,0.0027319589,6.1863184E-4,8.017486E-5,1.2238753E-7,0.0031388684,0.6863452,0.0,0.0,0.0064225113,0.051822048,-19.853468,-20.070677,-20.389977,-20.690859,-21.727177,-16.348255,-16.934963,-17.466581,-17.895935,-19.11831,-19.654327,-19.925293,-20.280512,-20.610264,-21.701508,1.1657939,787
4000188000026,4000188000043,4000188000025,4000188000026,37000400001048,37000400001048,4000188000000,4000188000027,-1,0,37,1.3857181,10.155749,16592,52.508892,30.971725,33.77586,177395,5,3,3,-100.949165,-20.201097,-158.45514,148,10.155749,0.047233902,96.16102,102.18197,0.13391301,0.113325976,0.020403145,0.28220072,0.8991485,2.0782337E-4,0.001309446,5.733131E-4,8.017486E-5,6.6040136E-4,0.0034464726,2.7933137,0.0036769111,42.831623,0.0059441263,0.047163326,-19.461111,-19.763416,-20.121897,-20.465904,-21.575827,-16.637663,-17.165668,-17.664434,-18.076946,-19.284857,-19.418362,-19.729174,-20.09456,-20.446012,-21.569862,0.93484044,528
4000188000027,4000188000036,4000188000026,4000188000027,36000400001145,36000400001145,4000188000000,4000188000028,4000188000037,0,36,1.5036365,8.262304,16592,52.58266,30.995987,33.86654,177395,5,3,3,-108.81043,-11.976124,-144.27946,121,8.262304,0.042364784,91.58368,96.00252,0.30025777,0.057149626,0.0,0.0,0.8085496,0.0,0.0018772746,2.4276858E-4,0.0,0.0,0.0013901553,1.3302817,0.0,0.0,0.0055187447,0.042364784,-19.358854,-19.549055,-19.842665,-20.135267,-21.107538,99.0,99.0,99.0,99.0,99.0,-19.30512,-19.504799,-19.806847,-20.109146,-21.099833,0.8255039,635
4000188000028,4000188000036,4000188000027,4000188000028,35000400001216,35000400001216,4000188000000,4000188000029,-1,0,35,1.6302707,8.434436,16592,52.652195,31.001253,33.93392,177395,5,3,3,-105.481705,-17.90541,-136.68861,109,8.434436,0.040906586,94.16757,91.52786,0.20825739,0.040741745,0.0,0.2091585,0.7058498,0.0,0.0012855489,1.6206659E-4,0.0,3.1633064E-4,8.438641E-4,0.8130467,0.0,42.797226,0.00452794,0.038887244,-19.016153,-19.200085,-19.488731,-19.775217,-20.724874,99.0,99.0,99.0,99.0,99.0,-18.874802,-19.086397,-19.396923,-19.70578,-20.701475,0.79736257,14
4000188000029,4000188000036,4000188000028,4000188000029,34000400001244,34000400001244,4000188000000,4000188000030,-1,0,34,1.766336,7.3155823,16592,52.732693,31.008394,34.014385,177395,5,3,3,-104.56207,-25.29052,-131.46971,100,7.3155823,0.037341546,91.79061,96.647026,0.2131595,0.03112876,0.0,0.09821929,0.63790315,0.0,0.0010836375,1.0752017E-4,0.0,1.7932388E-4,6.708604E-4,0.9005721,0.0,42.473858,0.004560013,0.03417812,-18.974085,-19.124872,-19.389006,-19.662525,-20.578482,99.0,99.0,99.0,99.0,99.0,-18.90873,-19.072378,-19.347223,-19.63188,-20.569304,0.71540856,141
4000188000030,4000188000036,4000188000029,4000188000030,33000400001272,33000400001272,4000188000000,4000188000031,-1,0,33,1.9126327,6.971319,16599,52.78895,31.040977,34.076725,177402,5,3,3,-106.14379,-30.259947,-126.2074,94,6.971319,0.03510998,92.408554,108.28836,0.22561213,0.020954069,0.0,0.17240267,0.50352365,0.0,7.7413896E-4,6.520372E-5,0.0,1.9218473E-4,3.8753304E-4,0.8557882,0.0,42.795967,0.004404107,0.03474641,-18.830551,-18.923063,-19.149717,-19.389547,-20.246931,99.0,99.0,99.0,99.0,99.0,-18.784874,-18.887466,-19.122238,-19.36978,-20.241467,0.7242326,400
4000188000031,4000188000036,4000188000030,4000188000031,32000400001424,32000400001424,4000188000000,4000188000032,-1,0,32,2.0700274,6.540991,16599,52.8576,31.078917,34.131996,177402,5,3,3,-109.30181,-36.75534,-118.05208,78,6.540991,0.03278368,92.63239,102.65114,0.16998039,0.011744123,0.0,0.32901552,0.33291963,0.0,3.902214E-4,4.0080915E-5,0.0,1.4219276E-4,2.5114417E-4,0.2458586,0.0,43.060448,0.005038327,0.030933455,-17.771011,-17.87706,-18.121798,-18.360716,-19.234083,99.0,99.0,99.0,99.0,99.0,-17.74848,-17.860645,-18.109758,-18.352386,-19.232006,0.93897533,548
4000188000032,4000188000036,4000188000031,4000188000032,31000400001415,31000400001415,4000188000000,4000188000033,-1,0,31,2.2394855,3.9590209,16599,52.891296,31.103367,34.196564,177406,5,3,3,-105.99255,-35.374626,-120.824905,74,3.9590209,0.026404465,80.30178,82.82303,0.11308406,0.009231247,0.0,0.026199639,0.24834496,0.0,2.70867E-4,3.419289E-5,0.0,2.3729583E-5,2.452525E-4,0.0,0.0,41.733253,0.008771844,0.020229377,-16.323492,-16.725697,-17.13462,-17.48598,-18.554312,99.0,99.0,99.0,99.0,99.0,-16.321976,-16.724447,-17.13361,-17.485245,-18.554098,0.9233416,62
4000188000033,4000188000036,4000188000032,4000188000033,29000400003556,29000400003556,4000188000000,4000188000034,-1,0,29,2.6188614,1.032788,16599,52.940914,31.006783,34.436157,177406,5,3,3,-51.93342,-28.809523,-117.25113,22,1.032788,0.015219939,54.02181,55.244335,0.023825318,0.009231247,0.0,0.0,0.1306356,0.0,2.3012249E-4,3.419289E-5,0.0,0.0,2.2153958E-4,0.2806056,0.0,0.0,0.0013742883,0.015219939,-17.376192,-17.552011,-17.834919,-18.128468,-19.106459,99.0,99.0,99.0,99.0,99.0,-17.238325,-17.437925,-17.74232,-18.060871,-19.086567,0.47116083,917
4000188000034,4000188000036,4000188000033,4000188000034,27000400003665,27000400003665,4000188000000,4000188000035,-1,0,27,3.060419,1.2049193,16599,53.124992,31.155924,34.459293,177406,5,3,3,-104.25333,-33.548317,-114.58604,20,1.2049193,0.014363777,60.064053,70.04201,0.057249233,0.004550256,0.0,0.0,0.10189269,0.0,1.8898993E-4,6.8187624E-6,0.0,0.0,4.367841E-5,0.19472827,0.0,0.0,0.0030409282,0.014363777,-17.096497,-17.21059,-17.44379,-17.692818,-18.501244,99.0,99.0,99.0,99.0,99.0,-17.065811,-17.186127,-17.423986,-17.67777,-18.495504,0.29944497,86
4000188000035,4000188000036,4000188000034,4000188000035,25000400002624,25000400002624,4000188000000,4000188000036,-1,0,25,3.575905,1.3770508,16599,53.24377,31.199842,34.608814,177406,5,3,3,-95.93561,-32.91021,-105.37171,25,1.3770508,0.013383702,66.5207,68.13106,0.07637689,0.0017002361,0.0,0.01824365,0.071617365,0.0,8.302012E-5,9.098983E-7,0.0,1.7504326E-6,3.8056562E-6,0.15690017,0.0,41.696754,0.0038201034,0.010984452,-16.743458,-16.748499,-16.906431,-17.076569,-17.592615,99.0,99.0,99.0,99.0,99.0,-16.740389,-16.745972,-16.904385,-17.075033,-17.59211,0.123620644,502
4000188000036,4000188000036,4000188000035,4000188000036,24000400002747,24000400002747,4000188000000,-1,-1,0,24,3.8656828,1.032788,16599,53.311813,31.216244,34.670895,177406,5,3,3,-94.59463,-26.15721,-109.56156,21,1.032788,0.011455249,62.269203,67.9194,0.07985189,6.6658703E-4,0.0,0.0042883777,0.036253966,0.0,3.4084398E-5,1.3985544E-7,0.0,1.514576E-7,7.0781795E-7,0.1088351,0.0,40.53494,0.002854629,0.004330504,-16.826857,-16.750666,-16.81668,-16.875828,-17.03788,99.0,99.0,99.0,99.0,99.0,-16.825602,-16.749592,-16.81578,-16.87511,-17.037579,0.031848304,657
4000188000037,4000188000043,4000188000026,4000188000027,36000400001145,36000400001145,4000188000000,4000188000038,-1,2,36,1.5036365,8.262304,16592,52.581245,31.003483,33.84906,177395,5,3,3,-120.8557,0.3390791,-199.2571,49,2.3237731,0.021014921,68.96091,70.30822,0.04771737,0.020355994,0.0,0.0,0.0,0.0,4.8935605E-4,7.96907E-5,0.0,0.0,0.0,0.05159791,0.0,0.0,0.0032095213,0.021014921,-17.097069,-17.51318,-17.953709,-18.334362,-19.49963,99.0,99.0,99.0,99.0,99.0,-16.929781,-17.378296,-17.845102,-18.254778,-19.475521,1.2147774,53
4000188000038,4000188000043,4000188000037,4000188000028,35000400001216,35000400001216,4000188000000,4000188000039,-1,2,35,1.6302707,8.434436,16592,52.65194,30.987965,33.969334,177395,5,3,3,-122.79601,24.102394,-170.41531,49,2.3237731,0.021014921,68.96091,70.30822,0.05226159,0.01971958,0.0,0.0,0.0,0.0,5.0097477E-4,7.339122E-5,0.0,0.0,0.0,0.09168407,0.0,0.0,0.0032095213,0.021014921,-17.399567,-17.736195,-18.119118,-18.457027,-19.509531,99.0,99.0,99.0,99.0,99.0,-17.223278,-17.592113,-18.002516,-18.371521,-19.48373,0.95231056,416
4000188000039,4000188000043,4000188000038,4000188000029,34000400001244,34000400001244,4000188000000,4000188000040,-1,2,34,1.766336,7.3155823,16592,52.72621,30.993002,34.03569,177395,5,3,3,-125.99865,-36.15064,-57.903526,49,2.3237731,0.021014921,68.96091,70.30822,0.060001876,0.018635564,0.0,0.0,0.0,0.0,5.142421E-4,6.35911E-5,0.0,0.0,0.0,0.15887904,0.0,0.0,0.0032095213,0.021014921,-17.694326,-17.952553,-18.280298,-18.584024,-19.551352,99.0,99.0,99.0,99.0,99.0,-17.506775,-17.798756,-18.15446,-18.48977,-19.520525,0.71452165,969
4000188000040,4000188000043,4000188000039,4000188000030,33000400001272,33000400001272,4000188000000,4000188000041,-1,2,33,1.9126327,6.971319,16599,52.800625,31.047867,34.0532,177402,5,3,3,-111.24191,-116.29748,-86.468315,49,2.3237731,0.021014921,68.96091,70.30822,0.072818965,0.01684054,0.0,0.0,0.0,0.0,5.2054034E-4,4.958935E-5,0.0,0.0,0.0,0.26835182,0.0,0.0,0.0032095213,0.021014921,-17.99339,-18.187168,-18.47154,-18.751942,-19.653593,99.0,99.0,99.0,99.0,99.0,-17.81565,-18.040417,-18.351385,-18.662079,-19.624792,0.50339925,427
4000188000041,4000188000043,4000188000040,4000188000031,32000400001424,32000400001424,4000188000000,4000188000042,-1,2,32,2.0700274,6.540991,16599,52.857624,31.09123,34.142323,177402,5,3,3,-80.932205,-2.6568384,-170.47508,49,2.3237731,0.021014921,68.96091,70.30822,0.093440205,0.013952554,0.0,0.0,0.0,0.0,4.9698714E-4,3.1830292E-5,0.0,0.0,0.0,0.44163823,0.0,0.0,0.0032095213,0.021014921,-18.25913,-18.379444,-18.612413,-18.86292,-19.696718,99.0,99.0,99.0,99.0,99.0,-18.126253,-18.271606,-18.52589,-18.799763,-19.678131,0.31991714,994
4000188000042,4000188000043,4000188000041,4000188000032,31000400001415,31000400001415,4000188000000,4000188000043,-1,2,31,2.2394855,3.9590209,16599,52.89944,31.082859,34.22576,177406,5,3,3,-91.65902,-1.141189,-101.263084,49,2.3237731,0.021014921,68.96091,70.30822,0.12567109,0.009438646,0.0,0.0,0.0,0.0,3.9536922E-4,1.3214646E-5,0.0,0.0,0.0,0.70810574,0.0,0.0,0.0032095213,0.021014921,-18.350563,-18.38523,-18.564999,-18.768335,-19.487865,99.0,99.0,99.0,99.0,99.0,-18.243357,-18.301226,-18.499659,-18.721706,-19.474928,0.16380818,51
4000188000043,4000188000043,4000188000042,4000188000037,30000400001827,30000400001827,4000188000000,-1,-1,0,30,2.422044,2.3237731,16599,52.968204,31.106483,34.27546,177406,5,3,3,-119.52236,-48.214012,-111.53122,49,2.3237731,0.021014921,68.96091,70.30822,0.1746026,0.0025858332,0.0,0.0,0.098620646,0.0,1.2859222E-4,7.77927E-7,0.0,0.0,6.7263322E-6,0.282989,0.0,0.0,0.0032095213,0.021014921,-17.805254,-17.645039,-17.667717,-17.66723,-17.799576,99.0,99.0,99.0,99.0,99.0,-17.789326,-17.632177,-17.657387,-17.659624,-17.797142,0.03363593,423
4000188000044,4000188000056,4000188000015,4000188000016,47000400000772,47000400000772,4000188000000,4000188000045,-1,2,47,0.5641766,22.032812,16593,51.87435,31.012836,32.84322,177367,5,3,3,-159.1374,101.29595,-347.51724,20,1.4631164,0.02379017,51.429302,57.851295,0.043933533,0.0076949364,0.0,0.0,0.0,0.0,2.6219463E-4,1.9716124E-5,0.0,0.0,0.0,0.0028637939,0.0,0.0,0.0044298694,0.02379017,-14.880585,-15.468934,-16.010908,-16.445894,-17.629765,99.0,99.0,99.0,99.0,99.0,-14.866366,-15.457443,-16.001678,-16.43919,-17.627789,3.2831383,266
4000188000045,4000188000056,4000188000044,4000188000017,46000400000758,46000400000758,4000188000000,4000188000046,-1,2,46,0.6235901,22.032812,16593,51.958313,30.961462,32.977516,177367,5,3,3,-192.45403,112.06684,-258.3988,20,1.4631164,0.02379017,51.429302,57.851295,0.044253696,0.007650096,0.0,0.0,0.0,0.0,2.6173706E-4,1.9449786E-5,0.0,0.0,0.0,0.0042772265,0.0,0.0,0.0044298694,0.02379017,-15.043721,-15.604353,-16.130253,-16.555454,-17.728764,99.0,99.0,99.0,99.0,99.0,-15.028362,-15.592224,-16.120596,-16.548449,-17.726671,2.9249141,478
4000188000046,4000188000056,4000188000045,4000188000018,45000400000772,45000400000772,4000188000000,4000188000047,-1,2,45,0.6871088,18.67625,16593,52.049866,30.9154,33.08681,177367,5,3,3,-203.72404,87.709854,-213.4885,20,1.4631164,0.02379017,51.429302,57.851295,0.0447298,0.007583419,0.0,0.0,0.0,0.0,2.6102547E-4,1.905819E-5,0.0,0.0,0.0,0.00637207,0.0,0.0,0.0044298694,0.02379017,-15.223442,-15.750675,-16.25771,-16.67203,-17.831005,99.0,99.0,99.0,99.0,99.0,-15.20707,-15.737924,-16.247616,-16.66471,-17.828793,2.574232,708
4000188000047,4000188000056,4000188000046,4000188000019,44000400000784,44000400000784,4000188000000,4000188000048,-1,2,44,0.75503564,13.942638,16593,52.144474,30.88139,33.174545,177367,5,3,3,-182.15015,50.670956,-162.70808,20,1.4631164,0.02379017,51.429302,57.851295,0.04543357,0.0074848547,0.0,0.0,0.0,0.0,2.5990573E-4,1.848898E-5,0.0,0.0,0.0,0.009456152,0.0,0.0,0.0044298694,0.02379017,-15.41452,-15.901044,-16.385166,-16.786942,-17.92793,99.0,99.0,99.0,99.0,99.0,-15.39746,-15.887783,-16.374685,-16.779333,-17.925615,2.233778,726
4000188000048,4000188000056,4000188000047,4000188000020,43000400000736,43000400000736,4000188000000,4000188000049,-1,2,43,0.8276991,13.081982,16592,52.22935,30.864998,33.253475,177395,5,3,3,-156.38118,15.461322,-158.76726,20,1.4631164,0.02379017,51.429302,57.851295,0.046466332,0.007340217,0.0,0.0,0.0,0.0,2.5811847E-4,1.7674192E-5,0.0,0.0,0.0,0.013960306,0.0,0.0,0.0044298694,0.02379017,-15.625016,-16.069197,-16.529398,-16.918129,-18.039896,99.0,99.0,99.0,99.0,99.0,-15.60957,-16.056738,-16.519407,-16.910866,-18.037737,1.906341,504
4000188000049,4000188000056,4000188000048,4000188000021,42000400000801,42000400000801,4000188000000,4000188000050,-1,2,42,0.9054624,13.081982,16592,52.29865,30.861526,33.334564,177395,5,3,3,-120.440765,-2.0803485,-162.77608,20,1.4631164,0.02379017,51.429302,57.851295,0.047968857,0.00712979,0.0,0.0,0.0,0.0,2.5521926E-4,1.6531325E-5,0.0,0.0,0.0,0.020476604,0.0,0.0,0.0044298694,0.02379017,-15.853041,-16.253302,-16.687857,-17.061941,-18.15827,99.0,99.0,99.0,99.0,99.0,-15.838974,-16.241991,-16.6788,-17.055355,-18.156303,1.5946652,76
4000188000050,4000188000056,4000188000049,4000188000022,41000400000979,41000400000979,4000188000000,4000188000051,-1,2,41,0.98870814,13.081982,16592,52.354588,30.867817,33.416786,177395,5,3,3,-91.18247,-29.309845,-154.85558,20,1.4631164,0.02379017,51.429302,57.851295,0.050132852,0.0068267244,0.0,0.0,0.0,0.0,2.5044056E-4,1.4970957E-5,0.0,0.0,0.0,0.02980428,0.0,0.0,0.0044298694,0.02379017,-16.083773,-16.434517,-16.83731,-17.191656,-18.246542,99.0,99.0,99.0,99.0,99.0,-16.061054,-16.417776,-16.82445,-17.182253,-18.243414,1.301368,14
4000188000051,4000188000056,4000188000050,4000188000023,40000400000990,40000400000990,4000188000000,4000188000052,-1,2,40,1.0778745,13.684442,16592,52.388344,30.892164,33.497997,177395,5,3,3,-35.09686,-71.669785,-154.19466,20,1.4631164,0.02379017,51.429302,57.851295,0.053215217,0.0063950424,0.0,0.0,0.0,0.0,2.4245925E-4,1.2915033E-5,0.0,0.0,0.0,0.042999234,0.0,0.0,0.0044298694,0.02379017,-16.303274,-16.600185,-16.964039,-17.292875,-18.282993,99.0,99.0,99.0,99.0,99.0,-16.290388,-16.589926,-16.95587,-17.286917,-18.281172,1.0286549,420
4000188000052,4000188000056,4000188000051,4000188000024,39000400001047,39000400001047,4000188000000,4000188000053,-1,2,39,1.173417,12.651653,16592,52.390892,30.959745,33.594078,177395,5,3,3,8.721799,-186.02843,-226.92268,20,1.4631164,0.02379017,51.429302,57.851295,0.057551283,0.005787781,0.0,0.0,0.0,0.0,2.2903304E-4,1.0334407E-5,0.0,0.0,0.0,0.061424814,0.0,0.0,0.0044298694,0.02379017,-16.512596,-16.747175,-17.06178,-17.355965,-18.252935,99.0,99.0,99.0,99.0,99.0,-16.499449,-16.736752,-17.053497,-17.3499,-18.25104,0.7783023,198
4000188000053,4000188000056,4000188000052,4000188000025,38000400001033,38000400001033,4000188000000,4000188000054,-1,2,38,1.2758462,11.963128,16592,52.401737,31.04124,33.716007,177395,5,3,3,-44.679775,-107.124794,-189.5639,20,1.4631164,0.02379017,51.429302,57.851295,0.063570075,0.0049448553,0.0,0.0,0.0,0.0,2.0646205E-4,7.3089805E-6,0.0,0.0,0.0,0.08680052,0.0,0.0,0.0044298694,0.02379017,-16.675978,-16.840773,-17.103249,-17.364729,-18.185678,99.0,99.0,99.0,99.0,99.0,-16.663752,-16.831114,-17.095589,-17.35912,-18.183914,0.55142736,202
4000188000054,4000188000056,4000188000053,4000188000026,37000400001048,37000400001048,4000188000000,4000188000055,-1,2,37,1.3857181,10.155749,16592,52.431427,31.087255,33.816174,177395,5,3,3,-63.705143,-64.32429,-187.94748,20,1.4631164,0.02379017,51.429302,57.851295,0.071806066,0.003791411,0.0,0.0,0.0,0.0,1.6887211E-4,4.116087E-6,0.0,0.0,0.0,0.12123756,0.0,0.0,0.0044298694,0.02379017,-16.781948,-16.87957,-17.095274,-17.325214,-18.062971,99.0,99.0,99.0,99.0,99.0,-16.775948,-16.874714,-17.091383,-17.322386,-18.062126,0.3485035,621
4000188000055,4000188000056,4000188000054,4000188000038,36000400004149,36000400004149,4000188000000,4000188000056,-1,0,36,1.5036365,1.4631164,16592,52.466583,31.124212,33.925953,177395,5,3,3,-47.76363,-62.891243,-185.65662,20,1.4631164,0.02379017,51.429302,57.851295,0.08290719,0.0022367078,0.0,0.0,0.029824317,0.0,1.07358464E-4,1.3422925E-6,0.0,0.0,9.020706E-6,0.16725789,0.0,0.0,0.0044298694,0.02379017,-16.693167,-16.704748,-16.868889,-17.052263,-17.650446,99.0,99.0,99.0,99.0,99.0,-16.689243,-16.70165,-16.866455,-17.050518,-17.64993,0.16960612,460
4000188000056,4000188000056,4000188000055,4000188000039,35000400004502,35000400004502,4000188000000,-1,-1,0,35,1.6302707,1.4631164,16592,52.48983,31.163803,34.025307,177395,5,3,3,-49.116283,-60.510624,-173.34818,20,1.4631164,0.022813968,52.518097,59.687622,0.0976101,1.7372455E-4,0.0,0.0032554502,0.014150113,0.0,9.081385E-6,6.6670762E-9,0.0,1.5557752E-8,3.97868E-8,0.0146932565,0.0,39.581097,0.0062494795,0.005486749,-14.671797,-14.427012,-14.380163,-14.276954,-14.126839,99.0,99.0,99.0,99.0,99.0,-14.671652,-14.426895,-14.380068,-14.27688,-14.12681,0.034904998,523
