galaxyID,lastProgenitorId,descendantId,haloID,subHaloID,fofID,treeId,firstProgenitorId,nextProgenitorId,type,snapnum,redshift,centralMvir,phkey,x,y,z,zIndex,ix,iy,iz,velX,velY,velZ,np,mvir,rvir,vvir,vmax,coldGas,stellarMass,bulgeMass,hotGas,ejectedMass,blackHoleMass,metalsColdGas,metalsStellarMass,metalsBulgeMass,metalsHotGas,metalsEjectedMass,sfr,sfrBulge,xrayLum,diskRadius,coolingRadius,mag_b,mag_v,mag_r,mag_i,mag_k,mag_bBulge,mag_vBulge,mag_rBulge,mag_iBulge,mag_kBulge,mag_bDust,mag_vDust,mag_rDust,mag_iDust,mag_kDust,massWeightedAge,random
5002695000000,5002695000021,-1,5002695000000,63000500003543,63000500003543,5002695000000,5002695000001,-1,0,63,0.0,1.1188537,21322,49.87524,61.734127,47.8483,259227,5,6,5,306.9269,-88.39731,-268.89124,28,1.1188537,0.03637231,36.372334,43.26649,0.06254962,0.0032975231,0.0,9.881195E-5,0.020015994,0.0,1.472536E-4,3.6551546E-6,0.0,7.3098796E-8,1.4807369E-5,0.0,0.0,37.14287,0.009625091,0.0024388225,-14.148926,-14.720165,-15.245578,-15.658688,-16.755474,99.0,99.0,99.0,99.0,99.0,-14.148083,-14.719471,-15.245016,-15.658279,-16.755356,2.9273167,577
5002695000001,5002695000021,5002695000000,5002695000001,62000500003554,62000500003554,5002695000000,5002695000002,-1,0,62,0.019932542,1.7213135,21322,49.80059,61.752914,47.89759,259230,5,6,5,308.1422,-89.155525,-267.8977,28,1.7213135,0.041777477,42.094837,42.52256,0.06254656,0.0032975231,0.0,6.557864E-4,0.022089155,0.0,1.4725131E-4,3.6551546E-6,0.0,1.8498109E-6,1.6341046E-5,0.0,0.0,38.632534,0.008193656,0.01000122,-14.298191,-14.840325,-15.347178,-15.748285,-16.824108,99.0,99.0,99.0,99.0,99.0,-14.297029,-14.839367,-15.346403,-15.747723,-16.823944,2.663886,76
5002695000002,5002695000021,5002695000001,5002695000002,61000500003569,61000500003569,5002695000000,5002695000003,-1,0,61,0.041403063,1.6352477,21322,49.7399,61.77586,47.94186,259230,5,6,5,307.38663,-89.808556,-265.0813,28,1.6352477,0.04084114,41.496628,44.718945,0.06253035,0.0032975231,0.0,1.3439327E-4,0.024510171,0.0,1.4721071E-4,3.6551546E-6,0.0,9.942103E-8,1.813206E-5,0.0,0.0,37.42855,0.008654278,0.0029375486,-14.485589,-14.985441,-15.466265,-15.852653,-16.900148,99.0,99.0,99.0,99.0,99.0,-14.484547,-14.984582,-15.4655695,-15.852147,-16.9,2.3880293,326
5002695000003,5002695000021,5002695000002,5002695000003,60000500003817,60000500003817,5002695000000,5002695000004,-1,0,60,0.064493395,1.549182,21322,49.670113,61.79539,47.995876,259230,5,6,5,307.8369,-90.82314,-263.67178,25,1.549182,0.039866034,40.88083,41.603687,0.06252805,0.0032975231,0.0,1.5737535E-4,0.027345115,0.0,1.47209E-4,3.6551546E-6,0.0,1.1642266E-7,2.0229285E-5,0.0,0.0,37.528885,0.008376165,0.0031487057,-14.743042,-15.176147,-15.616735,-15.98324,-16.989567,99.0,99.0,99.0,99.0,99.0,-14.74193,-15.175231,-15.6159935,-15.982701,-16.98941,2.1001763,207
5002695000004,5002695000021,5002695000003,5002695000004,59000500004266,59000500004266,5002695000000,5002695000005,-1,0,59,0.08928783,1.4631164,21322,49.584904,61.8194,48.057373,259230,5,6,5,308.08853,-90.58338,-260.4125,23,1.4631164,0.03884987,40.24525,41.79697,0.062525116,0.0032975231,0.0,0.0,0.030673994,0.0,1.4720683E-4,3.6551546E-6,0.0,0.0,2.2691915E-5,0.021019768,0.0,0.0,0.006793572,0.03884987,-15.382665,-15.651176,-15.99991,-16.315638,-17.241774,99.0,99.0,99.0,99.0,99.0,-15.380355,-15.649393,-15.99852,-16.31464,-17.241484,1.8008606,499
5002695000005,5002695000021,5002695000004,5002695000005,58000500004253,58000500004253,5002695000000,5002695000006,-1,0,58,0.11588337,1.549182,21322,49.516975,61.838947,48.12534,259230,5,6,5,304.92822,-90.92446,-253.5498,23,1.549182,0.03930331,41.172443,42.840733,0.06446271,0.0030261646,0.0,0.0,0.029007755,0.0,1.3727555E-4,3.0484666E-6,0.0,0.0,1.8947872E-5,0.025268173,0.0,0.0,0.0066870158,0.03930331,-15.43719,-15.677657,-16.008673,-16.312819,-17.21195,99.0,99.0,99.0,99.0,99.0,-15.435061,-15.676007,-16.007383,-16.311893,-17.211678,1.6377919,305
5002695000006,5002695000021,5002695000005,5002695000006,57000500004164,57000500004164,5002695000000,5002695000007,-1,0,57,0.14438343,1.549182,21322,49.426815,61.867752,48.186947,259230,5,6,5,304.9052,-92.57191,-252.06956,24,1.549182,0.03898267,41.34142,41.795204,0.0668695,0.0026890957,0.0,0.0,0.026938036,0.0,1.2434517E-4,2.3787313E-6,0.0,0.0,1.4807458E-5,0.028434433,0.0,0.0,0.0067634284,0.03898267,-15.415957,-15.637753,-15.957935,-16.25219,-17.123926,99.0,99.0,99.0,99.0,99.0,-15.412176,-15.635062,-15.955946,-16.250795,-17.12351,1.5018003,725
5002695000007,5002695000021,5002695000006,5002695000007,56000500004066,56000500004066,5002695000000,5002695000008,-1,0,56,0.17489761,1.549182,21322,49.34515,61.894,48.259144,259230,5,6,5,305.86093,-94.86974,-250.75606,25,1.549182,0.03863343,41.527863,43.07087,0.069659345,0.0022983826,0.0,0.0,0.024538917,0.0,1.0856141E-4,1.714354E-6,0.0,0.0,1.0691754E-5,0.015150512,0.0,0.0,0.007757968,0.03863343,-15.06714,-15.329575,-15.672252,-15.975636,-16.844194,99.0,99.0,99.0,99.0,99.0,-15.066223,-15.328845,-15.671672,-15.975217,-16.844072,1.3979381,741
5002695000008,5002695000021,5002695000007,5002695000008,55000500004103,55000500004103,5002695000000,5002695000009,-1,0,55,0.20754863,1.2909851,21322,49.226833,61.928783,48.359043,259230,5,6,5,302.9338,-95.07757,-245.2967,25,1.2909851,0.035998113,39.272697,41.344482,0.071186,0.002084575,0.0,0.0,0.023226062,0.0,9.956967E-5,1.3991369E-6,0.0,0.0,8.745701E-6,0.01553134,0.0,0.0,0.008228359,0.035998113,-15.095016,-15.333538,-15.656152,-15.944448,-16.76991,99.0,99.0,99.0,99.0,99.0,-15.0941925,-15.3329,-15.655652,-15.94409,-16.769804,1.1842921,397
5002695000009,5002695000021,5002695000008,5002695000009,54000500004084,54000500004084,5002695000000,5002695000010,-1,0,54,0.24246909,1.7213135,21322,49.13831,61.95351,48.422386,259230,5,6,5,303.91205,-96.28947,-244.17345,25,1.7213135,0.039194267,43.459896,44.0954,0.07278858,0.0018601335,0.0,0.0,0.021847907,0.0,8.987134E-5,1.1046036E-6,0.0,0.0,6.9258417E-6,0.022105193,0.0,0.0,0.0074604405,0.039194267,-15.223681,-15.412079,-15.698121,-15.9606905,-16.721306,99.0,99.0,99.0,99.0,99.0,-15.222942,-15.4115,-15.697663,-15.960362,-16.721209,0.9584139,732
5002695000010,5002695000021,5002695000009,5002695000010,53000500004110,53000500004110,5002695000000,5002695000011,-1,0,53,0.2798018,1.2049193,21322,49.073242,61.979744,48.491203,259230,5,6,5,301.48447,-96.35374,-239.22974,25,1.2049193,0.034390427,38.817734,40.810947,0.07511728,0.0015340033,0.0,0.0,0.013320084,0.0,7.532002E-5,7.418586E-7,0.0,0.0,4.6751743E-6,0.020238202,0.0,0.0,0.008399842,0.034390427,-15.153097,-15.311949,-15.571012,-15.814497,-16.517885,99.0,99.0,99.0,99.0,99.0,-15.152511,-15.311508,-15.570672,-15.814256,-16.517813,0.7687314,404
5002695000011,5002695000021,5002695000010,5002695000011,52000500004037,52000500004037,5002695000000,5002695000012,-1,0,52,0.31970343,1.6352477,21322,48.94261,62.02787,48.605595,259230,5,6,5,299.28354,-96.7004,-234.46193,25,1.6352477,0.037584797,43.256924,44.535313,0.077287525,0.0012300627,0.0,0.0,0.011453783,0.0,6.127866E-5,4.707341E-7,0.0,-1.323489E-23,2.9907628E-6,0.02836215,0.0,0.0,0.007614559,0.037584797,-15.237073,-15.323181,-15.527059,-15.734634,-16.34783,99.0,99.0,99.0,99.0,99.0,-15.23663,-15.322842,-15.526794,-15.734447,-16.347775,0.5520308,314
5002695000012,5002695000021,5002695000011,5002695000012,51000500004020,51000500004020,5002695000000,5002695000013,-1,0,51,0.36234027,1.549182,21322,48.857693,62.05527,48.66555,259230,5,6,5,296.74765,-95.19332,-230.79901,24,1.549182,0.036394224,42.786324,42.891384,0.08037397,7.9780584E-4,0.0,0.0,0.004898807,0.0,4.054347E-5,1.9388142E-7,0.0,0.0,1.2524209E-6,0.025042545,0.0,0.0,0.008147515,0.036394224,-14.96418,-15.001423,-15.172429,-15.359056,-15.911278,99.0,99.0,99.0,99.0,99.0,-14.96395,-15.001248,-15.172295,-15.358962,-15.911251,0.38248554,211
5002695000013,5002695000021,5002695000012,5002695000013,50000500003955,50000500003955,5002695000000,5002695000014,-1,0,50,0.40789944,1.2049193,21321,48.707836,62.109,48.779068,259223,5,6,5,295.21503,-94.91686,-226.32953,24,1.2049193,0.032956555,39.653183,41.29413,0.08313137,4.1163302E-4,0.0,0.0,0.0025275706,0.0,2.1277368E-5,4.9735494E-8,0.0,0.0,3.3779028E-7,0.02646554,0.0,0.0,0.008716445,0.032956555,-14.62952,-14.591664,-14.717469,-14.867266,-15.347561,99.0,99.0,99.0,99.0,99.0,-14.629454,-14.591614,-14.71743,-14.867239,-15.347553,0.1917288,809
5002695000014,5002695000021,5002695000013,5002695000014,49000500003715,49000500003715,5002695000000,5002695000015,-1,0,49,0.45657724,0.86065674,21326,48.588646,62.133858,48.87898,259251,5,6,5,290.85028,-96.602425,-220.6828,27,0.86065674,0.028968781,35.745373,40.64501,0.086070575,0.0,0.0,0.0,0.0,0.0,0.0,0.0,0.0,0.0,0.0,0.0,0.0,0.0,0.01884956,0.028968781,99.0,99.0,99.0,99.0,99.0,99.0,99.0,99.0,99.0,99.0,99.0,99.0,99.0,99.0,99.0,0.0,928
5002695000015,5002695000021,5002695000014,5002695000015,48000500003679,48000500003679,5002695000000,5002695000016,-1,0,48,0.5085914,1.6352477,21326,48.479504,62.173515,48.9193,259251,5,6,5,290.49408,-103.43078,-209.91165,30,1.6352477,0.035230257,44.67904,46.35509,0.085914515,0.0,0.0,0.01062596,0.0,0.0,0.0,0.0,0.0,0.0,0.0,0.0,0.0,40.163475,0.017018775,0.016054563,99.0,99.0,99.0,99.0,99.0,99.0,99.0,99.0,99.0,99.0,99.0,99.0,99.0,99.0,99.0,0.0,835
5002695000016,5002695000021,5002695000015,5002695000016,47000500003716,47000500003716,5002695000000,5002695000017,-1,0,47,0.5641766,0.6885254,21326,48.33514,62.23018,48.96996,259251,5,6,5,288.80496,-104.89126,-206.3616,30,0.6885254,0.025887892,33.82062,37.952503,0.042844296,0.0,0.0,0.0,0.0,0.0,0.0,0.0,0.0,0.0,0.0,0.0,0.0,0.0,0.022616817,0.025887892,99.0,99.0,99.0,99.0,99.0,99.0,99.0,99.0,99.0,99.0,99.0,99.0,99.0,99.0,99.0,0.0,526
5002695000017,5002695000021,5002695000016,5002695000017,46000500003535,46000500003535,5002695000000,5002695000018,-1,0,46,0.6235901,0.86065674,21326,48.2283,62.272076,49.079845,259251,5,6,5,283.922,-105.87489,-197.2708,32,0.86065674,0.027296199,36.824245,42.229916,0.042844296,0.0,0.0,0.0,0.0,0.0,0.0,0.0,0.0,0.0,0.0,0.0,0.0,0.0,0.022288505,0.027296199,99.0,99.0,99.0,99.0,99.0,99.0,99.0,99.0,99.0,99.0,99.0,99.0,99.0,99.0,99.0,0.0,240
5002695000018,5002695000021,5002695000017,5002695000018,45000500004121,45000500004121,5002695000000,5002695000019,-1,0,45,0.6871088,1.2049193,21326,48.112984,62.315926,49.189243,259251,5,6,5,282.49353,-100.87516,-196.90836,25,1.2049193,0.029838867,41.67329,43.70435,0.04208575,0.0,0.0,0.014775215,0.0,0.0,0.0,0.0,0.0,0.0,0.0,0.0,0.0,40.576538,0.012380008,0.019543946,99.0,99.0,99.0,99.0,99.0,99.0,99.0,99.0,99.0,99.0,99.0,99.0,99.0,99.0,99.0,0.0,418
5002695000019,5002695000021,5002695000018,5002695000019,44000500004123,44000500004123,5002695000000,5002695000020,-1,0,44,0.75503564,1.2049193,21326,47.985172,62.356377,49.295364,259251,5,6,5,277.81332,-102.51352,-189.84464,25,1.2049193,0.029106718,42.19416,49.00516,0.037036408,0.0,0.0,0.021507112,0.0,0.0,0.0,0.0,0.0,0.0,0.0,0.0,0.0,40.829117,0.012103466,0.023394017,99.0,99.0,99.0,99.0,99.0,99.0,99.0,99.0,99.0,99.0,99.0,99.0,99.0,99.0,99.0,0.0,739
5002695000020,5002695000021,5002695000019,5002695000020,43000500004349,43000500004349,5002695000000,5002695000021,-1,0,43,0.8276991,0.6885254,21326,47.878044,62.399273,49.4155,259251,5,6,5,271.98343,-104.603935,-182.30685,24,0.6885254,0.023518344,35.48351,39.039635,0.034192316,0.0,0.0,0.0,0.0,0.0,0.0,0.0,0.0,0.0,0.0,0.0,0.0,0.0,0.014889037,0.023518344,99.0,99.0,99.0,99.0,99.0,99.0,99.0,99.0,99.0,99.0,99.0,99.0,99.0,99.0,99.0,0.0,682
5002695000021,5002695000021,5002695000020,5002695000021,42000400003895,42000400003895,5002695000000,-1,-1,0,42,0.9054624,0.9467224,21326,47.70077,62.46831,49.489643,259250,5,6,5,268.65155,-102.854546,-184.48523,21,0.9467224,0.025417209,40.023712,42.53198,0.034131087,0.0,0.0,0.0037811277,0.0,0.0,0.0,0.0,0.0,0.0,0.0,0.0,0.0,39.28371,0.014324313,0.006475825,99.0,99.0,99.0,99.0,99.0,99.0,99.0,99.0,99.0,99.0,99.0,99.0,99.0,99.0,99.0,0.0,354
