galaxyID,lastProgenitorId,descendantId,haloID,subHaloID,fofID,treeId,firstProgenitorId,nextProgenitorId,type,snapnum,redshift,centralMvir,phkey,x,y,z,zIndex,ix,iy,iz,velX,velY,velZ,np,mvir,rvir,vvir,vmax,coldGas,stellarMass,bulgeMass,hotGas,ejectedMass,blackHoleMass,metalsColdGas,metalsStellarMass,metalsBulgeMass,metalsHotGas,metalsEjectedMass,sfr,sfrBulge,xrayLum,diskRadius,coolingRadius,mag_b,mag_v,mag_r,mag_i,mag_k,mag_bBulge,mag_vBulge,mag_rBulge,mag_iBulge,mag_kBulge,mag_bDust,mag_vDust,mag_rDust,mag_iDust,mag_kDust,massWeightedAge,random
5003485000000,5003485000018,-1,5003485000000,63000500004363,63000500004363,5003485000000,5003485000001,-1,0,63,0.0,1.1188537,21654,53.79427,61.112648,40.99749,244957,6,6,4,42.43551,66.281006,-183.91873,21,1.1188537,0.03637231,36.372334,40.30569,0.053914826,0.0037188097,0.0,0.0,0.045191944,0.0,1.5903541E-4,5.093147E-6,0.0,0.0,2.8637307E-5,0.0033495668,0.0,0.0,0.007495515,0.03637231,-14.2978525,-14.795893,-15.2920065,-15.695832,-16.778866,99.0,99.0,99.0,99.0,99.0,-14.295732,-14.794302,-15.29078,-15.694958,-16.778618,3.6711507,476
5003485000001,5003485000018,5003485000000,5003485000001,62000500004395,62000500004395,5003485000000,5003485000002,-1,0,62,0.019932542,1.1188537,21649,53.774403,61.098373,41.03162,244985,6,6,4,42.339314,66.97938,-184.88948,21,1.1188537,0.036189284,36.464195,38.786854,0.054177012,0.003682094,0.0,0.0,0.044966497,0.0,1.5787173E-4,4.9855335E-6,0.0,0.0,2.7976123E-5,0.0030102676,0.0,0.0,0.007545024,0.036189284,-14.319678,-14.825868,-15.324617,-15.728841,-16.813751,99.0,99.0,99.0,99.0,99.0,-14.317804,-14.824408,-15.323467,-15.728014,-16.813513,3.4429858,248
5003485000002,5003485000018,5003485000001,5003485000002,61000500004402,61000500004402,5003485000000,5003485000003,-1,0,61,0.041403063,1.2909851,21649,53.768078,61.083393,41.073048,244985,6,6,4,42.04781,67.513306,-185.26387,21,1.2909851,0.037746534,38.352356,41.489548,0.05442371,0.0036475412,0.0,4.16531E-5,0.04475435,0.0,1.5676807E-4,4.885455E-6,0.0,2.844728E-8,2.7361255E-5,0.0023252312,0.0,36.58051,0.0072850515,0.0015075783,-14.369184,-14.887675,-15.391599,-15.79892,-16.902325,99.0,99.0,99.0,99.0,99.0,-14.36725,-14.886224,-15.390474,-15.798117,-16.902094,3.1984112,885
5003485000003,5003485000018,5003485000002,5003485000003,60000500004529,60000500004529,5003485000000,5003485000004,-1,0,60,0.064493395,1.2909851,21649,53.762848,61.070484,41.115234,244985,6,6,4,41.61619,68.11725,-185.67189,21,1.2909851,0.037515376,38.470333,41.021122,0.054622296,0.0036196907,0.0,1.062507E-4,0.045162737,0.0,1.5587232E-4,4.8056245E-6,0.0,6.9603445E-8,2.7266802E-5,0.0017006374,0.0,37.20975,0.007338746,0.0024022013,-14.467816,-14.978193,-15.472541,-15.872006,-16.961647,99.0,99.0,99.0,99.0,99.0,-14.466206,-14.976907,-15.471516,-15.871264,-16.961432,2.9340332,413
5003485000004,5003485000018,5003485000003,5003485000004,59000500004561,59000500004561,5003485000000,5003485000005,-1,0,59,0.08928783,1.2909851,21649,53.751553,61.054512,41.160183,244985,6,6,4,41.328053,68.8632,-186.19186,21,1.2909851,0.037262358,38.60072,42.189697,0.054772034,0.00359851,0.0,1.4756243E-4,0.047047433,0.0,1.5518673E-4,4.745409E-6,0.0,9.7935626E-8,2.8217552E-5,0.0024616069,0.0,37.417084,0.007292582,0.002804052,-14.6374235,-15.109151,-15.577374,-15.960928,-17.017204,99.0,99.0,99.0,99.0,99.0,-14.635924,-15.107915,-15.576374,-15.960201,-17.016993,2.6510868,256
5003485000005,5003485000018,5003485000004,5003485000005,57000500004645,57000500004645,5003485000000,5003485000006,-1,0,57,0.14438343,1.4631164,21649,53.72023,61.03305,41.265415,244985,6,6,4,40.416325,69.291954,-185.59723,20,1.4631164,0.038246974,40.561207,41.412052,0.055230893,0.0035338944,0.0,0.0,0.048444055,0.0,1.5307785E-4,4.5644283E-6,0.0,0.0,2.8296407E-5,0.028928548,0.0,0.0,0.005649042,0.038246974,-15.54494,-15.793502,-16.131277,-16.444963,-17.383612,99.0,99.0,99.0,99.0,99.0,-15.540795,-15.790345,-16.128836,-16.443207,-17.38308,2.062658,860
5003485000006,5003485000018,5003485000005,5003485000006,56000500004685,56000500004685,5003485000000,5003485000007,-1,0,56,0.17489761,1.2909851,21649,53.70402,61.016376,41.32018,244984,6,6,4,40.106266,69.98334,-186.41992,20,1.2909851,0.036355447,39.079216,39.771915,0.058069214,0.0031363922,0.0,0.0,0.04600324,0.0,1.3951416E-4,3.5403516E-6,0.0,0.0,2.1963035E-5,0.03420359,0.0,0.0,0.005819863,0.036355447,-15.525961,-15.750283,-16.074905,-16.377771,-17.28954,99.0,99.0,99.0,99.0,99.0,-15.521426,-15.746956,-16.072392,-16.375975,-17.28898,1.9721664,413
5003485000007,5003485000018,5003485000006,5003485000007,55000500004590,55000500004590,5003485000000,5003485000008,-1,0,55,0.20754863,1.032788,21649,53.686863,60.99803,41.379402,244984,6,6,4,39.338726,69.03768,-184.49213,21,1.032788,0.033417687,36.457542,38.03731,0.061515775,0.002653703,0.0,0.0,0.043039367,0.0,1.2167777E-4,2.489253E-6,0.0,0.0,1.5445848E-5,0.014326991,0.0,0.0,0.0075868135,0.033417687,-14.996135,-15.293006,-15.663324,-15.989788,-16.926357,99.0,99.0,99.0,99.0,99.0,-14.995134,-15.292212,-15.662693,-15.989332,-16.926224,1.9598206,975
5003485000008,5003485000018,5003485000007,5003485000008,54000500004591,54000500004591,5003485000000,5003485000009,-1,0,54,0.24246909,0.774591,21649,53.674194,60.981876,41.437965,244984,6,6,4,39.067425,69.71787,-185.42209,21,0.774591,0.030034935,33.303726,37.96267,0.062994115,0.0024466652,0.0,0.0,0.041768078,0.0,1.1358001E-4,2.0988257E-6,0.0,0.0,1.3037346E-5,0.013171143,0.0,0.0,0.008363852,0.030034935,-14.961788,-15.25223,-15.615974,-15.935419,-16.849752,99.0,99.0,99.0,99.0,99.0,-14.961003,-15.2516165,-15.615492,-15.935072,-16.84965,1.763302,694
5003485000009,5003485000018,5003485000008,5003485000009,53000500004617,53000500004617,5003485000000,5003485000010,-1,0,53,0.2798018,0.6885254,21649,53.659134,60.960583,41.497417,244984,6,6,4,38.233707,69.80856,-184.67383,21,0.6885254,0.028538091,32.211987,37.264393,0.064381674,0.002252344,0.0,0.0,0.04057488,0.0,1.05746534E-4,1.7648944E-6,0.0,0.0,1.0977303E-5,0.013560297,0.0,0.0,0.008692525,0.028538091,-14.997483,-15.272433,-15.6224165,-15.930028,-16.80946,99.0,99.0,99.0,99.0,99.0,-14.996606,-15.271786,-15.6219225,-15.929676,-16.809355,1.5452402,282
5003485000010,5003485000018,5003485000009,5003485000010,52000500004789,52000500004789,5003485000000,5003485000011,-1,0,52,0.31970343,0.6885254,21649,53.643345,60.937634,41.56213,244984,6,6,4,38.575443,69.478035,-182.6742,20,0.6885254,0.02817027,32.4216,36.90112,0.06583582,0.002048693,0.0,0.0,0.039324384,0.0,9.730068E-5,1.4480568E-6,0.0,0.0,9.021512E-6,0.015907822,0.0,0.0,0.008599124,0.02817027,-15.073348,-15.307633,-15.624387,-15.90693,-16.716091,99.0,99.0,99.0,99.0,99.0,-15.07277,-15.30718,-15.624029,-15.9066725,-16.716013,1.3196149,873
5003485000011,5003485000018,5003485000010,5003485000011,51000500004768,51000500004768,5003485000000,5003485000012,-1,0,51,0.36234027,0.60245967,21649,53.62915,60.915665,41.629784,244984,6,6,4,38.147022,69.52963,-182.2799,20,0.60245967,0.026564864,31.230587,35.518475,0.06756696,0.0018062474,0.0,0.0,0.03783568,0.0,8.693859E-5,1.1141811E-6,0.0,0.0,6.957152E-6,0.016235378,0.0,0.0,0.008977804,0.026564864,-15.130657,-15.324155,-15.610068,-15.877967,-16.653183,99.0,99.0,99.0,99.0,99.0,-15.129838,-15.323559,-15.609616,-15.877647,-16.653086,1.1053706,849
5003485000012,5003485000018,5003485000011,5003485000012,50000500004676,50000500004676,5003485000000,5003485000013,-1,0,50,0.40789944,1.1188537,21649,53.62911,60.86812,41.69191,244984,6,6,4,35.89234,68.48854,-182.23148,21,1.1188537,0.032152414,38.685642,41.957508,0.06935461,0.0015558873,0.0,0.0,0.036298387,0.0,7.589542E-5,8.174356E-7,0.0,-5.293956E-23,5.1202283E-6,0.048490893,0.0,0.0,0.006303223,0.032152414,-15.5559025,-15.650069,-15.877038,-16.104412,-16.797754,99.0,99.0,99.0,99.0,99.0,-15.554849,-15.649262,-15.876411,-16.103966,-16.797615,0.8822365,567
5003485000013,5003485000018,5003485000012,5003485000013,49000500004696,49000500004696,5003485000000,5003485000014,-1,0,49,0.45657724,0.774591,21649,53.59935,60.85211,41.7724,244984,6,6,4,34.396786,67.96952,-180.83495,21,0.774591,0.027969051,34.51178,39.137547,0.07473992,8.016819E-4,0.0,0.0,0.031667292,0.0,4.0646355E-5,2.1267643E-7,0.0,0.0,1.2790302E-6,0.0028778943,0.0,0.0,0.010968622,0.027969051,-13.844313,-14.104472,-14.432773,-14.713158,-15.477089,99.0,99.0,99.0,99.0,99.0,-13.844246,-14.104418,-14.43273,-14.713127,-15.477079,1.1564645,152
5003485000014,5003485000018,5003485000013,5003485000014,48000500004682,48000500004682,5003485000000,5003485000015,-1,0,48,0.5085914,1.4631164,21649,53.59338,60.81794,41.839943,244984,6,6,4,33.895786,67.90409,-180.05392,21,1.4631164,0.033948004,43.052887,44.91063,0.07506128,7.566756E-4,0.0,0.0,0.031390935,0.0,3.8447484E-5,1.8894808E-7,0.0,3.3087225E-24,1.1328922E-6,0.0074371235,0.0,0.0,0.008633711,0.033948004,-14.21996,-14.377203,-14.631787,-14.869381,-15.538369,99.0,99.0,99.0,99.0,99.0,-14.219822,-14.377098,-14.631706,-14.869324,-15.538353,0.8380342,68
5003485000015,5003485000018,5003485000014,5003485000015,47000500004762,47000500004762,5003485000000,5003485000016,-1,0,47,0.5641766,1.4631164,21649,53.583595,60.780125,41.910374,244984,6,6,4,33.636433,67.93688,-179.2706,21,1.4631164,0.03328253,43.481174,46.25208,0.075893596,6.4010994E-4,0.0,0.0,0.030675186,0.0,3.2706113E-5,1.3422408E-7,0.0,0.0,7.9395255E-7,0.011640023,0.0,0.0,0.008381449,0.03328253,-14.384514,-14.457885,-14.648036,-14.844609,-15.410509,99.0,99.0,99.0,99.0,99.0,-14.384424,-14.457813,-14.647979,-14.844568,-15.410497,0.57869023,33
5003485000016,5003485000018,5003485000015,5003485000016,46000500004751,46000500004751,5003485000000,5003485000017,-1,0,46,0.6235901,1.2049193,21649,53.58151,60.742287,41.979733,244984,6,6,4,32.54559,67.29667,-176.14313,21,1.2049193,0.030535955,41.194878,43.094433,0.07719495,4.578568E-4,0.0,0.0,0.029556088,0.0,2.3595845E-5,6.770368E-8,0.0,3.3087225E-24,3.784672E-7,0.0139840655,0.0,0.0,0.008726255,0.030535955,-14.337957,-14.359258,-14.518156,-14.696355,-15.235235,99.0,99.0,99.0,99.0,99.0,-14.337892,-14.359208,-14.518117,-14.696327,-15.235228,0.35563517,724
5003485000017,5003485000018,5003485000016,5003485000017,45000500004792,45000500004792,5003485000000,5003485000018,-1,0,45,0.6871088,1.8073797,21649,53.570755,60.734276,42.091427,244988,5,6,4,34.55364,69.895836,-177.16151,21,1.8073797,0.03415698,47.704014,42.935715,0.0780043,2.398598E-4,0.0,0.022103136,0.02307266,0.0,1.2482453E-5,1.7943286E-8,0.0,7.802704E-8,4.578029E-8,0.015506558,0.0,40.885307,0.0073500182,0.025329422,-14.264429,-14.181571,-14.272586,-14.380596,-14.761175,99.0,99.0,99.0,99.0,99.0,-14.264396,-14.181544,-14.272566,-14.380582,-14.76117,0.12994152,511
5003485000018,5003485000018,5003485000017,5003485000018,44000500004800,44000500004800,5003485000000,-1,-1,0,44,0.75503564,1.2049193,21649,53.544983,60.654915,42.150135,244988,5,6,4,33.372738,69.08454,-174.15369,21,1.2049193,0.029106718,42.19416,43.919384,0.036170717,0.0,0.0,0.022372812,0.0,0.0,0.0,0.0,0.0,0.0,0.0,0.0,0.0,40.801216,0.008376787,0.022898389,99.0,99.0,99.0,99.0,99.0,99.0,99.0,99.0,99.0,99.0,99.0,99.0,99.0,99.0,99.0,0.0,873
