haloID,subHaloID,lastProgenitorId,treeId,snapNum,redshift,firstProgenitorId,nextProgenitorId,descendantId,firstHaloInFOFgroupId,nextHaloInFOFgroupId,np,m_Mean200,m_Crit200,m_TopHat,phKey,x,y,z,zIndex,ix,iy,iz,velX,velY,velZ,velDisp,vMax,spinX,spinY,spinZ,mostBoundID,fileNr,subhaloIndex,halfmassRadius,random
2000285000000,63000200001052,2000285000057,2000285000000,63,0.0,2000285000001,-1,-1,2000285000000,-1,502,48.11071,37.6107,42.94677,9671,32.18787,53.567764,27.888811,125328,3,5,3,-387.93686,636.65533,167.92409,74.3068,144.89117,0.27792603,-0.27303198,-0.13319786,5826958,2,1052,0.052092068,903
2000285000001,62000200001046,2000285000057,2000285000000,62,0.019932542,2000285000002,-1,2000285000000,2000285000001,-1,492,46.30333,37.696762,41.655785,9671,32.256603,53.439125,27.858131,125329,3,5,3,-384.49762,621.50464,161.97186,73.88293,142.97081,0.25779012,-0.31206226,-0.09474549,5826958,2,1046,0.049976476,736
2000285000002,61000200001006,2000285000057,2000285000000,61,0.041403063,2000285000003,-1,2000285000001,2000285000002,-1,501,45.35661,37.18037,41.483654,9671,32.33559,53.310913,27.820707,125329,3,5,3,-378.71942,601.0237,155.76575,73.213745,141.10681,0.37744662,-0.21971597,-0.27934802,5828800,2,1006,0.0479016,868
2000285000003,60000200001035,2000285000057,2000285000000,60,0.064493395,2000285000004,-1,2000285000002,2000285000003,-1,487,44.840214,36.83611,42.000046,9671,32.42687,53.173027,27.793074,125329,3,5,3,-371.29868,579.8767,148.34222,78.62354,149.87936,0.25812754,-0.3165198,-0.022833807,5828818,2,1035,0.04657479,955
2000285000004,59000200001046,2000285000057,2000285000000,59,0.08928783,2000285000005,-1,2000285000003,2000285000004,-1,485,44.92628,36.922173,41.397587,9671,32.51829,53.02921,27.765873,125329,3,5,3,-366.24643,561.99255,142.29344,75.77888,144.30074,0.36963528,-0.27360544,-0.10961888,5828818,2,1046,0.04500064,245
2000285000005,58000200001066,2000285000057,2000285000000,58,0.11588337,2000285000006,-1,2000285000004,2000285000005,-1,474,45.09841,37.52463,41.225456,9671,32.60552,52.889294,27.725998,125329,3,5,3,-354.38794,530.44495,132.3013,75.59605,144.73328,0.3832365,-0.3530582,-0.07007596,5828818,2,1066,0.044724572,134
2000285000006,57000200001080,2000285000057,2000285000000,57,0.14438343,2000285000007,-1,2000285000005,2000285000006,-1,468,43.463165,37.18037,40.795128,9671,32.703587,52.751427,27.691051,125329,3,5,3,-348.92426,515.3102,125.867004,73.63533,140.54971,0.2802075,-0.27749097,-0.10807008,5826958,2,1080,0.047773246,531
2000285000007,56000200001068,2000285000057,2000285000000,56,0.17489761,2000285000008,-1,2000285000006,2000285000007,-1,478,42.60251,36.83611,40.70906,9670,32.803177,52.60718,27.656393,125315,3,5,3,-345.62415,501.68198,121.69296,70.50138,137.62358,0.39088145,-0.38232854,-0.014126879,5826958,2,1068,0.05071041,87
2000285000008,55000200001061,2000285000057,2000285000000,55,0.20754863,2000285000009,-1,2000285000007,2000285000008,-1,467,42.086113,36.40578,40.1066,9670,32.908985,52.459915,27.620415,125315,3,5,3,-334.61908,476.3468,113.138504,75.42841,143.59268,0.33693764,-0.3813184,-0.05656521,5826958,2,1061,0.046056952,662
2000285000009,54000200001053,2000285000057,2000285000000,54,0.24246909,2000285000010,-1,2000285000008,2000285000009,-1,460,41.225456,35.114796,39.76234,9670,33.00888,52.31134,27.57304,125315,3,5,3,-332.4485,464.99063,107.61947,76.644936,145.75505,0.21085955,-0.28125226,0.006318779,5829040,2,1053,0.04233446,132
2000285000010,53000200001093,2000285000057,2000285000000,53,0.2798018,2000285000011,-1,2000285000009,2000285000010,-1,423,40.19267,35.02873,38.213158,9670,33.12401,52.15969,27.546083,125315,3,5,3,-323.88644,445.27118,99.79491,77.39823,141.94623,0.19248983,-0.20446542,-0.13929555,5829040,2,1093,0.039543413,716
2000285000011,52000200001071,2000285000057,2000285000000,52,0.31970343,2000285000012,-1,2000285000010,2000285000011,-1,420,39.93447,34.5984,37.95496,9669,33.232613,52.012592,27.505516,125322,3,5,3,-315.10117,424.13528,91.849144,81.547714,151.83778,0.15705493,-0.23740059,-0.0917829,5829040,2,1071,0.037457168,569
2000285000012,51000200001016,2000285000057,2000285000000,51,0.36234027,2000285000013,-1,2000285000011,2000285000012,-1,438,40.02054,34.25414,37.52463,9669,33.344696,51.85648,27.46892,125322,3,5,3,-309.7736,405.572,83.949135,74.895134,140.70718,0.18627365,-0.25482693,-0.09106531,5828800,2,1016,0.042148776,811
2000285000013,50000200001042,2000285000057,2000285000000,50,0.40789944,2000285000014,-1,2000285000012,2000285000013,-1,419,38.729553,34.16807,36.57791,9669,33.462864,51.691437,27.458284,125320,3,5,3,-303.89902,389.04706,75.52912,72.789345,136.7595,0.027023928,-0.2402552,-0.13462323,5828832,2,1042,0.04718967,353
2000285000014,49000200001021,2000285000057,2000285000000,49,0.45657724,2000285000015,-1,2000285000013,2000285000014,-1,429,38.729553,34.42627,37.18037,9669,33.585945,51.547947,27.414532,125320,3,5,3,-298.4583,375.3322,68.57354,75.16954,141.3469,0.03579839,-0.16472676,-0.16547114,5828514,2,1021,0.0430343,4
2000285000015,48000200001064,2000285000057,2000285000000,48,0.5085914,2000285000016,-1,2000285000014,2000285000015,-1,404,38.299225,33.565613,36.750042,9669,33.708477,51.39028,27.39403,125320,3,5,3,-293.71268,360.47546,60.13222,78.00262,146.90465,-0.06939742,-0.26439452,0.0018454306,5828514,2,1064,0.03833213,457
2000285000016,47000200000998,2000285000057,2000285000000,47,0.5641766,2000285000017,-1,2000285000015,2000285000016,-1,419,38.041027,32.963154,37.18037,9669,33.834347,51.232212,27.365509,125320,3,5,3,-290.43872,347.65823,50.414772,83.61571,149.97693,-0.038444627,-0.35418496,-0.022019114,5828729,2,998,0.034974787,769
2000285000017,46000200000955,2000285000057,2000285000000,46,0.6235901,2000285000018,-1,2000285000016,2000285000017,-1,410,38.299225,33.307415,36.663975,9669,33.96296,51.086273,27.350111,125320,3,5,3,-283.47778,329.83124,38.641273,77.5865,144.31229,-0.024445597,-0.253506,0.034264583,5828832,2,955,0.0375816,733
2000285000018,45000200000926,2000285000057,2000285000000,45,0.6871088,2000285000019,-1,2000285000017,2000285000018,-1,433,37.18037,32.44676,35.889385,9676,34.08657,50.934246,27.33163,125100,3,5,3,-277.2318,319.11462,31.637163,77.55748,142.48074,0.0076101194,-0.19446805,-0.32769066,5828514,2,926,0.04538203,335
2000285000019,44000200000899,2000285000057,2000285000000,44,0.75503564,2000285000020,-1,2000285000018,2000285000019,-1,411,37.696762,32.61889,36.57791,9676,34.218803,50.78392,27.334276,125101,3,5,3,-273.73685,302.31146,22.629662,76.74751,141.92671,0.05896422,-0.27045283,-0.036461588,5828745,2,899,0.039912436,146
2000285000020,43000200000868,2000285000057,2000285000000,43,0.8276991,2000285000021,-1,2000285000019,2000285000020,-1,429,38.815617,33.393482,37.6107,9715,34.355686,50.641342,27.321747,124991,3,5,3,-268.10956,288.98114,10.042016,85.69833,152.9737,-0.09817664,-0.100799605,-0.25257337,5828745,2,868,0.03945805,489
2000285000021,42000200000804,2000285000057,2000285000000,42,0.9054624,2000285000022,-1,2000285000020,2000285000021,-1,468,39.15988,35.286926,38.729553,9715,34.48199,50.493584,27.318756,124991,3,5,3,-268.5523,287.2861,1.7692087,84.00246,144.43967,0.052575305,-0.35585147,-0.3099621,5828745,2,804,0.043543983,662
2000285000022,41000200000795,2000285000057,2000285000000,41,0.98870814,2000285000023,-1,2000285000021,2000285000022,-1,428,38.987747,35.545124,38.38529,9715,34.622845,50.3655,27.321194,124991,3,5,3,-263.95392,274.82895,-9.265686,87.320526,146.2474,-0.18627967,-0.44706172,-0.38077936,5828735,2,795,0.037764926,806
2000285000023,40000200000761,2000285000057,2000285000000,40,1.0778745,2000285000024,-1,2000285000022,2000285000023,-1,436,37.52463,34.082005,37.00824,9715,34.760216,50.228535,27.318876,124991,3,5,3,-259.37573,265.951,-23.044872,86.0782,147.21974,0.031884983,-0.25387764,-0.4160057,5828793,2,761,0.039257072,463
2000285000024,39000200000799,2000285000057,2000285000000,39,1.173417,2000285000025,-1,2000285000023,2000285000024,-1,407,36.147583,32.963154,35.889385,9715,34.8782,50.10307,27.321043,124991,3,5,3,-254.76622,256.3293,-27.984991,83.38314,141.86421,0.15367644,-0.42691568,-0.6253528,5828735,2,799,0.043211058,241
2000285000025,38000200000767,2000285000057,2000285000000,38,1.2758462,2000285000026,-1,2000285000024,2000285000025,-1,415,36.061516,32.18856,36.061516,9715,35.01689,49.97287,27.337164,124991,3,5,3,-239.17159,245.8905,-38.116917,82.956566,139.3364,0.10360856,-0.59261644,-0.5524961,5828833,2,767,0.042349096,250
2000285000026,37000200000722,2000285000057,2000285000000,37,1.3857181,2000285000027,-1,2000285000025,2000285000026,-1,405,33.99594,32.79102,34.16807,9722,35.150326,49.83279,27.367447,125211,3,5,3,-226.92471,240.06512,-39.276802,91.50386,148.84972,-0.0032144624,-0.5070819,-0.50291413,5828800,2,722,0.0370748,420
2000285000027,36000200000746,2000285000057,2000285000000,36,1.5036365,2000285000028,-1,2000285000026,2000285000027,-1,376,32.102497,30.295116,32.36069,9699,35.261154,49.685905,27.396177,125264,3,5,3,-218.1138,232.38033,-45.510426,92.52727,153.36063,0.094236135,-0.4977571,-0.3354863,5828735,2,746,0.031493504,532
2000285000028,35000200000802,2000285000057,2000285000000,35,1.6302707,2000285000029,-1,2000285000027,2000285000028,-1,320,26.25003,24.528717,26.680359,9699,35.406372,49.53729,27.428751,125264,3,5,3,-207.39986,221.10777,-47.072735,90.25386,150.53304,0.017302025,-0.30823395,0.03945154,5828833,2,802,0.028595006,275
2000285000029,34000200000755,2000285000049,2000285000000,34,1.766336,2000285000030,2000285000050,2000285000028,2000285000029,2000285000050,282,22.807404,21.516418,23.495928,9699,35.548916,49.42163,27.453365,125264,3,5,3,-211.45538,219.84871,-48.51444,83.336555,138.4319,-0.309911,-0.2670903,0.025354274,5828737,2,755,0.030733638,844
2000285000030,33000200000733,2000285000049,2000285000000,33,1.9126327,2000285000031,-1,2000285000029,2000285000030,2000285000051,264,17.815594,16.610674,17.987726,9699,35.686237,49.302814,27.461115,125264,3,5,3,-203.27731,210.11206,-51.405285,77.278305,130.98824,-0.3994556,-0.29128596,-0.011987049,5828833,2,733,0.028899089,160
2000285000031,32000200000830,2000285000049,2000285000000,32,2.0700274,2000285000032,-1,2000285000030,2000285000031,-1,214,16.782806,16.352478,16.868872,9699,35.811283,49.208233,27.483746,125264,4,5,3,-205.85287,202.86421,-46.889606,81.492874,133.70526,-0.49474025,-0.055273633,0.13103214,5828791,2,830,0.024137333,734
2000285000032,31000200000832,2000285000049,2000285000000,31,2.2394855,2000285000033,-1,2000285000031,2000285000032,-1,191,15.663952,14.975427,15.922149,9699,35.912167,49.09136,27.52314,125264,4,5,3,-202.80914,188.61656,-49.61095,85.839226,143.90665,-0.47163385,0.0970043,0.04854994,5828801,2,832,0.018471623,555
2000285000033,30000200000852,2000285000049,2000285000000,30,2.422044,2000285000034,-1,2000285000032,2000285000033,-1,169,13.598376,13.426245,14.459033,9699,36.023663,48.974865,27.549496,125264,4,5,3,-198.08522,175.26268,-51.75701,78.79516,132.41232,-0.111157164,0.056734648,-0.07387714,5828791,2,852,0.018112406,238
2000285000034,29000200000824,2000285000049,2000285000000,29,2.6188614,2000285000035,-1,2000285000033,2000285000034,-1,165,12.049194,11.618866,12.479523,9699,36.146797,48.889774,27.581886,125265,4,5,3,-187.63957,172.81094,-51.189865,73.08468,124.75415,-0.3511988,0.029785853,0.07770378,5828791,2,824,0.021139793,676
2000285000035,28000200000785,2000285000049,2000285000000,28,2.8311827,2000285000036,-1,2000285000034,2000285000035,-1,152,11.618866,11.274603,12.479523,9700,36.250885,48.78539,27.621824,125251,4,5,3,-181.86914,161.9156,-49.750107,77.774,135.73776,-0.23612563,0.19958945,0.021958409,5828729,2,785,0.018552538,896
2000285000036,27000200000650,2000285000049,2000285000000,27,3.060419,2000285000037,-1,2000285000035,2000285000036,-1,152,13.081982,12.995916,13.340179,9700,36.329906,48.688698,27.645916,125251,4,5,3,-170.05266,153.73991,-51.09744,82.96284,137.99893,-0.29989824,0.19552301,-0.02520885,5828750,2,650,0.01528142,918
2000285000037,26000200000626,2000285000049,2000285000000,26,3.3080978,2000285000038,-1,2000285000036,2000285000037,-1,140,12.393456,12.221325,12.823785,9700,36.42818,48.592804,27.656702,125251,4,5,3,-152.75423,149.23198,-45.770866,92.80276,152.50835,-0.29374394,0.17825356,0.02561922,5828801,2,626,0.0128570665,555
2000285000038,25000200000525,2000285000049,2000285000000,25,3.575905,2000285000039,-1,2000285000037,2000285000038,-1,141,11.016406,11.016406,11.446734,9700,36.527073,48.514275,27.688063,125251,4,5,3,-148.07079,142.75444,-44.781334,88.73249,143.6591,-0.35526693,0.21240194,0.05130005,5828516,2,525,0.013490653,236
2000285000039,24000200000570,2000285000049,2000285000000,24,3.8656828,2000285000040,-1,2000285000038,2000285000039,-1,112,6.6270566,6.6270566,6.799188,9700,36.63015,48.471325,27.719309,125251,4,5,3,-148.73752,138.77153,-42.046383,79.18659,127.78477,-0.40962762,0.14861365,0.011763137,5828802,2,570,0.014518776,303
2000285000040,23000200000809,2000285000045,2000285000000,23,4.1794686,2000285000041,2000285000046,2000285000039,2000285000040,-1,67,5.508203,5.508203,5.680334,9700,36.706955,48.41991,27.767021,125251,4,5,3,-159.7986,100.35659,-74.784515,64.18135,115.66209,-0.058350347,0.03771922,-0.03613677,5828741,2,809,0.010265035,426
2000285000041,22000200000831,2000285000045,2000285000000,22,4.5195556,2000285000042,-1,2000285000040,2000285000041,-1,60,4.3032837,4.217218,4.6475463,9700,36.77742,48.35983,27.807285,125251,4,5,3,-151.51578,96.74191,-72.892204,66.31405,109.11758,-0.08076939,0.028995214,0.011469852,5828741,2,831,0.011319473,442
2000285000042,21000200000915,2000285000045,2000285000000,21,4.888449,2000285000043,-1,2000285000041,2000285000042,-1,45,3.8729553,3.8729553,3.8729553,9700,36.893337,48.311947,27.848207,125251,4,5,3,-154.0843,98.73733,-81.98833,72.98371,119.29076,-0.058123045,0.013687164,-0.043149717,5828741,2,915,0.0067624534,292
2000285000043,20000200000792,2000285000045,2000285000000,20,5.2888336,2000285000044,-1,2000285000042,2000285000043,-1,41,3.2704954,3.2704954,3.2704954,9700,36.980198,48.28975,27.924839,125251,4,5,3,-145.75499,96.264206,-77.069695,69.28914,111.933304,-0.08985178,0.012804868,-0.058564156,5828802,2,792,0.0074417978,262
2000285000044,19000200000904,2000285000045,2000285000000,19,5.7238646,2000285000045,-1,2000285000043,2000285000044,-1,30,1.8073791,1.8073791,1.8073791,9700,37.05675,48.248505,27.964691,125251,4,5,3,-125.47931,91.462234,-76.5204,57.573345,88.040855,-0.08694849,-0.020315737,0.007093717,5828513,2,904,0.009550129,981
2000285000045,18000200000867,2000285000045,2000285000000,18,6.1968336,-1,-1,2000285000044,2000285000045,-1,25,0.86065674,0.86065674,0.86065674,9700,37.077343,48.151833,27.944942,125251,4,5,3,-122.69048,90.609215,-67.97924,46.3902,76.045906,-0.1390338,-0.055055927,0.012838615,5828748,2,867,0.009681151,28
2000285000046,23000200002240,2000285000049,2000285000000,23,4.1794686,2000285000047,-1,2000285000039,2000285000046,-1,29,2.2377074,2.2377074,2.3237731,9700,36.617584,48.29585,27.68725,125251,4,5,3,-116.05875,173.33064,-1.5311781,51.324875,82.84335,-0.008295856,-0.06640844,-0.010723717,5852486,2,2240,0.009562258,191
2000285000047,22000200001850,2000285000049,2000285000000,22,4.5195556,2000285000048,-1,2000285000046,2000285000047,-1,30,2.1516418,2.1516418,2.5819702,9700,36.683437,48.186314,27.69896,125251,4,5,3,-101.17534,158.56532,-6.457432,50.00911,92.015594,-0.0068116616,-0.06332128,-0.0052339477,5852457,2,1850,0.008059546,707
2000285000048,21000200001686,2000285000049,2000285000000,21,4.888449,2000285000049,-1,2000285000047,2000285000048,-1,27,1.4631164,1.4631164,2.4959044,9700,36.745247,48.100723,27.686218,125251,4,5,3,-104.61294,152.6951,-10.791719,48.65242,88.11782,-0.03450324,-0.07228675,-0.014072305,5852457,2,1686,0.007113774,510
2000285000049,19000200001445,2000285000049,2000285000000,19,5.7238646,-1,-1,2000285000048,2000285000049,-1,21,1.549182,1.549182,1.6352477,9700,36.871433,47.953102,27.694252,125251,4,5,3,-100.50269,123.19959,-8.360538,50.78535,86.8905,-0.04664336,0.0046000495,0.022554992,5828793,2,1445,0.0058551286,126
2000285000050,34000200000756,2000285000057,2000285000000,34,1.766336,2000285000051,-1,2000285000028,2000285000029,-1,20,0.0,0.0,0.0,9699,35.39747,49.602585,27.435852,125264,3,5,3,-129.73494,143.71378,-43.86911,38.355618,62.10702,0.1283216,-0.013600315,0.0857464,5828761,2,756,0.012278624,789
2000285000051,33000200000734,2000285000057,2000285000000,33,1.9126327,2000285000052,-1,2000285000050,2000285000030,-1,25,0.0,0.0,0.0,9699,35.467487,49.510487,27.45337,125264,3,5,3,-145.10602,153.17111,-43.57559,38.194466,65.22353,0.06663392,-0.073847644,0.05823758,5828781,2,734,0.011868869,93
2000285000052,32000200003538,2000285000057,2000285000000,32,2.0700274,2000285000053,-1,2000285000051,2000285000052,-1,35,2.4098387,2.2377074,2.4959044,9699,35.5464,49.4209,27.489637,125264,3,5,3,-144.08372,154.86934,-46.004135,40.231922,75.63009,0.06786956,-0.14530592,0.064001255,5828762,2,3538,0.01592848,167
2000285000053,31000200002895,2000285000057,2000285000000,31,2.2394855,2000285000054,-1,2000285000052,2000285000053,-1,40,2.4098387,2.2377074,2.9262328,9699,35.647858,49.345917,27.51249,125264,3,5,3,-139.31178,155.51447,-48.119316,38.89743,69.05994,0.011048583,-0.16388518,0.052354183,5828781,2,2895,0.019004393,220
2000285000054,30000200002662,2000285000057,2000285000000,30,2.422044,2000285000055,-1,2000285000053,2000285000054,-1,42,1.4631164,1.4631164,1.6352477,9699,35.754585,49.271442,27.53289,125264,4,5,3,-133.16145,155.91713,-48.561733,41.255478,64.66083,0.0031626048,-0.093068115,0.01766767,5828761,2,2662,0.023316406,123
2000285000055,29000200002625,2000285000057,2000285000000,29,2.6188614,2000285000056,-1,2000285000054,2000285000055,-1,42,1.9795104,1.8934448,2.065576,9699,35.844414,49.16089,27.550577,125264,4,5,3,-134.11713,152.28922,-55.161785,44.649582,63.809727,-0.029411107,-0.08714694,-0.029426014,5828779,2,2625,0.020939657,466
2000285000056,27000200003581,2000285000057,2000285000000,27,3.060419,2000285000057,-1,2000285000055,2000285000056,-1,24,1.8073791,1.8073791,1.8073791,9699,35.9964,48.938442,27.615562,125264,4,5,3,-131.74983,163.86818,-62.35058,42.073097,66.712685,-0.036206044,-0.06984204,-0.006172714,5826962,2,3581,0.0112877805,998
2000285000057,26000200003451,2000285000057,2000285000000,26,3.3080978,-1,-1,2000285000056,2000285000057,-1,21,1.2909851,1.2909851,1.4631164,9700,36.053165,48.819874,27.653265,125250,4,5,3,-127.31628,151.572,-55.119408,42.82974,63.592415,-0.026826844,-0.043907367,0.056196757,5827029,2,3451,0.011574768,152
