galaxyID,lastProgenitorId,descendantId,haloID,subHaloID,fofID,treeId,firstProgenitorId,nextProgenitorId,type,snapnum,redshift,centralMvir,phkey,x,y,z,zIndex,ix,iy,iz,velX,velY,velZ,np,mvir,rvir,vvir,vmax,coldGas,stellarMass,bulgeMass,hotGas,ejectedMass,blackHoleMass,metalsColdGas,metalsStellarMass,metalsBulgeMass,metalsHotGas,metalsEjectedMass,sfr,sfrBulge,xrayLum,diskRadius,coolingRadius,mag_b,mag_v,mag_r,mag_i,mag_k,mag_bBulge,mag_vBulge,mag_rBulge,mag_iBulge,mag_kBulge,mag_bDust,mag_vDust,mag_rDust,mag_iDust,mag_kDust,massWeightedAge,random
6000120000000,6000120000166,-1,6000120000000,63000600000433,63000600000433,6000120000000,6000120000001,-1,0,63,0.0,69.54106,27329,15.188575,54.517532,34.13009,205563,1,6,3,26.247313,88.25216,-70.552475,940,69.54106,0.14407663,144.07674,163.71852,0.08696602,2.7954757,1.1556683,7.685078,0.8273726,0.004492572,0.0025938055,0.032976843,0.011735648,0.10130886,0.010093013,0.0,0.0,0.0,0.014743479,0.12033562,-19.846828,-20.699848,-21.402805,-22.00478,-23.523106,-18.632586,-19.498926,-20.214205,-20.820885,-22.324644,-19.829449,-20.685589,-21.391321,-21.996437,-23.520645,7.730732,834
6000120000001,6000120000166,6000120000000,6000120000001,62000600000433,62000600000433,6000120000000,6000120000002,-1,0,62,0.019932542,69.024666,27329,15.18308,54.502743,34.148354,205563,1,6,3,26.483221,88.119514,-69.63143,897,69.024666,0.14299592,144.08218,162.51845,0.08696602,2.7954757,1.1556683,7.5149446,0.91306806,0.004491135,0.0025938055,0.032976843,0.011735648,0.100263454,0.0111384,0.0,0.0,0.0,0.013702485,0.119400054,-19.893862,-20.74321,-21.443712,-22.043367,-23.559473,-18.661371,-19.524824,-20.238127,-20.842855,-22.343904,-19.873602,-20.726587,-21.430326,-22.03364,-23.556604,7.4672966,521
6000120000002,6000120000166,6000120000001,6000120000002,61000600000434,61000600000434,6000120000000,6000120000003,-1,0,61,0.041403063,68.33614,27329,15.178871,54.48185,34.153873,205563,1,6,3,26.69385,88.127426,-69.746086,890,68.33614,0.1417273,144.00198,164.74258,0.08696602,2.7954757,1.1556683,7.301422,1.0131422,0.004489659,0.0025938055,0.032976843,0.011735648,0.09904266,0.01235919,0.0,0.0,0.0,0.013634093,0.11848317,-19.9469,-20.789886,-21.486387,-22.082428,-23.594484,-18.692038,-19.55232,-20.26345,-20.866047,-22.364138,-19.926239,-20.772955,-21.472761,-22.072533,-23.591568,7.1914396,975
6000120000003,6000120000166,6000120000002,6000120000003,60000600000370,60000600000370,6000120000000,6000120000004,-1,0,60,0.064493395,68.16401,27329,15.171892,54.46247,34.1666,205563,1,6,3,26.345692,89.27225,-70.21841,894,68.16401,0.14074099,144.32356,166.74673,0.08696602,2.7954757,1.1556683,7.1587367,1.1303264,0.0044881413,0.0025938055,0.032976843,0.011735648,0.09761314,0.013788706,0.0,0.0,0.0,0.013905111,0.11668498,-20.008474,-20.842009,-21.532545,-22.123432,-23.629232,-18.725084,-19.581972,-20.29078,-20.89115,-22.38625,-19.988365,-20.82557,-21.519333,-22.11385,-23.626411,6.903586,62
6000120000004,6000120000166,6000120000003,6000120000004,59000600000432,59000600000432,6000120000000,6000120000005,-1,0,59,0.08928783,67.38942,27329,15.16624,54.438454,34.186184,205567,1,6,3,26.367458,90.066086,-70.55314,888,67.38942,0.13926025,144.2621,166.10678,0.08696602,2.7954757,1.1556683,6.8935447,1.2679278,0.004486603,0.0025938055,0.032976843,0.011735648,0.09593458,0.015467284,0.0,0.0,0.0,0.013773921,0.11537232,-20.078276,-20.902716,-21.587141,-22.172401,-23.672573,-18.7616,-19.61512,-20.321655,-20.919985,-22.412712,-20.05751,-20.88577,-21.573542,-22.162552,-23.669678,6.604272,288
6000120000005,6000120000166,6000120000004,6000120000005,58000600000448,58000600000448,6000120000000,6000120000006,-1,0,58,0.11588337,67.64762,27329,15.167064,54.412113,34.207695,205567,1,6,3,25.834505,91.28528,-70.51374,889,67.64762,0.1384031,144.98508,163.76653,0.08696602,2.7954757,1.1556683,6.7795334,1.4300227,0.004485036,0.0025938055,0.032976843,0.011735648,0.0939572,0.017444665,0.0,0.0,0.0,0.014837375,0.11253222,-20.16707,-20.979294,-21.655811,-22.233438,-23.726715,-18.801554,-19.651806,-20.35622,-20.952856,-22.444359,-20.148817,-20.964443,-21.643915,-22.224844,-23.724197,6.2940197,691
6000120000006,6000120000166,6000120000005,6000120000006,57000600000443,57000600000443,6000120000000,6000120000007,-1,0,57,0.14438343,67.47549,27329,15.153309,54.391,34.22092,205567,1,6,3,27.207523,90.912895,-69.60879,865,67.47549,0.13715747,145.45654,164.48524,0.08696602,2.7954757,1.1556683,6.563201,1.6216078,0.004483455,0.0025938055,0.032976843,0.011735648,0.09162008,0.019781785,0.0,0.0,0.0,0.012903485,0.10985989,-20.274584,-21.066418,-21.729767,-22.295307,-23.77444,-18.843826,-19.690416,-20.392298,-20.986824,-22.47696,-20.249939,-21.04646,-21.713829,-22.283829,-23.771091,5.97343,299
6000120000007,6000120000166,6000120000006,6000120000007,56000600000445,56000600000445,6000120000000,6000120000008,-1,0,56,0.17489761,67.131226,27329,15.143221,54.363102,34.24113,205567,1,6,3,26.776728,91.778496,-70.415695,860,67.131226,0.13569711,145.8636,162.9897,0.08696602,2.7954757,1.1556683,6.2822723,1.8488165,0.004481885,0.0025938055,0.032976843,0.011735648,0.08884839,0.022553474,0.0,0.0,0.0,0.013856012,0.10699098,-20.423237,-21.183956,-21.830797,-22.38535,-23.863571,-18.888561,-19.730976,-20.429789,-21.021496,-22.509174,-20.401115,-21.16616,-21.816637,-22.375175,-23.860601,5.643203,658
6000120000008,6000120000166,6000120000007,6000120000008,55000600000397,55000600000397,6000120000000,6000120000009,-1,0,55,0.20754863,67.131226,27329,15.136835,54.333023,34.264915,205567,1,6,3,26.839912,91.60972,-69.88572,870,67.131226,0.13436335,146.58577,161.57841,0.08696602,2.7954757,1.1556683,6.0168567,2.1192582,0.004480337,0.0025938055,0.032976843,0.011735648,0.08554932,0.025852554,1.2781137,3.4411369E-6,0.0,0.01499428,0.10330842,-20.666687,-21.354921,-21.96409,-22.491325,-23.932018,-18.935879,-19.773542,-20.468678,-21.0567,-22.540281,-20.64676,-21.339102,-21.951605,-22.482414,-23.929447,5.3040466,849
6000120000009,6000120000129,6000120000008,6000120000009,54000600000441,54000600000441,6000120000000,6000120000010,6000120000130,0,54,0.24246909,67.38942,27329,15.125535,54.306526,34.290497,205567,1,6,3,26.65683,91.83924,-69.72413,851,67.38942,0.13308623,147.5704,162.64001,0.16662857,2.4397664,0.8184289,5.7349243,2.3369708,0.004267477,0.0042585116,0.029169459,0.008389532,0.07972309,0.028296225,0.0,0.0,0.0,0.015273259,0.09808972,-20.75063,-21.393034,-21.972237,-22.481565,-23.911385,-18.620945,-19.453876,-20.145197,-20.729729,-22.209402,-20.721207,-21.369518,-21.953613,-22.46823,-23.907524,4.677927,268
6000120000010,6000120000129,6000120000009,6000120000010,53000600000397,53000600000397,6000120000000,6000120000011,-1,0,53,0.2798018,66.01237,27329,15.11703,54.2879,34.305553,205567,1,6,3,25.587795,92.13795,-69.38457,840,66.01237,0.13061509,147.43002,160.50471,0.16662857,2.4397664,0.8184289,5.1358337,2.7077608,0.0042660786,0.0042585116,0.029169459,0.008389532,0.07523353,0.03278579,15.107191,4.5950374E-6,0.0,0.016499052,0.09458068,-21.249905,-21.730913,-22.228603,-22.691938,-24.06302,-18.673738,-19.500282,-20.186836,-20.76678,-22.240707,-21.223255,-21.70978,-22.211973,-22.68008,-24.05962,4.3233614,817
6000120000011,6000120000078,6000120000010,6000120000011,52000600000378,52000600000378,6000120000000,6000120000012,6000120000079,0,52,0.31970343,65.40991,27329,15.096574,54.260464,34.32689,205567,1,6,3,25.275463,93.01785,-69.725204,834,65.40991,0.1285382,147.9366,164.68976,1.6764737,1.4302812,0.03582599,4.474569,1.9422597,0.0010283631,0.029339254,0.016838001,1.2225182E-4,0.053534843,0.020007446,3.6523178,0.0,43.747967,0.015377007,0.08230442,-20.878765,-21.328905,-21.838867,-22.311981,-23.68782,-15.500719,-16.241405,-16.879158,-17.387209,-18.647701,-20.572056,-21.09515,-21.642347,-22.152367,-23.613712,3.4685478,682
6000120000012,6000120000078,6000120000011,6000120000012,51000600000386,51000600000386,6000120000000,6000120000013,-1,0,51,0.36234027,66.873024,27329,15.087876,54.217216,34.34556,205567,1,6,3,26.15727,93.05391,-67.668755,848,66.873024,0.12766796,150.09094,163.68117,1.6086316,1.3746176,0.03582599,4.832208,1.9629074,0.0010277797,0.027989622,0.015873745,1.2225182E-4,0.05308388,0.019842314,3.840567,0.0,43.799133,0.014271727,0.08024559,-20.918772,-21.363771,-21.869678,-22.337685,-23.707502,-15.55264,-16.28869,-16.922947,-17.42764,-18.68608,-20.601181,-21.120937,-21.668139,-22.177658,-23.639687,3.2353795,915
6000120000013,6000120000078,6000120000012,6000120000013,50000600000379,50000600000379,6000120000000,6000120000014,-1,0,50,0.40789944,67.30335,27329,15.080342,54.1775,34.379223,205567,1,6,3,25.889196,92.32589,-67.655136,818,67.30335,0.12597993,151.5785,163.43707,1.532943,1.3153934,0.03582599,5.0104966,1.999192,0.0010271427,0.02692653,0.014846709,1.2225182E-4,0.051873516,0.020024948,3.7110445,0.0,43.8302,0.013955654,0.07834116,-20.927105,-21.376492,-21.880436,-22.342041,-23.702816,-15.607375,-16.338127,-16.968237,-17.468937,-18.724428,-20.612848,-21.1362,-21.681005,-22.183428,-23.635138,3.0021935,829
6000120000014,6000120000078,6000120000013,6000120000014,49000600000392,49000600000392,6000120000000,6000120000015,-1,0,49,0.45657724,63.86073,27329,15.05161,54.151245,34.398403,205567,1,6,3,24.516426,94.55329,-67.02322,810,63.86073,0.121730156,150.20618,170.54366,1.4633319,1.2576734,0.03582599,4.4840937,2.0749264,0.0010265099,0.026033018,0.013830461,1.2225182E-4,0.05018607,0.02058241,3.2985127,0.0,43.801044,0.014229086,0.07760003,-20.948772,-21.403328,-21.90281,-22.356422,-23.709585,-15.668081,-16.393284,-17.018957,-17.515327,-18.768055,-20.697271,-21.208626,-21.743551,-22.233982,-23.664293,2.7576983,111
6000120000015,6000120000078,6000120000014,6000120000015,48000600000392,48000600000392,6000120000000,6000120000016,-1,0,48,0.5085914,63.4304,27329,15.050688,54.104362,34.43045,205567,1,6,3,22.82397,95.34616,-68.29377,810,63.4304,0.11925788,151.24295,177.42085,1.3366994,1.2060894,0.03582599,4.474947,2.196262,0.0010258934,0.0244634,0.012907602,1.2225182E-4,0.049074538,0.021466972,5.1861043,0.0,43.820644,0.009960127,0.07578665,-21.168762,-21.573946,-22.048855,-22.487692,-23.824253,-15.732505,-16.450432,-17.070417,-17.561491,-18.809935,-20.737745,-21.223644,-21.761992,-22.27256,-23.75402,2.491939,844
6000120000016,6000120000078,6000120000015,6000120000016,47000600000390,47000600000390,6000120000000,6000120000017,-1,0,47,0.5641766,62.397614,27329,15.060566,54.04887,34.468822,205567,1,6,3,19.710737,98.38767,-73.358345,800,62.397614,0.11628205,151.91394,157.49797,1.4251217,1.1248052,0.03582599,4.285067,2.2107434,0.0010252731,0.025377851,0.011448121,1.2225182E-4,0.04562624,0.021171346,4.6501403,0.0,43.809532,0.011391748,0.07275171,-21.195475,-21.595324,-22.058023,-22.48462,-23.804325,-15.8073,-16.517199,-17.13125,-17.617502,-18.86395,-20.897709,-21.352386,-21.85998,-22.337633,-23.75809,2.281556,625
6000120000017,6000120000078,6000120000016,6000120000017,46000600000397,46000600000397,6000120000000,6000120000018,-1,0,46,0.6235901,61.967285,27329,15.061849,53.988544,34.51222,205567,1,6,3,20.40402,96.74275,-75.22361,767,61.967285,0.113556765,153.19504,147.77963,1.4661499,1.051996,0.03582599,4.170267,2.2911716,0.0010246569,0.025781427,0.0101677,1.2225182E-4,0.04218093,0.021635337,6.946246,0.0,43.7955,0.009396388,0.06903041,-21.417702,-21.75675,-22.181665,-22.585127,-23.86173,-15.8934965,-16.59252,-17.19888,-17.679134,-18.922428,-20.869024,-21.309322,-21.797054,-22.268272,-23.699665,2.0500743,44
6000120000018,6000120000078,6000120000017,6000120000018,45000600000383,45000600000383,6000120000000,6000120000019,-1,0,45,0.6871088,55.340225,27329,15.067156,53.937565,34.570053,205567,1,6,3,25.446993,97.10513,-71.21023,739,55.340225,0.10685872,149.24007,146.2106,1.8783939,0.94371116,0.03582599,2.792859,2.2446978,0.0010241377,0.028991818,0.008377876,1.2225182E-4,0.03639216,0.020242127,9.50298,0.002699,43.597206,0.01506812,0.06507188,-21.578144,-21.856657,-22.232967,-22.598907,-23.795778,-16.004055,-16.684185,-17.27973,-17.753244,-18.994324,-21.314657,-21.642996,-22.050163,-22.449627,-23.725487,1.8881199,175
6000120000019,6000120000061,6000120000018,6000120000019,44000600000379,44000600000379,6000120000000,6000120000020,6000120000062,0,44,0.75503564,55.770554,27329,15.069218,53.886185,34.60617,205567,1,6,3,27.916893,90.38038,-61.65065,756,55.770554,0.10450624,151.49606,154.13948,2.4637003,0.78019303,0.01926089,2.7036927,1.9035953,6.025394E-4,0.030548412,0.006312995,5.268674E-5,0.034778032,0.013973532,10.351779,1.517184E-4,43.786167,0.014192135,0.062325776,-21.592237,-21.831339,-22.181046,-22.529251,-23.688774,-15.259824,-15.941333,-16.537527,-17.005314,-18.206398,-21.376137,-21.6566,-22.037666,-22.420704,-23.650974,1.7966101,125
6000120000020,6000120000047,6000120000019,6000120000020,43000600000410,43000600000410,6000120000000,6000120000021,6000120000048,0,43,0.8276991,69.11073,27329,15.025501,53.844505,34.620182,205567,1,6,3,32.680832,87.14069,-49.284924,731,69.11073,0.10929877,164.90547,166.31194,2.762737,0.6168988,0.01430128,5.1975303,1.4935882,3.718672E-4,0.027435023,0.0045820656,4.02522E-5,0.035750948,0.008989653,9.202739,0.0,44.1649,0.013357296,0.05795218,-21.511219,-21.711779,-22.034502,-22.360865,-23.470293,-14.901399,-15.585097,-16.183084,-16.652262,-17.855202,-21.260014,-21.510233,-21.86907,-22.234175,-23.42311,1.8286121,495
6000120000021,6000120000047,6000120000020,6000120000021,42000600000394,42000600000394,6000120000000,6000120000022,-1,0,42,0.9054624,67.21729,27329,14.982392,53.796635,34.618576,205567,1,6,3,22.61592,96.40208,-67.362755,767,67.21729,0.10524803,165.7309,176.812,2.8539364,0.4781837,0.01430128,5.0322146,1.3610278,3.7156694E-4,0.022967776,0.0033395158,4.02522E-5,0.03463241,0.007796476,8.425714,0.0,44.17491,0.014837731,0.056393415,-21.361166,-21.535816,-21.83557,-22.144377,-23.205427,-14.969841,-15.6472435,-16.240334,-16.706017,-17.90918,-21.190977,-21.399374,-21.725206,-22.061403,-23.175827,1.943951,508
6000120000022,6000120000047,6000120000021,6000120000022,41000600000350,41000600000350,6000120000000,6000120000023,-1,0,41,0.98870814,57.836132,27329,15.024217,53.72812,34.727703,205567,1,6,3,10.297971,103.17472,-90.53548,595,57.836132,0.09710751,160.0454,142.49854,2.9753125,0.35347837,0.01430128,3.493891,1.2431971,3.7131118E-4,0.016370025,0.002487848,4.02522E-5,0.03580956,0.0060707186,5.7809334,0.0,44.056175,0.014389508,0.0547658,-21.098207,-21.260971,-21.558796,-21.862143,-22.895855,-15.046722,-15.718708,-16.307587,-16.771078,-17.97614,-20.812923,-21.033562,-21.37445,-21.718424,-22.83718,2.2108521,382
6000120000023,6000120000047,6000120000022,6000120000023,40000600000371,40000600000371,6000120000000,6000120000024,-1,0,40,1.0778745,49.229565,27329,14.9791765,53.730892,34.63303,205567,1,6,3,22.19494,101.86573,-40.445366,667,49.229565,0.08910335,154.14731,160.86592,0.31967422,0.26974803,0.01430128,6.7142215,0.17633781,3.7044854E-4,0.0012720451,0.002132285,4.02522E-5,0.002520563,8.596942E-5,0.0,0.0,43.98751,0.018278815,0.03042545,-18.700455,-19.3886,-19.979923,-20.462751,-21.839344,-15.1356,-15.804046,-16.390125,-16.853489,-18.061476,-18.69819,-19.386732,-19.978413,-20.46165,-21.839022,2.5089297,392
6000120000024,6000120000047,6000120000023,6000120000024,39000600000390,39000600000389,6000120000000,6000120000025,-1,1,39,1.173417,46.561527,27329,14.876223,53.713844,34.63126,205567,1,6,3,75.74835,-21.744354,17.580444,90,7.745913,0.046483997,84.65537,124.023094,0.042258833,0.26974803,0.01430128,0.0,0.0,3.702242E-4,0.0011644665,0.002132285,4.02522E-5,0.0,0.0,0.0,0.0,0.0,0.005917547,0.043884683,-18.990774,-19.628887,-20.190493,-20.65446,-22.015575,-15.227358,-15.890894,-16.471628,-16.93016,-18.134422,-18.925995,-19.575424,-20.147196,-20.62291,-22.006283,2.1695244,483
6000120000025,6000120000047,6000120000024,6000120000025,38000600000331,38000600000329,6000120000000,6000120000026,-1,1,38,1.2758462,36.147583,27329,14.834784,53.734486,34.620197,205567,1,6,3,40.577534,-3.827156,4.7896504,102,8.778702,0.046742264,89.87321,125.94144,0.042258833,0.26974803,0.01430128,0.0,0.0,3.702242E-4,0.0011644665,0.002132285,4.02522E-5,0.0,0.0,0.058498476,0.0,0.0,0.0023257956,0.043884683,-19.325548,-19.859509,-20.358725,-20.785292,-22.081741,-15.33724,-15.998017,-16.57444,-17.027657,-18.232853,-18.925041,-19.527328,-20.08738,-20.584778,-22.02036,1.8397275,466
6000120000026,6000120000047,6000120000025,6000120000026,37000600000387,37000600000386,6000120000000,6000120000027,-1,1,37,1.3857181,33.049217,27329,14.819582,53.744995,34.618473,205567,1,6,3,20.46849,14.198548,-3.9356172,104,8.950832,0.045286734,92.19688,116.77247,0.047809407,0.26897067,0.01430128,0.0,0.0,3.702242E-4,0.0012740309,0.0021112438,4.02522E-5,0.0,0.0,1.6267941,0.0,0.0,0.0013717156,0.043884683,-19.886904,-20.250923,-20.667065,-21.056034,-22.296234,-15.459034,-16.11427,-16.685833,-17.134579,-18.336199,-18.735317,-19.276363,-19.84708,-20.420876,-22.066805,1.5251385,426
6000120000027,6000120000047,6000120000026,6000120000027,36000600000365,36000600000364,6000120000000,6000120000028,-1,1,36,1.5036365,28.832,27329,14.815426,53.73053,34.630775,205567,1,6,3,3.075442,22.654734,-8.523036,121,10.41395,0.045762498,98.928825,115.55895,0.19676691,0.24810925,0.01430128,0.0,0.0,3.702242E-4,0.0032445018,0.0016913477,4.02522E-5,0.0,0.0,3.9684637,0.0,0.0,0.0023167597,0.043884683,-20.358023,-20.600683,-20.954737,-21.302485,-22.45399,-15.563108,-16.19883,-16.758198,-17.198706,-18.385178,-19.526802,-19.915962,-20.39084,-20.876455,-22.312366,1.3282185,959
6000120000028,6000120000047,6000120000027,6000120000028,35000600000786,35000600000786,6000120000000,6000120000029,-1,0,35,1.6302707,10.413946,27329,14.810411,53.709114,34.63284,205565,1,6,3,0.5475498,29.599117,-11.298613,152,10.413946,0.043884683,101.02321,114.73869,0.54627,0.19916165,0.01430128,0.0,0.9992275,3.702242E-4,0.0049712043,0.0011045188,4.02522E-5,0.0,0.0044036973,2.656508,0.0,0.0,0.006253742,0.043884683,-20.16856,-20.426813,-20.778744,-21.110622,-22.20656,-15.67427,-16.29126,-16.839504,-17.272514,-18.446178,-19.999413,-20.2903,-20.66879,-21.029396,-22.181198,1.3147727,108
6000120000029,6000120000047,6000120000028,6000120000029,34000600000801,34000600000801,6000120000000,6000120000030,-1,0,34,1.766336,11.446734,27329,14.818104,53.69451,34.651867,205565,1,6,3,-4.3124886,33.633793,-14.934661,147,11.446734,0.043351408,106.56367,122.492516,0.4047425,0.16775262,0.01430128,0.36806506,0.81337017,3.7022293E-4,0.0036035893,8.625065E-4,4.02522E-5,0.001443041,0.0029171766,1.4407406,0.0,43.05911,0.006301874,0.040495895,-19.824205,-20.122854,-20.49707,-20.837292,-21.936247,-15.823265,-16.423052,-16.962168,-17.38884,-18.553274,-19.595959,-19.94149,-20.35001,-20.72503,-21.897049,1.2483288,952
6000120000030,6000120000047,6000120000029,6000120000030,33000600000764,33000600000764,6000120000000,6000120000031,-1,0,33,1.9126327,10.8442745,27329,14.8059845,53.688583,34.650562,205565,1,6,3,-10.629446,35.622543,-19.262142,151,10.8442745,0.040681075,107.07153,110.63692,0.3938997,0.1514751,0.01430128,0.3641214,0.75427586,3.7019674E-4,0.0032744587,7.2370743E-4,4.02522E-5,0.0013286149,0.0026428215,1.036983,0.0,43.10187,0.007297128,0.03907144,-19.74001,-20.075874,-20.47697,-20.84058,-22.018934,-16.020716,-16.597654,-17.127398,-17.551413,-18.734093,-19.59715,-19.964725,-20.388859,-20.775043,-21.99846,1.0964608,238
6000120000031,6000120000047,6000120000030,6000120000031,32000600000714,32000600000714,6000120000000,6000120000032,-1,0,32,2.0700274,10.069683,27329,14.827683,53.65819,34.66214,205565,1,6,3,-9.837485,37.860752,-24.53282,155,10.069683,0.037854288,106.95973,131.23543,0.360422,0.14031515,0.01430128,0.26777315,0.7762535,3.7017348E-4,0.0029082857,6.3246686E-4,4.02522E-5,0.0011995358,0.0026419475,0.9473223,0.0,42.98867,0.007109628,0.035421815,-19.763508,-20.04815,-20.401594,-20.72689,-21.779882,-16.240303,-16.787148,-17.300974,-17.71864,-18.915882,-19.65353,-19.96276,-20.334208,-20.67719,-21.764603,0.91500837,583
6000120000032,6000120000047,6000120000031,6000120000032,31000600000769,31000600000769,6000120000000,6000120000033,-1,0,31,2.2394855,10.155749,27329,14.8393,53.638664,34.68321,205565,1,6,3,-17.022896,36.900734,-27.425093,131,10.155749,0.036145322,109.925865,117.05773,0.32843336,0.13063271,0.01430128,0.2774233,0.83488494,3.7015317E-4,0.002515837,5.570643E-4,4.02522E-5,0.0011068644,0.002692868,1.574879,0.0,43.052395,0.004957067,0.032904647,-20.017273,-20.231918,-20.5408,-20.841408,-21.839146,-16.467068,-16.971985,-17.45629,-17.853388,-19.009108,-19.88878,-20.131697,-20.46234,-20.784798,-21.822811,0.72833014,875
6000120000033,6000120000047,6000120000032,6000120000033,30000600000754,30000600000754,6000120000000,6000120000034,-1,0,30,2.422044,10.241815,27329,14.843025,53.59634,34.704678,205565,1,6,3,-7.105618,41.939632,-28.544529,123,10.241815,0.03445526,113.06564,134.45206,0.3291678,0.115391575,0.01430128,0.315947,0.83775556,3.7013073E-4,0.0021162739,4.5119924E-4,4.02522E-5,8.6123624E-4,0.0026417584,2.4786143,0.0,43.134895,0.003973104,0.02990924,-20.167484,-20.324797,-20.595642,-20.874197,-21.834887,-16.695175,-17.125254,-17.553068,-17.908361,-18.948875,-19.999004,-20.19665,-20.497375,-20.80466,-21.815716,0.57657844,707
6000120000034,6000120000047,6000120000033,6000120000034,29000600000689,29000600000689,6000120000000,6000120000035,-1,0,29,2.6188614,9.209027,27329,14.872828,53.571014,34.710564,205565,1,5,3,-12.73984,43.8648,-26.949556,124,9.209027,0.031560734,112.021996,121.977646,0.41953817,0.092743054,0.01430128,0.16811192,0.7555543,3.701124E-4,0.0015898296,3.3665373E-4,4.02522E-5,3.3199886E-4,0.0026199576,0.77677965,0.0,42.653553,0.006625566,0.019743873,-19.895428,-20.068478,-20.34689,-20.631731,-21.596466,-16.957697,-17.308443,-17.68349,-18.012482,-19.000624,-19.861301,-20.043587,-20.328325,-20.618965,-21.593136,0.46957463,563
6000120000035,6000120000047,6000120000034,6000120000035,28000600000690,28000600000690,6000120000000,6000120000036,-1,0,28,2.8311827,7.7459106,27329,14.862337,53.54882,34.71281,205565,1,5,3,-7.4921384,43.040855,-29.160606,113,7.7459106,0.028229317,108.63156,117.72855,0.048141975,0.08606044,0.01430128,0.18311091,0.88351166,3.700973E-4,4.4506774E-4,3.1418528E-4,4.02522E-5,5.4543564E-4,0.0032220348,6.1576266,0.07676845,42.9059,0.0036865934,0.024740046,-20.139553,-20.283987,-20.545015,-20.861214,-21.873333,-17.324516,-17.593567,-17.919224,-18.231512,-19.192162,-20.108965,-20.258997,-20.524895,-20.846561,-21.869026,0.29518086,176
6000120000036,6000120000042,6000120000035,6000120000036,27000600000818,27000600000818,6000120000000,6000120000037,6000120000043,0,27,3.060419,7.3155823,27329,14.861264,53.531258,34.738926,205565,1,5,3,-18.737122,35.94754,-28.137133,87,7.3155823,0.026203882,109.57503,124.56793,0.24701226,0.022633297,0.0,0.40194675,0.38211593,0.0,9.0077164E-4,5.596146E-5,0.0,2.8591903E-4,1.7508687E-4,1.7487117,0.0,43.41692,0.0029912423,0.021477148,-19.523441,-19.557774,-19.734638,-19.927937,-20.671415,99.0,99.0,99.0,99.0,99.0,-19.291586,-19.375671,-19.593882,-19.824831,-20.643255,0.27535173,74
6000120000037,6000120000042,6000120000036,6000120000037,26000600000790,26000600000790,6000120000000,6000120000038,-1,0,26,3.3080978,5.9385314,27329,14.880768,53.507114,34.76873,205565,1,5,3,-14.436486,37.425415,-31.154942,78,5.9385314,0.023092719,105.16518,112.298454,0.1768898,0.00940135,0.0,0.38333282,0.25140467,0.0,4.1119903E-4,1.7196719E-5,0.0,1.3293237E-4,9.3759896E-5,0.56276673,0.0,43.36894,0.0035675336,0.018113216,-18.528963,-18.566671,-18.740498,-18.917856,-19.54826,99.0,99.0,99.0,99.0,99.0,-18.472961,-18.521547,-18.704664,-18.890652,-19.53992,0.3630634,865
6000120000038,6000120000042,6000120000037,6000120000038,25000600000775,25000600000775,6000120000000,6000120000039,-1,0,25,3.575905,3.7868896,27329,14.846493,53.51153,34.775124,205565,1,5,3,-17.696058,39.0259,-34.396263,69,3.7868896,0.01875083,93.19681,95.96446,0.100654565,0.0054230397,0.0,0.13761052,0.209583,0.0,2.3488096E-4,8.264708E-6,0.0,5.011746E-5,8.4110994E-5,0.046990234,0.0,42.94027,0.004202063,0.018046908,-17.111032,-17.213596,-17.428595,-17.65088,-18.379639,99.0,99.0,99.0,99.0,99.0,-17.09768,-17.203287,-17.420631,-17.645132,-18.378029,0.41077694,797
6000120000039,6000120000042,6000120000038,6000120000039,24000600000814,24000600000814,6000120000000,6000120000040,-1,0,24,3.8656828,2.5819702,27329,14.844609,53.46924,34.78456,205565,1,5,3,-12.594165,41.41728,-29.614042,59,2.5819702,0.015547166,84.51231,87.79108,0.0699513,0.0051134704,0.0,0.0,0.1835172,0.0,2.1380575E-4,7.503839E-6,0.0,0.0,8.094578E-5,0.0,0.0,0.0,0.0056025907,0.015547166,-16.884727,-17.03923,-17.28717,-17.569487,-18.39195,99.0,99.0,99.0,99.0,99.0,-16.881222,-17.03634,-17.284832,-17.567785,-18.391453,0.27564967,485
6000120000040,6000120000042,6000120000039,6000120000040,23000600001551,23000600001551,6000120000000,6000120000041,-1,0,23,4.1794686,1.4631164,27329,14.850278,53.447323,34.78304,205565,1,5,3,10.456128,38.725464,-36.80626,28,1.4631164,0.012103619,72.102745,73.18652,0.0656095,0.0051134704,0.0,5.5169343E-4,0.12786393,0.0,2.1311935E-4,7.503839E-6,0.0,3.1540617E-7,4.8191436E-5,0.5893972,0.0,39.149418,0.0019138707,0.0017719081,-18.041998,-18.06718,-18.235428,-18.421267,-19.100166,99.0,99.0,99.0,99.0,99.0,-17.9643,-18.004921,-18.186815,-18.385546,-19.08992,0.12845567,441
6000120000041,6000120000042,6000120000040,6000120000041,22000600001622,22000600001622,6000120000000,6000120000042,-1,0,22,4.5195556,1.032788,27329,14.849438,53.423794,34.823246,205565,1,5,3,4.3802094,54.071102,-42.205257,24,1.032788,0.010125259,66.232704,69.90298,0.0895195,0.00176477,0.0,0.0,0.045185767,0.0,8.688913E-5,8.2900686E-7,0.0,0.0,5.164507E-6,0.21761636,0.0,0.0,0.0040213387,0.010125259,-16.915493,-16.87973,-17.00299,-17.134474,-17.581518,99.0,99.0,99.0,99.0,99.0,-16.910772,-16.875977,-17.000044,-17.132305,-17.580816,0.0959345,194
6000120000042,6000120000042,6000120000041,6000120000042,21000600001541,21000600001541,6000120000000,-1,-1,0,21,4.888449,0.9467224,27329,14.850226,53.407192,34.83217,205565,1,5,3,5.988547,29.718937,-47.22944,22,0.9467224,0.009229145,66.42026,70.92177,0.09766129,6.2040763E-4,0.0,0.0024655354,0.029063443,0.0,3.2019772E-5,1.0986205E-7,0.0,9.466644E-8,4.287314E-7,0.12777351,0.0,43.535084,0.002980275,0.0093580475,-16.466652,-16.233982,-16.197313,-16.100092,-15.950494,99.0,99.0,99.0,99.0,99.0,-16.465307,-16.232885,-16.196423,-16.099419,-15.950252,0.026264215,422
6000120000043,6000120000047,6000120000035,6000120000036,27000600000818,27000600000818,6000120000000,6000120000044,-1,2,27,3.060419,7.3155823,27329,14.824275,53.548714,34.72442,205565,1,5,3,-36.172943,127.69107,-124.419785,21,1.549182,0.012336438,73.48967,88.629326,0.07328653,0.013681085,0.0,0.0,0.0,0.0,4.5617938E-4,3.6268906E-5,0.0,0.0,0.0,0.25423414,0.0,44.051296,0.003171653,0.012589715,-17.924208,-18.063435,-18.312859,-18.576216,-19.46445,99.0,99.0,99.0,99.0,99.0,-17.840836,-18.001608,-18.26625,-18.54388,-19.455805,0.42953297,69
6000120000044,6000120000047,6000120000043,6000120000037,26000600000790,26000600000790,6000120000000,6000120000045,-1,2,26,3.3080978,5.9385314,27329,14.903093,53.508877,34.77509,205565,1,5,3,-149.16162,11.993772,9.007298,21,1.549182,0.012336438,73.48967,88.629326,0.08702247,0.011757375,0.0,0.0,0.0,0.0,4.3182855E-4,2.5604686E-5,0.0,0.0,0.0,0.36932912,0.0,44.051296,0.003171653,0.012589715,-18.151587,-18.249544,-18.4673,-18.708595,-19.53706,99.0,99.0,99.0,99.0,99.0,-18.071978,-18.189026,-18.421396,-18.676256,-19.52861,0.3021309,4
6000120000045,6000120000047,6000120000044,6000120000038,25000600000775,25000600000775,6000120000000,6000120000046,-1,2,25,3.575905,3.7868896,27329,14.959033,53.489155,34.771748,205565,1,5,3,-86.78756,28.416515,-21.726423,21,1.549182,0.012336438,73.48967,88.629326,0.10566492,0.0091465125,0.0,0.0,0.0,0.0,3.7368483E-4,1.4663859E-5,0.0,0.0,0.0,0.52318347,0.0,44.051296,0.003171653,0.012589715,-18.294449,-18.35174,-18.542068,-18.755283,-19.492664,99.0,99.0,99.0,99.0,99.0,-18.215996,-18.290539,-18.494987,-18.721401,-19.483576,0.19277824,28
6000120000046,6000120000047,6000120000045,6000120000039,24000600000814,24000600000814,6000120000000,6000120000047,-1,2,24,3.8656828,2.5819702,27329,14.981024,53.467606,34.783543,205565,1,5,3,17.447306,57.224976,-40.77944,21,1.549182,0.012336438,73.48967,88.629326,0.13027558,0.005699812,0.0,0.0,0.0,0.0,2.6041927E-4,5.349585E-6,0.0,0.0,0.0,0.7233572,0.0,44.051296,0.003171653,0.012589715,-18.240383,-18.23898,-18.388195,-18.550222,-19.11718,99.0,99.0,99.0,99.0,99.0,-18.216185,-18.219421,-18.372744,-18.538813,-19.113716,0.10047777,825
6000120000047,6000120000047,6000120000046,6000120000043,23000600002169,23000600002169,6000120000000,-1,-1,0,23,4.1794686,1.549182,27329,14.99813,53.44102,34.800587,205565,1,5,3,-43.6275,16.979406,-11.524454,21,1.549182,0.012336438,73.48967,88.629326,0.16191001,0.0012694347,0.0,0.0031868427,0.047016997,0.0,6.523017E-5,3.3411908E-7,0.0,1.9904748E-7,1.0490241E-6,0.22343037,0.0,44.051296,0.003171653,0.012589715,-17.736305,-17.670204,-17.734964,-17.789183,-17.928873,99.0,99.0,99.0,99.0,99.0,-17.732042,-17.666538,-17.731865,-17.786642,-17.9277,0.033743206,554
6000120000048,6000120000061,6000120000019,6000120000020,43000600000410,43000600000410,6000120000000,6000120000049,-1,2,43,0.8276991,69.11073,27329,14.948101,53.854156,34.672157,205567,1,6,3,68.16411,-120.36542,-27.884539,20,1.721314,0.023053102,56.667667,62.72664,0.03696073,0.004957289,0.0,0.0,0.0,0.0,1.7724138E-4,1.2423409E-5,0.0,0.0,0.0,3.5001003E-4,0.0,41.239662,0.00342809,0.019167896,-14.155884,-14.801648,-15.372739,-15.822976,-17.015152,99.0,99.0,99.0,99.0,99.0,-14.131845,-14.781881,-15.356757,-15.811352,-17.011751,3.6215699,83
6000120000049,6000120000061,6000120000048,6000120000021,42000600000394,42000600000394,6000120000000,6000120000050,-1,2,42,0.9054624,67.21729,27329,14.93923,53.901493,34.655033,205567,1,6,3,-23.348763,-48.9034,83.07934,20,1.721314,0.023053102,56.667667,62.72664,0.036998395,0.0049520135,0.0,0.0,0.0,0.0,1.7714417E-4,1.2398131E-5,0.0,0.0,0.0,6.051215E-4,0.0,41.239662,0.00342809,0.019167896,-14.290351,-14.919697,-15.480339,-15.923528,-17.110027,99.0,99.0,99.0,99.0,99.0,-14.266346,-14.899937,-15.464358,-15.911902,-17.106627,3.2629683,938
6000120000050,6000120000061,6000120000049,6000120000067,41000600000351,41000600000350,6000120000000,6000120000051,-1,2,41,0.98870814,57.836132,27329,14.96053,53.894466,34.600094,205567,1,6,3,-49.034664,79.024216,120.973404,20,1.721314,0.023053102,56.667667,62.72664,0.03706235,0.004943057,0.0,0.0,0.0,0.0,1.7697859E-4,1.235531E-5,0.0,0.0,0.0,0.0014167923,0.0,41.239662,0.00342809,0.019167896,-14.437702,-15.048079,-15.597402,-16.033472,-17.214533,99.0,99.0,99.0,99.0,99.0,-14.413779,-15.028347,-15.581431,-16.021852,-17.211136,2.9128299,808
6000120000051,6000120000061,6000120000050,6000120000068,39000600000389,39000600000389,6000120000000,6000120000052,-1,2,39,1.173417,46.561527,27329,14.997362,53.69742,34.54567,205565,1,6,3,-0.29279774,229.187,-59.023346,20,1.721314,0.023053102,56.667667,62.72664,0.03735175,0.004902528,0.0,0.0,0.0,0.0,1.7621937E-4,1.2163003E-5,0.0,0.0,0.0,0.002949449,0.0,41.239662,0.00342809,0.019167896,-14.798655,-15.335642,-15.845207,-16.25931,-17.409708,99.0,99.0,99.0,99.0,99.0,-14.77042,-15.313511,-15.827678,-16.246616,-17.405962,2.2460868,54
6000120000052,6000120000061,6000120000051,6000120000069,38000600000329,38000600000329,6000120000000,6000120000053,-1,2,38,1.2758462,36.147583,27329,15.00466,53.58036,34.600075,205565,1,6,3,-22.583624,202.27051,-145.75916,20,1.721314,0.023053102,56.667667,62.72664,0.037640754,0.004862053,0.0,0.0,0.0,0.0,1.7544466E-4,1.1973257E-5,0.0,0.0,0.0,0.004833705,0.0,41.239662,0.00342809,0.019167896,-15.010807,-15.505084,-15.99161,-16.393637,-17.528227,99.0,99.0,99.0,99.0,99.0,-14.983499,-15.483355,-15.974302,-16.381092,-17.524544,1.9334996,533
6000120000053,6000120000061,6000120000052,6000120000070,37000600000386,37000600000386,6000120000000,6000120000054,-1,2,37,1.3857181,33.049217,27329,15.01534,53.476974,34.72179,205565,1,5,3,-6.977076,166.0048,-273.1851,20,1.721314,0.023053102,56.667667,62.72664,0.038099397,0.00479782,0.0,0.0,0.0,0.0,1.7418202E-4,1.1676885E-5,0.0,0.0,0.0,0.0077902772,0.0,41.239662,0.00342809,0.019167896,-15.252119,-15.700922,-16.162245,-16.550997,-17.668528,99.0,99.0,99.0,99.0,99.0,-15.229519,-15.682627,-16.147568,-16.540344,-17.665411,1.6377181,588
6000120000054,6000120000061,6000120000053,6000120000098,36000600000366,36000600000364,6000120000000,6000120000055,-1,2,36,1.5036365,28.832,27329,14.974099,53.394367,34.860504,205565,1,5,3,113.56318,122.418976,-176.66093,20,1.721314,0.023053102,56.667667,62.72664,0.038812723,0.00469792,0.0,0.0,0.0,0.0,1.7213813E-4,1.1227361E-5,0.0,0.0,0.0,0.012334774,0.0,41.239662,0.00342809,0.019167896,-15.504922,-15.903159,-16.334087,-16.705639,-17.798948,99.0,99.0,99.0,99.0,99.0,-15.481625,-15.884329,-16.319004,-16.694696,-17.795753,1.3608267,220
6000120000055,6000120000061,6000120000054,6000120000099,35000600000512,35000600000511,6000120000000,6000120000056,-1,2,35,1.6302707,11.188538,27329,14.900303,53.34027,34.93791,205565,1,5,3,135.49582,68.68313,-107.53253,20,1.721314,0.023053102,56.667667,62.72664,0.039899044,0.004545781,0.0,0.0,0.0,0.0,1.688418E-4,1.0568939E-5,0.0,0.0,0.0,0.019171612,0.0,41.239662,0.00342809,0.019167896,-15.747475,-16.086605,-16.477402,-16.82449,-17.86436,99.0,99.0,99.0,99.0,99.0,-15.721682,-16.066063,-16.461096,-16.812695,-17.860933,1.1046169,156
6000120000056,6000120000061,6000120000055,6000120000113,34000600000794,34000600000793,6000120000000,6000120000057,-1,1,34,1.766336,7.9180417,27329,14.810947,53.303886,35.008476,205565,1,5,3,158.4058,84.37612,-108.69739,20,1.721314,0.023053102,56.667667,62.72664,0.041517586,0.004319108,0.0,0.0,0.0,0.0,1.6353087E-4,9.644816E-6,0.0,0.0,0.0,0.029232115,0.0,41.239662,0.00342809,0.019167896,-15.994558,-16.268053,-16.609442,-16.922995,-17.87403,99.0,99.0,99.0,99.0,99.0,-15.973176,-16.250683,-16.59551,-16.912886,-17.871086,0.8704489,5
6000120000057,6000120000061,6000120000056,6000120000114,33000600002892,33000600002892,6000120000000,6000120000058,-1,0,33,1.9126327,1.8934448,27329,14.717192,53.279823,35.07825,205565,1,5,3,140.39182,93.95068,-90.875595,25,1.8934448,0.022737522,59.844566,61.84583,0.043875795,0.003988842,0.0,0.013109684,0.12585856,0.0,1.5497037E-4,8.415154E-6,0.0,8.262908E-6,3.8290556E-5,0.04228041,0.0,41.239662,0.0030583579,0.019167896,-16.32706,-16.513767,-16.795568,-17.070045,-17.946077,99.0,99.0,99.0,99.0,99.0,-16.302961,-16.494085,-16.779737,-17.058554,-17.942732,0.65898705,573
6000120000058,6000120000061,6000120000057,6000120000115,32000600002991,32000600002991,6000120000000,6000120000059,-1,0,32,2.0700274,1.8934448,27329,14.642872,53.214073,35.111065,205564,1,5,3,128.69945,99.16331,-86.06771,24,1.8934448,0.021686729,61.27725,64.132935,0.03761996,0.0035338218,0.0,0.023270123,0.12912671,0.0,1.3798715E-4,6.837412E-6,0.0,9.035944E-6,3.2130098E-5,0.08394023,0.0,41.563545,0.0022958852,0.020560239,-16.470976,-16.625227,-16.89094,-17.160528,-18.055304,99.0,99.0,99.0,99.0,99.0,-16.436396,-16.596695,-16.867842,-17.143717,-18.050385,0.4710289,211
6000120000059,6000120000061,6000120000058,6000120000116,30000600003800,30000600003800,6000120000000,6000120000060,-1,0,30,2.422044,1.3770508,27390,14.4892645,53.09762,35.206406,205784,1,5,3,105.13002,106.50308,-76.26902,20,1.3770508,0.017651428,57.92353,64.68876,0.039631136,0.0018635365,0.0,0.0049611423,0.084160246,0.0,8.430295E-5,1.8376879E-6,0.0,9.0235716E-7,1.10378805E-5,0.12888198,0.0,40.496067,0.0023873348,0.0078903455,-16.464016,-16.491903,-16.666872,-16.86328,-17.54379,99.0,99.0,99.0,99.0,99.0,-16.448557,-16.479355,-16.656828,-16.85603,-17.541702,0.19585148,457
6000120000060,6000120000061,6000120000059,6000120000117,29000600003320,29000600003320,6000120000000,6000120000061,-1,0,29,2.6188614,0.9467224,27390,14.422923,53.048958,35.248302,205784,1,5,3,98.30636,95.57306,-76.24781,22,0.9467224,0.014784844,52.477474,64.83218,0.047908783,6.8586797E-4,0.0,0.0,0.027546458,0.0,3.4310233E-5,2.293575E-7,0.0,0.0,1.5587223E-6,0.079434715,0.0,0.0,0.0033778122,0.014784844,-15.668104,-15.624372,-15.7532425,-15.893436,-16.360758,99.0,99.0,99.0,99.0,99.0,-15.665848,-15.622588,-15.75184,-15.892432,-16.360462,0.1088095,157
6000120000061,6000120000061,6000120000060,6000120000118,28000600003022,28000600003022,6000120000000,-1,-1,0,28,2.8311827,0.774591,27390,14.39731,52.95822,35.279724,205784,1,5,3,91.44922,100.22294,-72.28079,24,0.774591,0.013102888,50.422302,56.33688,0.052622415,2.4935305E-6,0.0,0.005584318,2.2536112E-4,0.0,1.3120834E-7,1.553657E-12,0.0,2.7651026E-11,9.169814E-13,3.0865215E-4,0.0,40.43412,0.0053795897,0.008186298,-11.260706,-11.4708805,-11.772184,-12.007333,-12.504246,99.0,99.0,99.0,99.0,99.0,-11.260701,-11.470876,-11.772181,-12.00733,-12.504245,0.0096164895,834
6000120000062,6000120000078,6000120000018,6000120000019,44000600000379,44000600000379,6000120000000,6000120000063,-1,2,44,0.75503564,55.770554,27329,14.941015,53.901207,34.532276,205567,1,6,3,-174.55699,115.41517,-60.85449,33,2.840167,0.028459188,65.51348,75.573715,0.06828437,0.01652335,0.0,0.0,0.0,0.0,4.4512082E-4,6.9292306E-5,0.0,0.0,0.0,0.0051796124,0.0,37.423283,0.0053963335,0.0011960978,-15.508258,-16.137432,-16.707216,-17.170782,-18.43718,99.0,99.0,99.0,99.0,99.0,-15.482896,-16.116644,-16.69043,-17.158575,-18.433603,3.6746087,346
6000120000063,6000120000078,6000120000062,6000120000020,43000600000410,43000600000410,6000120000000,6000120000064,-1,2,43,0.8276991,69.11073,27329,15.047777,53.850067,34.586704,205567,1,6,3,-205.57962,108.52449,-216.25548,33,2.840167,0.028459188,65.51348,75.573715,0.06885007,0.016444128,0.0,0.0,0.0,0.0,4.44622E-4,6.877839E-5,0.0,0.0,0.0,0.00778554,0.0,37.423283,0.0053963335,0.0011960978,-15.668137,-16.26594,-16.818007,-17.270266,-18.524685,99.0,99.0,99.0,99.0,99.0,-15.641571,-16.244465,-16.800755,-17.257734,-18.521,3.3237717,338
6000120000064,6000120000078,6000120000063,6000120000021,42000600000394,42000600000394,6000120000000,6000120000065,-1,2,42,0.9054624,67.21729,27329,15.097065,53.78178,34.71232,205567,1,6,3,-26.548874,145.09209,-207.52103,33,2.840167,0.028459188,65.51348,75.573715,0.06968801,0.01632678,0.0,0.0,0.0,0.0,4.4382075E-4,6.802606E-5,0.0,0.0,0.0,0.011623217,0.0,37.423283,0.0053963335,0.0011960978,-15.847357,-16.411295,-16.944555,-17.385418,-18.626451,99.0,99.0,99.0,99.0,99.0,-15.819403,-16.388966,-16.926704,-17.372463,-18.622625,2.9840202,952
6000120000065,6000120000078,6000120000064,6000120000067,41000600000351,41000600000350,6000120000000,6000120000066,-1,2,41,0.98870814,57.836132,27329,15.083019,53.714485,34.786667,205567,1,6,3,82.576355,101.84946,-99.59278,33,2.840167,0.028459188,65.51348,75.573715,0.07091636,0.016154751,0.0,0.0,0.0,0.0,4.4251318E-4,6.694211E-5,0.0,0.0,0.0,0.021482807,0.0,37.423283,0.0053963335,0.0011960978,-16.010427,-16.540373,-17.053684,-17.483053,-18.711987,99.0,99.0,99.0,99.0,99.0,-15.984505,-16.51899,-17.036377,-17.47046,-18.708303,2.658081,825
6000120000066,6000120000078,6000120000065,6000120000068,39000600000389,39000600000389,6000120000000,6000120000067,-1,2,39,1.173417,46.561527,27329,14.937038,53.638577,34.780075,205565,1,6,3,135.00136,96.477936,102.89837,33,2.840167,0.028459188,65.51348,75.573715,0.075304456,0.015540208,0.0,0.0,0.0,0.0,4.366068E-4,6.3251675E-5,0.0,0.0,0.0,0.03695533,0.0,37.423283,0.0053963335,0.0011960978,-16.455969,-16.89198,-17.350077,-17.74405,-18.915226,99.0,99.0,99.0,99.0,99.0,-16.427952,-16.869818,-17.332472,-17.73128,-18.911438,2.060375,701
6000120000067,6000120000078,6000120000066,6000120000069,38000600000329,38000600000329,6000120000000,6000120000068,-1,2,38,1.2758462,36.147583,27329,14.883155,53.576984,34.73124,205565,1,6,3,33.595215,103.9505,75.457596,33,2.840167,0.028459188,65.51348,75.573715,0.07892556,0.015033073,0.0,0.0,0.0,0.0,4.3030194E-4,6.0404196E-5,0.0,0.0,0.0,0.053061068,0.0,37.423283,0.0053963335,0.0011960978,-16.657736,-17.047962,-17.480938,-17.86503,-19.034254,99.0,99.0,99.0,99.0,99.0,-16.63508,-17.029516,-17.466105,-17.854252,-19.031094,1.7941813,793
6000120000068,6000120000078,6000120000067,6000120000070,37000600000386,37000600000386,6000120000000,6000120000069,-1,2,37,1.3857181,33.049217,27329,14.902743,53.527504,34.680576,205565,1,5,3,-104.68166,68.218376,95.36968,33,2.840167,0.028459188,65.51348,75.573715,0.08396019,0.014327974,0.0,0.0,0.0,0.0,4.1952406E-4,5.6730267E-5,0.0,0.0,0.0,0.07526198,0.0,37.423283,0.0053963335,0.0011960978,-16.847116,-17.189098,-17.587997,-17.948599,-19.057705,99.0,99.0,99.0,99.0,99.0,-16.8263,-17.172138,-17.574356,-17.938686,-19.0548,1.5547949,11
6000120000069,6000120000078,6000120000068,6000120000071,36000600000364,36000600000364,6000120000000,6000120000070,-1,2,36,1.5036365,28.832,27329,14.986157,53.493202,34.62925,205565,1,5,3,-163.30235,60.97708,77.5586,33,2.840167,0.028459188,65.51348,75.573715,0.09085159,0.0133628445,0.0,0.0,0.0,0.0,4.0120733E-4,5.2205804E-5,0.0,0.0,0.0,0.10538061,0.0,37.423283,0.0053963335,0.0011960978,-16.994501,-17.291218,-17.658876,-17.998505,-19.067165,99.0,99.0,99.0,99.0,99.0,-16.971561,-17.273075,-17.64454,-17.988132,-19.064142,1.3471403,728
6000120000070,6000120000078,6000120000069,6000120000089,35000600002059,35000600002059,6000120000000,6000120000071,-1,0,35,1.6302707,2.840167,27329,15.062437,53.457497,34.596832,205565,1,5,3,-94.366974,77.7439,15.009853,33,2.840167,0.028459188,65.51348,75.573715,0.10013249,0.012063066,0.0,1.5107922E-4,0.20454693,0.0,3.705282E-4,4.6961955E-5,0.0,1.6682263E-7,2.1714412E-4,0.02106405,0.0,37.423283,0.0053963335,0.0011960978,-16.959942,-17.242317,-17.600245,-17.930407,-19.004318,99.0,99.0,99.0,99.0,99.0,-16.938944,-17.226109,-17.58765,-17.921366,-19.00175,1.1790237,604
6000120000071,6000120000078,6000120000070,6000120000090,34000600002745,34000600002745,6000120000000,6000120000072,-1,0,34,1.766336,2.6680357,27329,15.112991,53.40396,34.59555,205565,1,5,3,-87.85508,70.80774,-7.728469,33,2.6680357,0.026679227,65.58117,75.195305,0.03654714,0.011814017,0.0,0.0037509848,0.24544571,0.0,3.1036875E-4,4.602887E-5,0.0,5.1031693E-6,2.6019246E-4,0.25742728,0.0,40.22657,0.0018152648,0.010481471,-17.457191,-17.685099,-18.0114,-18.322897,-19.33921,99.0,99.0,99.0,99.0,99.0,-17.24304,-17.50834,-17.867443,-18.21648,-19.306414,0.919159,959
6000120000072,6000120000078,6000120000071,6000120000091,33000600002960,33000600002960,6000120000000,6000120000073,-1,0,33,1.9126327,2.3237731,27329,15.158835,53.36633,34.596382,205565,1,5,3,-76.83778,75.6876,-17.717798,30,2.3237731,0.0243439,64.07251,70.314705,0.05687939,0.008905595,0.0,0.013613307,0.17238915,0.0,2.9805215E-4,2.66976E-5,0.0,1.0485572E-5,1.3338316E-4,0.10790805,0.0,41.199448,0.0032051124,0.018294146,-17.012817,-17.247042,-17.567219,-17.863382,-18.8128,99.0,99.0,99.0,99.0,99.0,-16.953955,-17.200205,-17.530144,-17.83644,-18.804941,0.89685416,501
6000120000073,6000120000078,6000120000072,6000120000092,32000600002666,32000600002666,6000120000000,6000120000074,-1,0,32,2.0700274,1.9795104,27329,15.211023,53.32354,34.598885,205565,1,5,3,-69.11588,74.26732,-28.217768,32,1.9795104,0.022010459,62.19197,63.821217,0.042583264,0.0077442927,0.0,0.007669463,0.1496812,0.0,2.5938672E-4,2.1074648E-5,0.0,1.4728744E-5,1.1230718E-4,0.020066017,0.0,41.12264,0.003252644,0.02191415,-16.538095,-16.831726,-17.177235,-17.490133,-18.447979,99.0,99.0,99.0,99.0,99.0,-16.485577,-16.78987,-17.143929,-17.46596,-18.440907,0.7554983,845
6000120000074,6000120000078,6000120000073,6000120000093,31000600002978,31000600002978,6000120000000,6000120000075,-1,0,31,2.2394855,1.4631164,27329,15.251563,53.294407,34.63759,205565,1,5,3,-67.92422,64.89173,-36.92562,28,1.4631164,0.01894848,57.626495,65.21728,0.041581623,0.007539201,0.0,0.0,0.18054317,0.0,2.5341316E-4,1.98221E-5,0.0,0.0,1.2346757E-4,0.100377195,0.0,0.0,0.0027039659,0.01894848,-17.053051,-17.237923,-17.516031,-17.794159,-18.693083,99.0,99.0,99.0,99.0,99.0,-16.97754,-17.177608,-17.4681,-17.759476,-18.683031,0.52728057,266
6000120000075,6000120000078,6000120000074,6000120000094,30000600003029,30000600003029,6000120000000,6000120000076,-1,0,30,2.422044,1.8934448,27329,15.286129,53.247307,34.648773,205565,1,5,3,-60.147755,68.628914,-42.769047,25,1.8934448,0.019628212,64.410385,77.85943,0.04851787,0.0065677827,0.0,0.0,0.17457826,0.0,2.4066698E-4,1.4494766E-5,0.0,0.0,9.041382E-5,0.16045761,0.0,0.0,0.002631918,0.019628212,-17.282717,-17.408333,-17.64648,-17.90366,-18.762472,99.0,99.0,99.0,99.0,99.0,-17.204985,-17.348604,-17.600346,-17.87105,-18.753502,0.35418653,196
6000120000076,6000120000078,6000120000075,6000120000095,29000600003275,29000600003275,6000120000000,6000120000077,-1,0,29,2.6188614,1.9795104,27329,15.305619,53.22965,34.68056,205565,1,5,3,-56.566807,69.85859,-45.36047,22,1.9795104,0.018905802,67.10445,76.62381,0.058986556,0.0051015876,0.0,1.724118E-4,0.16557576,0.0,2.0794617E-4,8.3615305E-6,0.0,9.711404E-8,5.2099822E-5,0.30812418,0.0,36.66989,0.002457026,4.040279E-4,-17.508873,-17.565382,-17.761505,-17.981606,-18.759546,99.0,99.0,99.0,99.0,99.0,-17.45328,-17.521242,-17.726727,-17.956785,-18.752571,0.20223173,904
6000120000077,6000120000078,6000120000076,6000120000096,28000600003339,28000600003339,6000120000000,6000120000078,-1,0,28,2.8311827,1.6352477,27329,15.3529215,53.1783,34.707283,205565,1,5,3,-52.04389,69.31598,-49.102062,20,1.6352477,0.016808826,64.68343,68.41824,0.07791406,0.0024508054,0.0,0.0,0.10369542,0.0,1.1564715E-4,1.984038E-6,0.0,0.0,1.1358565E-5,0.25504982,0.0,0.0,0.0022493645,0.016808826,-17.470327,-17.419365,-17.538595,-17.657925,-18.14067,99.0,99.0,99.0,99.0,99.0,-17.437027,-17.392729,-17.517424,-17.642315,-18.135828,0.09275357,895
6000120000078,6000120000078,6000120000077,6000120000097,27000600003127,27000600003127,6000120000000,-1,-1,0,27,3.060419,0.86065674,27329,15.379924,53.136242,34.739586,205565,1,5,3,-50.58022,69.47139,-53.61961,21,0.86065674,0.012839831,53.69147,60.60373,0.041943833,3.903159E-4,0.0,0.0035654132,0.029292554,0.0,1.9857278E-5,8.405193E-8,0.0,1.03715564E-7,4.978957E-7,0.05158348,0.0,40.445267,0.0024393909,0.0068853544,-15.745963,-15.649712,-15.7329235,-15.796214,-16.016562,99.0,99.0,99.0,99.0,99.0,-15.74353,-15.647647,-15.731172,-15.794814,-16.015953,0.042026244,188
6000120000079,6000120000129,6000120000010,6000120000011,52000600000378,52000600000378,6000120000000,6000120000080,-1,2,52,0.31970343,65.40991,27329,15.117874,54.245102,34.31241,205567,1,6,3,-9.157922,133.56508,-53.356018,83,7.143453,0.048360314,79.70389,135.01907,0.050396778,0.7826029,0.18210386,0.0,0.0,2.2248871E-4,0.0015732566,0.008267277,0.0015163255,0.0,0.0,5.0242E-5,0.0,44.120564,0.003327609,0.04805567,-18.675406,-19.499813,-20.18406,-20.763424,-22.242682,-17.013418,-17.83321,-18.51963,-19.094122,-20.53944,-18.457233,-19.317238,-20.03464,-20.653091,-22.20931,6.0266967,499
6000120000080,6000120000129,6000120000079,6000120000012,51000600000386,51000600000386,6000120000000,6000120000081,-1,2,51,0.36234027,66.873024,27329,15.083902,54.216553,34.355373,205567,1,6,3,146.39456,28.572498,-82.318695,83,7.143453,0.048360314,79.70389,135.01907,0.050402246,0.782602,0.18210386,0.0,0.0,2.2248871E-4,0.0015733873,0.008267253,0.0015163255,0.0,0.0,1.1431553E-4,0.0,44.120564,0.003327609,0.04805567,-18.74072,-19.558916,-20.23863,-20.814035,-22.289953,-17.069237,-17.884623,-18.567692,-19.138922,-20.58184,-18.521936,-19.375935,-20.088926,-20.703518,-22.256535,5.6604333,279
6000120000081,6000120000129,6000120000080,6000120000013,50000600000379,50000600000379,6000120000000,6000120000082,-1,2,50,0.40789944,67.30335,27329,15.053003,54.19062,34.366676,205567,1,6,3,-9.726409,108.55746,-3.202972,83,7.143453,0.048360314,79.70389,135.01907,0.050414838,0.7826003,0.18210386,0.0,0.0,2.2248871E-4,0.0015736873,0.008267199,0.0015163255,0.0,0.0,2.622484E-4,0.0,44.120564,0.003327609,0.04805567,-18.81601,-19.629404,-20.305899,-20.878927,-22.35571,-17.1261,-17.935907,-18.614485,-19.181017,-20.618904,-18.596048,-19.445421,-20.155334,-20.767723,-22.322046,5.2898455,318
6000120000082,6000120000129,6000120000081,6000120000014,49000600000392,49000600000392,6000120000000,6000120000083,-1,2,49,0.45657724,63.86073,27329,15.077513,54.13932,34.41097,205567,1,6,3,-35.397526,123.04681,-196.39925,83,7.143453,0.048360314,79.70389,135.01907,0.050443966,0.7825962,0.18210386,0.0,0.0,2.2248871E-4,0.0015743822,0.008267071,0.0015163255,0.0,0.0,6.049759E-4,0.0,44.120564,0.003327609,0.04805567,-18.904575,-19.712809,-20.38585,-20.955706,-22.431583,-17.183807,-17.986633,-18.659485,-19.220192,-20.651423,-18.682632,-19.527126,-20.233828,-20.84337,-22.397552,4.916076,650
6000120000083,6000120000129,6000120000082,6000120000015,48000600000392,48000600000392,6000120000000,6000120000084,-1,2,48,0.5085914,63.4304,27329,15.069395,54.09335,34.45131,205567,1,6,3,64.28742,93.9162,12.457342,83,7.143453,0.048360314,79.70389,135.01907,0.050511524,0.7825867,0.18210386,0.0,0.0,2.2248871E-4,0.0015759923,0.008266777,0.0015163255,0.0,0.0,0.0013997927,0.0,44.120564,0.003327609,0.04805567,-19.00656,-19.802595,-20.467194,-21.028969,-22.495787,-17.245264,-18.040813,-18.707779,-19.26278,-20.688215,-18.782017,-19.615005,-20.313725,-20.915655,-22.46151,4.540301,362
6000120000084,6000120000129,6000120000083,6000120000016,47000600000390,47000600000390,6000120000000,6000120000085,-1,2,47,0.5641766,62.397614,27329,15.038623,54.059536,34.447914,205567,1,6,3,34.39431,108.53339,-78.03341,83,7.143453,0.048360314,79.70389,135.01907,0.05066818,0.78256464,0.18210386,0.0,0.0,2.2248871E-4,0.0015797238,0.008266092,0.0015163255,0.0,0.0,0.0032395194,0.0,44.120564,0.003327609,0.04805567,-19.123741,-19.905222,-20.559536,-21.111027,-22.567844,-17.311577,-18.099586,-18.760542,-19.30968,-20.729448,-18.895697,-19.71507,-20.404144,-20.99643,-22.533224,4.1637416,889
6000120000085,6000120000129,6000120000084,6000120000017,46000600000397,46000600000397,6000120000000,6000120000086,-1,2,46,0.6235901,61.967285,27329,15.06196,53.9885,34.513718,205567,1,6,3,-171.44072,174.29079,-195.52524,83,7.143453,0.048360314,79.70389,135.01907,0.051030364,0.7825139,0.18210386,0.0,0.0,2.2248871E-4,0.0015883368,0.008264514,0.0015163255,0.0,0.0,0.00747791,0.0,44.120564,0.003327609,0.04805567,-19.26082,-20.023022,-20.664362,-21.203455,-22.647629,-17.385662,-18.16617,-18.82155,-19.36588,-20.783363,-19.027523,-19.829157,-20.506208,-21.086977,-22.612446,3.7877095,510
6000120000086,6000120000129,6000120000085,6000120000018,45000600000383,45000600000383,6000120000000,6000120000087,-1,2,45,0.6871088,55.340225,27329,15.087138,53.9311,34.58697,205567,1,6,3,11.62189,94.11404,-76.93865,83,7.143453,0.048360314,79.70389,135.01907,0.05186273,0.78239733,0.18210386,0.0,0.0,2.2248871E-4,0.0016080613,0.008260893,0.0015163255,0.0,0.0,0.017167857,0.0,44.120564,0.003327609,0.04805567,-19.433666,-20.169764,-20.794138,-21.317272,-22.746433,-17.475359,-18.248508,-18.898535,-19.438147,-20.853474,-19.191925,-19.96983,-20.63139,-21.19755,-22.710096,3.4135978,952
6000120000087,6000120000129,6000120000086,6000120000019,44000600000379,44000600000379,6000120000000,6000120000088,-1,2,44,0.75503564,55.770554,27329,15.055291,53.89797,34.590714,205567,1,6,3,71.78052,78.65434,-24.074242,83,7.143453,0.048360314,79.70389,135.01907,0.053758908,0.78213197,0.18210386,0.0,0.0,2.2248871E-4,0.0016526342,0.008252696,0.0015163255,0.0,0.0,0.03908927,0.0,44.120564,0.003327609,0.04805567,-19.682587,-20.387018,-20.99278,-21.500187,-22.930698,-17.579786,-18.342995,-18.985489,-19.517546,-20.926922,-19.425602,-20.175165,-20.820591,-21.373676,-22.892366,3.042938,702
6000120000088,6000120000129,6000120000087,6000120000020,43000600000410,43000600000410,6000120000000,6000120000089,-1,2,43,0.8276991,69.11073,27329,15.030272,53.831852,34.617043,205567,1,6,3,20.77074,109.11379,-51.34396,83,7.143453,0.048360314,79.70389,135.01907,0.058028083,0.781534,0.18210386,0.0,0.0,2.2248871E-4,0.0017512364,0.008234495,0.0015163255,0.0,0.0,0.08802503,0.0,44.120564,0.003327609,0.04805567,-19.995293,-20.627214,-21.192423,-21.674393,-23.0841,-17.702467,-18.453096,-19.086739,-19.610771,-21.0158,-19.709578,-20.39369,-21.003304,-21.5354,-23.041576,2.6775136,946
6000120000089,6000120000129,6000120000088,6000120000021,42000600000394,42000600000394,6000120000000,6000120000090,-1,2,42,0.9054624,67.21729,27329,14.991351,53.802433,34.629345,205567,1,6,3,194.16162,73.216644,-3.344898,83,7.143453,0.048360314,79.70389,135.01907,0.06750204,0.78020704,0.18210386,0.0,0.0,2.2248871E-4,0.0019621179,0.008195248,0.0015163255,0.0,0.0,0.19551541,0.0,44.120564,0.003327609,0.04805567,-20.416483,-20.913393,-21.399694,-21.834806,-23.169476,-17.857042,-18.588566,-19.21019,-19.724152,-21.122658,-20.074121,-20.636312,-21.17628,-21.669828,-23.11624,2.3194678,589
6000120000090,6000120000129,6000120000089,6000120000067,41000600000351,41000600000350,6000120000000,6000120000091,-1,1,41,0.98870814,57.836132,27329,14.954144,53.77932,34.619934,205567,1,6,3,-24.100376,76.851944,2.7094169,83,7.143453,0.048360314,79.70389,135.01907,0.08816434,0.77731323,0.18210386,0.0,0.0,2.2248871E-4,0.002390029,0.008114242,0.0015163255,0.0,0.0,8.394721,0.06020776,44.120564,0.003327609,0.04805567,-21.666067,-21.887712,-22.299377,-22.747856,-24.12006,-18.075565,-18.762836,-19.362068,-19.860388,-21.248226,-21.26263,-21.558378,-22.032822,-22.55169,-24.061111,1.9716567,648
6000120000091,6000120000111,6000120000090,6000120000068,39000600000389,39000600000389,6000120000000,6000120000092,6000120000112,0,39,1.173417,46.561527,27329,14.997296,53.657246,34.67996,205565,1,6,3,10.321157,124.47951,-49.926483,468,46.561527,0.084519126,153.9239,145.54207,1.758794,0.35678798,0.0,3.4960997,1.3727531,0.0,0.016849458,0.003068667,0.0,0.015325534,0.008840069,3.495205,0.0,44.120564,0.01560884,0.04805567,-20.585047,-20.844603,-21.215767,-21.574457,-22.76223,99.0,99.0,99.0,99.0,99.0,-20.379168,-20.685133,-21.086958,-21.475286,-22.725128,1.8527802,744
6000120000092,6000120000111,6000120000091,6000120000069,38000600000329,38000600000329,6000120000000,6000120000093,-1,0,38,1.2758462,36.147583,27329,14.987044,53.580235,34.737053,205565,1,6,3,14.092993,123.982956,-51.082237,462,36.147583,0.074919134,144.04999,153.86601,1.49884,0.3088238,0.0,1.5224267,1.4729869,0.0,0.014246045,0.0026045742,0.0,0.01474379,0.009618773,2.1915247,0.0,43.811893,0.017369607,0.049264047,-20.266312,-20.568308,-20.959578,-21.326422,-22.5161,99.0,99.0,99.0,99.0,99.0,-20.195911,-20.513048,-20.915497,-21.293829,-22.505667,1.7861619,345
6000120000093,6000120000111,6000120000092,6000120000070,37000600000386,37000600000386,6000120000000,6000120000094,-1,0,37,1.3857181,33.049217,27329,14.981842,53.52977,34.73817,205565,1,5,3,21.742048,125.88768,-52.029762,402,33.049217,0.069995515,142.50018,159.48462,1.0389696,0.27970192,0.0,1.7650079,1.5710078,0.0,0.009415282,0.0023405524,0.0,0.010251403,0.009822763,1.1274576,0.0,43.878914,0.016589304,0.046722148,-19.993975,-20.345146,-20.75356,-21.12696,-22.330353,99.0,99.0,99.0,99.0,99.0,-19.9456,-20.307041,-20.723204,-21.104723,-22.323542,1.637577,708
6000120000094,6000120000111,6000120000093,6000120000071,36000600000364,36000600000364,6000120000000,6000120000095,-1,0,36,1.5036365,28.832,27329,14.96972,53.44363,34.763706,205565,1,5,3,9.788678,117.40022,-31.7895,314,28.832,0.06425834,138.9129,127.974174,0.720771,0.26524383,0.0,1.0918204,1.680079,0.0,0.0069738664,0.0022061167,0.0,0.007853825,0.010442865,0.63288057,0.0,43.681736,0.01430982,0.042793084,-20.042345,-20.374226,-20.761139,-21.124483,-22.321342,99.0,99.0,99.0,99.0,99.0,-19.989489,-20.33244,-20.727705,-21.099916,-22.313787,1.4113287,810
6000120000095,6000120000111,6000120000094,6000120000072,35000600000511,35000600000511,6000120000000,6000120000096,-1,0,35,1.6302707,11.188538,27329,14.973366,53.38778,34.75184,205565,1,5,3,21.788197,139.80074,-31.093395,164,11.188538,0.04494682,103.46826,114.04764,0.42761102,0.25743774,0.0,0.0,1.569992,0.0,0.005158924,0.0021275945,0.0,-2.646978E-23,0.010119313,7.2095594,0.0,0.0,0.0028314732,0.04494682,-20.847536,-21.033651,-21.345173,-21.661524,-22.748867,99.0,99.0,99.0,99.0,99.0,-19.891819,-20.221966,-20.655998,-21.121056,-22.538975,1.1542459,236
6000120000096,6000120000111,6000120000095,6000120000073,34000600001013,34000600001013,6000120000000,6000120000097,-1,0,34,1.766336,9.209027,27329,14.963508,53.334072,34.760075,205565,1,5,3,10.360566,114.67509,-5.3852177,107,9.209027,0.040319387,99.11055,120.208405,0.17061846,0.17219608,0.0,0.042881742,0.99127924,0.0,0.0022549592,0.0014264543,0.0,2.6309298E-4,0.0051152688,1.8995506,0.0,41.81478,0.002941075,0.018703178,-19.777227,-20.066696,-20.447157,-20.807447,-21.995003,99.0,99.0,99.0,99.0,99.0,-19.359615,-19.730682,-20.176033,-20.60694,-21.93229,1.3599896,454
6000120000097,6000120000111,6000120000096,6000120000074,33000600001082,33000600001082,6000120000000,6000120000098,-1,0,33,1.9126327,8.778699,27329,14.958592,53.25363,34.771805,205565,1,5,3,13.618519,115.7383,-13.883833,93,8.778699,0.037914235,99.78928,117.18425,0.32218114,0.1507349,0.0,0.016206183,0.82663584,0.0,0.0027654031,0.0011999428,0.0,7.025018E-5,0.0038946439,1.036962,0.0,41.08893,0.003949198,0.009460573,-19.793259,-20.080921,-20.451956,-20.791248,-21.919542,99.0,99.0,99.0,99.0,99.0,-19.37149,-19.737066,-20.169153,-20.57345,-21.844652,1.2600847,893
6000120000098,6000120000111,6000120000097,6000120000075,32000600001056,32000600001056,6000120000000,6000120000099,-1,0,32,2.0700274,7.831976,27329,14.937109,53.17392,34.76933,205565,1,5,3,22.280598,114.67981,-13.411802,91,7.831976,0.034812372,98.3646,103.1574,0.1659933,0.13957518,0.0,0.04315117,0.82070833,0.0,0.0020435546,0.0010862193,0.0,3.092111E-4,0.003903901,0.9736222,0.0,42.021355,0.0038668574,0.02107165,-19.546751,-19.857725,-20.23819,-20.593191,-21.769402,99.0,99.0,99.0,99.0,99.0,-19.313044,-19.674896,-20.093283,-20.487526,-21.737871,1.0944922,785
6000120000099,6000120000111,6000120000098,6000120000076,31000600000989,31000600000989,6000120000000,6000120000100,-1,0,31,2.2394855,8.004107,27329,14.938764,53.112236,34.77685,205565,1,5,3,19.192705,112.187805,-13.659,96,8.004107,0.033387642,101.539154,108.83509,0.09071049,0.12962396,0.0,0.14220607,0.8459273,0.0,0.0014195743,9.773867E-4,0.0,8.6559204E-4,0.0035597607,1.7681171,0.0,42.829575,0.0015607504,0.032810923,-19.811563,-20.049955,-20.391823,-20.722555,-21.850431,99.0,99.0,99.0,99.0,99.0,-18.945698,-19.33568,-19.80783,-20.288622,-21.717756,0.92260414,209
6000120000100,6000120000111,6000120000099,6000120000077,30000600000961,30000600000961,6000120000000,6000120000101,-1,0,30,2.422044,7.573779,27329,14.937478,53.02837,34.790863,205565,1,5,3,15.5232525,107.7014,-18.473577,92,7.573779,0.031157846,102.24512,113.72574,0.15617704,0.11251272,0.0,0.12142256,0.75769866,0.0,0.0019690893,7.347287E-4,0.0,6.522815E-4,0.0025656219,1.5729756,0.0,42.779354,0.0025879045,0.02879423,-19.797804,-20.003119,-20.315535,-20.624151,-21.701122,99.0,99.0,99.0,99.0,99.0,-19.272678,-19.589256,-19.986168,-20.382545,-21.627264,0.8104476,789
6000120000101,6000120000111,6000120000100,6000120000078,29000600000896,29000600000896,6000120000000,6000120000102,-1,0,29,2.6188614,7.4016476,27329,14.918394,52.97979,34.791542,205565,1,5,3,18.011381,105.538445,-14.670441,92,7.4016476,0.029343955,104.15373,108.504135,0.20236917,0.098139554,0.0,0.12518857,0.70511496,0.0,0.0021421886,5.696139E-4,0.0,5.2488653E-4,0.0019285503,2.0146747,0.0,42.81291,0.002877943,0.025528261,-19.889847,-20.050785,-20.333422,-20.623425,-21.668587,99.0,99.0,99.0,99.0,99.0,-19.491533,-19.737024,-20.086378,-20.446064,-21.617992,0.69248605,456
6000120000102,6000120000111,6000120000101,6000120000079,28000600000834,28000600000834,6000120000000,6000120000103,-1,0,28,2.8311827,6.971319,27329,14.9229145,52.902145,34.814423,205565,1,5,3,17.149435,101.38104,-16.454714,93,6.971319,0.027255105,104.882614,108.60324,0.27573532,0.08080738,0.0,0.11569405,0.5980405,0.0,0.002198542,4.1048077E-4,0.0,4.1255643E-4,0.00123144,1.7768723,0.0,42.822506,0.0039717094,0.02323212,-19.797499,-19.938917,-20.204548,-20.480684,-21.48268,99.0,99.0,99.0,99.0,99.0,-19.553736,-19.7562,-20.065569,-20.383802,-21.456272,0.61057115,332
6000120000103,6000120000111,6000120000102,6000120000080,27000600000762,27000600000762,6000120000000,6000120000104,-1,0,27,3.060419,6.885254,27329,14.922003,52.85272,34.829742,205565,1,5,3,18.19802,94.51901,-18.116156,93,6.885254,0.025679663,107.38294,111.04947,0.3096343,0.066452436,0.0,0.17105116,0.5207432,0.0,0.0019796877,3.0911752E-4,0.0,4.1286854E-4,7.958221E-4,1.8647392,0.0,43.094475,0.00407407,0.024222834,-19.795101,-19.909575,-20.153336,-20.411171,-21.360857,99.0,99.0,99.0,99.0,99.0,-19.684166,-19.820278,-20.082218,-20.359922,-21.346176,0.52676415,101
6000120000104,6000120000111,6000120000103,6000120000081,26000600000824,26000600000824,6000120000000,6000120000105,-1,0,26,3.3080978,6.6270566,27329,14.912127,52.804302,34.824013,205565,1,5,3,5.708012,93.00401,-16.249327,75,6.6270566,0.023952762,109.081856,117.997505,0.30062014,0.05234254,0.0,0.24180904,0.44151947,0.0,0.0016239756,2.277887E-4,0.0,3.4570097E-4,5.574045E-4,1.5879112,0.0,43.28812,0.004257635,0.022763599,-19.690727,-19.796238,-20.028313,-20.277142,-21.190063,99.0,99.0,99.0,99.0,99.0,-19.589916,-19.717804,-19.967628,-20.23408,-21.178444,0.46254382,506
6000120000105,6000120000111,6000120000104,6000120000082,25000600000801,25000600000801,6000120000000,6000120000106,-1,0,25,3.575905,5.594269,27329,14.921798,52.75772,34.8349,205565,1,5,3,3.6888413,91.851685,-21.360308,67,5.594269,0.021355385,106.142166,110.920074,0.28150666,0.041117284,0.0,0.15245542,0.39824462,0.0,0.0013158495,1.712207E-4,0.0,1.9096235E-4,4.8603446E-4,1.7738132,0.0,43.041122,0.004024328,0.018032923,-19.607367,-19.694246,-19.912296,-20.14705,-21.03271,99.0,99.0,99.0,99.0,99.0,-19.516314,-19.62278,-19.856745,-20.10746,-21.022062,0.3961583,21
6000120000106,6000120000111,6000120000105,6000120000083,24000600000789,24000600000789,6000120000000,6000120000107,-1,0,24,3.8656828,4.5614805,27334,14.933797,52.692554,34.83112,205551,1,5,3,-6.0851383,89.8307,-16.898502,60,4.5614805,0.01879473,102.165634,105.44212,0.32805207,0.029431494,0.0,0.0321844,0.32024786,0.0,9.877149E-4,1.2638536E-4,0.0,2.9492758E-5,4.054332E-4,1.0111283,0.0,41.91353,0.0032118412,0.0072404556,-19.558512,-19.599123,-19.776985,-19.965563,-20.73244,99.0,99.0,99.0,99.0,99.0,-19.478691,-19.535168,-19.726572,-19.928944,-20.722208,0.36261615,487
6000120000107,6000120000111,6000120000106,6000120000084,23000600000738,23000600000738,6000120000000,6000120000108,-1,0,23,4.1794686,2.9262328,27334,14.9563,52.675255,34.84942,205551,1,5,3,-3.5164475,83.81364,-16.004053,55,2.9262328,0.015249604,90.843765,99.34416,0.11512631,0.023238594,0.0,0.007971954,0.29786152,0.0,6.755722E-4,1.0114318E-4,0.0,1.6106176E-5,4.3026247E-4,0.50713784,0.0,41.45181,0.0028275289,0.009367179,-18.836761,-18.938732,-19.16774,-19.419436,-20.344498,99.0,99.0,99.0,99.0,99.0,-18.7035,-18.838892,-19.092505,-19.367472,-20.331291,0.29967472,351
6000120000108,6000120000111,6000120000107,6000120000085,22000600001067,22000600001067,6000120000000,6000120000109,-1,0,22,4.5195556,2.7541015,27334,14.978134,52.614113,34.858147,205551,1,5,3,-16.40347,72.219574,-20.127485,35,2.7541015,0.014040925,91.84639,95.030685,0.0754095,0.020357257,0.0,0.007250487,0.3219066,0.0,5.512523E-4,8.3729115E-5,0.0,1.5726237E-5,4.2072716E-4,1.1629115,0.0,41.41777,0.0013279523,0.00825798,-19.124636,-19.170212,-19.366867,-19.594381,-20.478525,99.0,99.0,99.0,99.0,99.0,-18.683811,-18.8199,-19.087872,-19.391224,-20.413067,0.19726343,14
6000120000109,6000120000111,6000120000108,6000120000086,21000600000996,21000600000996,6000120000000,6000120000110,-1,0,21,4.888449,2.4098387,27334,14.972366,52.58451,34.864147,205551,1,5,3,-13.267252,68.39125,-23.269236,32,2.4098387,0.0126013355,90.68922,98.21682,0.082132354,0.014241945,0.0,0.007329637,0.2720967,0.0,4.6365184E-4,4.395938E-5,0.0,1.0366841E-5,2.3159798E-4,1.5432347,0.0,41.380417,0.0011539508,0.0071180393,-19.088417,-19.11788,-19.306517,-19.515635,-20.35079,99.0,99.0,99.0,99.0,99.0,-18.513186,-18.649786,-18.925358,-19.226925,-20.24491,0.12840474,796
6000120000110,6000120000111,6000120000109,6000120000087,20000600001227,20000600001227,6000120000000,6000120000111,-1,0,20,5.2888336,1.7213135,27334,14.967415,52.538982,34.874767,205551,1,5,3,-13.324976,78.60031,-22.840837,22,1.7213135,0.010556355,83.74193,112.37781,0.0967362,0.0067487285,0.0,0.0023176558,0.16163212,0.0,2.8615733E-4,1.0299836E-5,0.0,1.5500361E-6,5.718898E-5,0.90401536,0.0,40.55485,0.0019404263,0.003963553,-18.316296,-18.32539,-18.500784,-18.689426,-19.408222,99.0,99.0,99.0,99.0,99.0,-18.206503,-18.239899,-18.434067,-18.640955,-19.392763,0.08820344,608
6000120000111,6000120000111,6000120000110,6000120000088,19000600001091,19000600001091,6000120000000,-1,-1,0,19,5.7238646,1.2909851,27334,14.992123,52.498505,34.86992,205551,1,5,3,-7.1404524,77.60835,-18.765802,20,1.2909851,0.008977035,78.64373,87.90691,0.11196923,0.0027034103,0.0,0.0028388689,0.08408482,0.0,1.3105363E-4,1.7565625E-6,0.0,7.06761E-7,8.767804E-6,0.657056,0.0,43.784126,0.0014913895,0.010051971,-17.86654,-17.736034,-17.79476,-17.83626,-18.162718,99.0,99.0,99.0,99.0,99.0,-17.822245,-17.700829,-17.766851,-17.815825,-18.156197,0.02816512,185
6000120000112,6000120000129,6000120000090,6000120000068,39000600000389,39000600000389,6000120000000,6000120000113,-1,2,39,1.173417,46.561527,27329,14.988454,53.635468,34.707664,205565,1,6,3,-13.904378,160.14769,12.251933,28,2.4098396,0.028095318,60.736122,78.08475,0.044302944,0.18038157,0.0,0.0,0.0,0.0,0.0010397369,0.0014740854,0.0,0.0,0.0,0.17447846,0.0,40.078125,0.0024984383,0.0057400493,-18.6075,-19.1772,-19.717224,-20.178867,-21.529522,99.0,99.0,99.0,99.0,99.0,-18.28331,-18.914654,-19.503279,-20.019503,-21.478346,2.325578,214
6000120000113,6000120000129,6000120000112,6000120000069,38000600000329,38000600000329,6000120000000,6000120000114,-1,2,38,1.2758462,36.147583,27329,15.002589,53.586197,34.702625,205565,1,6,3,-22.610653,66.32155,-47.333862,28,2.4098396,0.028095318,60.736122,78.08475,0.061399408,0.17798719,0.0,0.0,0.0,0.0,0.0012941508,0.0014210588,0.0,0.0,0.0,0.36216283,0.0,40.078125,0.0024984383,0.0057400493,-18.915058,-19.397078,-19.890785,-20.324694,-21.63487,99.0,99.0,99.0,99.0,99.0,-18.497847,-19.063032,-19.616856,-20.11639,-21.559586,2.0245771,421
6000120000114,6000120000129,6000120000113,6000120000070,37000600000386,37000600000386,6000120000000,6000120000115,-1,2,37,1.3857181,33.049217,27329,14.981379,53.536095,34.732143,205565,1,5,3,98.77013,151.39867,-76.64473,28,2.4098396,0.028095318,60.736122,78.08475,0.09576295,0.17317465,0.0,0.0,0.0,0.0,0.0017072272,0.0013284177,0.0,0.0,0.0,0.73324525,0.0,40.078125,0.0024984383,0.0057400493,-19.251257,-19.639402,-20.08148,-20.483618,-21.741642,99.0,99.0,99.0,99.0,99.0,-18.750708,-19.238974,-19.754381,-20.23635,-21.655798,1.7565172,472
6000120000115,6000120000129,6000120000114,6000120000098,36000600000366,36000600000364,6000120000000,6000120000116,-1,1,36,1.5036365,28.832,27329,14.950449,53.393513,34.809513,205565,1,5,3,47.568844,218.64531,-119.29815,28,2.4098396,0.028095318,60.736122,78.08475,0.1629026,0.16377184,0.0,0.0,0.0,0.0,0.0022723265,0.0011815501,0.0,0.0,0.0,1.445935,0.0,40.078125,0.0024984383,0.0057400493,-19.574608,-19.884537,-20.282564,-20.655914,-21.860329,99.0,99.0,99.0,99.0,99.0,-18.88294,-19.32003,-19.81226,-20.288885,-21.708443,1.5393193,643
6000120000116,6000120000129,6000120000115,6000120000099,35000600000512,35000600000511,6000120000000,6000120000117,-1,1,35,1.6302707,11.188538,27329,14.915859,53.284252,34.880775,205565,1,5,3,64.80428,161.35376,-105.93144,75,6.4549274,0.037417233,86.13503,97.60634,0.29024628,0.14593747,0.0,0.0,0.0,0.0,0.002825775,9.758295E-4,0.0,0.0,0.0,0.9091797,0.0,40.078125,0.0064660828,0.0057400493,-19.424646,-19.768206,-20.173712,-20.544188,-21.738255,99.0,99.0,99.0,99.0,99.0,-19.263622,-19.64434,-20.075369,-20.470856,-21.714184,1.4109014,700
6000120000117,6000120000129,6000120000116,6000120000100,34000600000793,34000600000793,6000120000000,6000120000118,-1,0,34,1.766336,7.9180417,27329,14.904848,53.16875,34.923004,205565,1,5,3,60.90668,150.90266,-101.16453,131,7.9180417,0.038339693,94.24419,96.35453,0.36700234,0.13518788,0.0,0.0024649044,0.86273867,0.0,0.002940996,8.812559E-4,0.0,1.1611261E-5,0.003255931,1.0704875,0.0,40.078125,0.0074639358,0.0057400493,-19.527151,-19.84175,-20.221174,-20.56936,-21.708029,99.0,99.0,99.0,99.0,99.0,-19.392223,-19.734837,-20.135014,-20.504534,-21.687021,1.2269937,776
6000120000118,6000120000129,6000120000117,6000120000101,33000600000995,33000600000995,6000120000000,6000120000119,-1,0,33,1.9126327,8.434436,27329,14.849206,53.09146,34.970234,205565,1,5,3,56.453476,145.65442,-92.27579,107,8.434436,0.037412,98.467415,102.49611,0.19582282,0.123093486,0.0,0.12258165,0.8163182,0.0,0.0022316384,7.945162E-4,0.0,6.158644E-4,0.0028363336,1.0079187,0.0,42.639442,0.004060535,0.033396564,-19.538689,-19.828192,-20.193968,-20.534977,-21.661047,99.0,99.0,99.0,99.0,99.0,-19.297108,-19.636515,-20.040188,-20.421106,-21.625166,1.061992,607
6000120000119,6000120000129,6000120000118,6000120000102,32000600000971,32000600000971,6000120000000,6000120000120,-1,0,32,2.0700274,8.348371,27329,14.811722,53.015457,35.042976,205565,1,5,3,57.96674,141.40334,-79.86238,101,8.348371,0.035561256,100.48061,107.18849,0.22655128,0.11224631,0.0,0.10115351,0.8148157,0.0,0.0022864982,6.784588E-4,0.0,4.0095244E-4,0.0025415404,1.1751322,0.0,42.493126,0.004522687,0.025613734,-19.662727,-19.914284,-20.252342,-20.577646,-21.66926,99.0,99.0,99.0,99.0,99.0,-19.489279,-19.775454,-20.141207,-20.496248,-21.644894,0.89301646,447
6000120000120,6000120000129,6000120000119,6000120000103,31000600000927,31000600000927,6000120000000,6000120000121,-1,0,31,2.2394855,7.9180417,27329,14.777078,52.938602,35.088284,205565,1,5,3,57.768616,129.40506,-77.02369,105,7.9180417,0.033267543,101.173904,103.15577,0.29843724,0.10023548,0.0,4.073161E-4,0.8067487,0.0,0.0023851844,5.702172E-4,0.0,1.8549208E-6,0.0023180444,2.3288715,0.0,37.70085,0.0039851684,6.168747E-4,-19.97114,-20.144068,-20.428106,-20.717512,-21.729805,99.0,99.0,99.0,99.0,99.0,-19.71898,-19.94345,-20.268785,-20.60114,-21.695591,0.7386487,110
6000120000121,6000120000129,6000120000120,6000120000104,30000600000872,30000600000872,6000120000000,6000120000122,-1,0,30,2.422044,7.9180417,27329,14.738879,52.84802,35.13385,205565,1,5,3,53.89408,125.99735,-74.31445,103,7.9180417,0.031622957,103.771385,104.9471,0.45936686,0.077697426,0.0,0.0,0.66881955,0.0,0.0022223454,4.2996698E-4,0.0,0.0,0.0014370246,1.6280916,0.0,0.0,0.0035019,0.031622957,-19.971457,-20.065245,-20.297094,-20.536806,-21.475647,99.0,99.0,99.0,99.0,99.0,-19.663435,-19.833612,-20.122295,-20.41436,-21.444147,0.6835547,597
6000120000122,6000120000129,6000120000121,6000120000105,29000600000838,29000600000838,6000120000000,6000120000123,-1,0,29,2.6188614,6.799188,27390,14.719151,52.801388,35.163177,205785,1,5,3,53.009968,125.12171,-71.10955,99,6.799188,0.028525168,101.24752,109.80486,0.21544588,0.062820606,0.0,0.16701443,0.58389014,0.0,0.0013994867,3.365545E-4,0.0,3.4948403E-4,0.0012208216,1.4068656,0.0,42.961533,0.0035189544,0.02780752,-19.537983,-19.68273,-19.945456,-20.217138,-21.197187,99.0,99.0,99.0,99.0,99.0,-19.409327,-19.582584,-19.867373,-20.161646,-21.1817,0.6034633,925
6000120000123,6000120000129,6000120000122,6000120000106,28000600000900,28000600000900,6000120000000,6000120000124,-1,0,28,2.8311827,5.9385314,27390,14.6869135,52.74216,35.180534,205785,1,5,3,54.087734,121.20175,-61.912174,85,5.9385314,0.025836632,99.42407,103.09536,0.24482282,0.05071739,0.0,0.08211404,0.5183558,0.0,0.0011530768,2.6853723E-4,0.0,1.1806523E-4,0.0011296563,1.1759168,0.0,42.45017,0.0028371573,0.016891073,-19.617296,-19.710903,-19.940487,-20.17202,-21.098011,99.0,99.0,99.0,99.0,99.0,-19.453852,-19.584335,-19.842587,-20.102512,-21.079187,0.5153469,713
6000120000124,6000120000129,6000120000123,6000120000107,27000600001315,27000600001315,6000120000000,6000120000125,-1,0,27,3.060419,4.0450864,27385,14.663222,52.640675,35.206303,205771,1,5,3,73.36301,115.32136,-43.339714,53,4.0450864,0.0215076,89.9369,96.91374,0.062476274,0.041217424,0.0,0.020496864,0.46501186,0.0,6.8886933E-4,2.2762826E-4,0.0,6.7981426E-5,0.0011848584,1.4452999,0.0,41.90334,0.0013729688,0.018967617,-19.22797,-19.348467,-19.59512,-19.861456,-20.835361,99.0,99.0,99.0,99.0,99.0,-18.681566,-18.913383,-19.249813,-19.61307,-20.764196,0.42776152,388
6000120000125,6000120000129,6000120000124,6000120000108,26000600001299,26000600001299,6000120000000,6000120000126,-1,0,26,3.3080978,3.6147583,27385,14.617415,52.571182,35.221928,205770,1,5,3,70.98408,108.04645,-48.01968,48,3.6147583,0.019570794,89.1262,88.171196,0.13926268,0.030281296,0.0,0.0072422265,0.35135975,0.0,7.260283E-4,1.4422573E-4,0.0,1.2807389E-5,7.1069057E-4,0.6088191,0.0,40.92025,0.0025156136,0.0081374915,-19.12793,-19.220531,-19.43781,-19.670218,-20.551733,99.0,99.0,99.0,99.0,99.0,-18.99015,-19.11238,-19.35357,-19.60999,-20.535353,0.361656,471
6000120000126,6000120000129,6000120000125,6000120000109,25000600001462,25000600001462,6000120000000,6000120000127,-1,0,25,3.575905,2.840167,27385,14.573921,52.49613,35.26054,205770,1,5,3,68.63208,112.03216,-61.50357,39,2.840167,0.01703626,84.67492,83.939545,0.04025769,0.02597743,0.0,0.003925831,0.33896595,0.0,5.0587725E-4,1.2001721E-4,0.0,1.40520715E-5,7.272865E-4,1.2665318,0.0,40.89803,0.0010092873,0.0097445,-19.06573,-19.15826,-19.388414,-19.651167,-20.582966,99.0,99.0,99.0,99.0,99.0,-18.446636,-18.649342,-18.975872,-19.349215,-20.493744,0.24185391,915
6000120000127,6000120000129,6000120000126,6000120000110,24000600001610,24000600001610,6000120000000,6000120000128,-1,0,24,3.8656828,2.1516418,27385,14.53212,52.442635,35.27134,205770,1,5,3,69.92197,104.547134,-52.49843,32,2.1516418,0.0146304425,79.52913,90.13665,0.09977508,0.017633596,0.0,0.0,0.26468325,0.0,5.976281E-4,4.808891E-5,0.0,0.0,2.8236685E-4,1.4616733,0.0,0.0,0.001733136,0.0146304425,-19.114754,-19.157986,-19.350039,-19.570213,-20.409845,99.0,99.0,99.0,99.0,99.0,-18.853306,-18.953241,-19.191082,-19.458042,-20.379696,0.15293227,119
6000120000128,6000120000129,6000120000127,6000120000111,23000600001387,23000600001387,6000120000000,6000120000129,-1,0,23,4.1794686,2.5819702,27385,14.462368,52.3826,35.3119,205770,1,5,3,68.84303,102.68048,-50.877266,32,2.5819702,0.014626464,87.131645,93.46441,0.1375188,0.00868122,0.0,0.027098121,0.21289101,0.0,3.746061E-4,1.2801724E-5,0.0,1.2970252E-5,5.6528173E-5,1.231373,0.0,42.11439,0.0019221504,0.011654812,-19.022118,-19.016106,-19.157831,-19.310062,-19.897291,99.0,99.0,99.0,99.0,99.0,-18.926594,-18.938189,-19.095882,-19.264078,-19.883543,0.079713665,976
6000120000129,6000120000129,6000120000128,6000120000112,22000600001222,22000600001222,6000120000000,-1,-1,0,22,4.5195556,1.2909851,27385,14.449197,52.350357,35.34534,205770,1,5,3,65.75582,98.95672,-48.29715,31,1.2909851,0.010907104,71.34702,85.32564,0.0988782,0.0016850906,0.0,0.01208055,0.06646169,0.0,8.3556784E-5,7.104081E-7,0.0,1.0561696E-6,3.3656195E-6,0.32044333,0.0,41.478985,0.0021496234,0.0067388215,-17.738398,-17.615644,-17.65417,-17.673223,-17.80917,99.0,99.0,99.0,99.0,99.0,-17.725473,-17.6049,-17.645344,-17.666334,-17.806498,0.03300172,752
6000120000130,6000120000166,6000120000008,6000120000009,54000600000441,54000600000441,6000120000000,6000120000131,-1,2,54,0.24246909,67.38942,27329,15.116974,54.3097,34.288853,205567,1,6,3,-67.50277,66.092255,-96.18514,94,8.090176,0.04880579,84.433205,117.97984,0.05243001,0.3372394,0.0,0.0,0.0,0.0,0.0012122933,0.0033461147,0.0,0.0,0.0,1.4449562E-5,0.0,41.1975,0.0032681627,0.012794911,-17.62739,-18.457788,-19.147516,-19.728483,-21.20109,99.0,99.0,99.0,99.0,99.0,-17.407433,-18.27533,-18.999096,-19.61987,-21.168978,7.253494,997
6000120000131,6000120000166,6000120000130,6000120000010,53000600000397,53000600000397,6000120000000,6000120000132,-1,2,53,0.2798018,66.01237,27329,15.1313925,54.270863,34.309635,205567,1,6,3,65.204216,101.7322,-28.39297,94,8.090176,0.04880579,84.433205,117.97984,0.05243153,0.33723938,0.0,0.0,0.0,0.0,0.0012123171,0.0033461098,0.0,0.0,0.0,3.4251156E-5,0.0,41.1975,0.0032681627,0.012794911,-17.675684,-18.498568,-19.182758,-19.758642,-21.225195,99.0,99.0,99.0,99.0,99.0,-17.45572,-18.316105,-19.034332,-19.650023,-21.193083,6.8989315,146
6000120000132,6000120000166,6000120000131,6000120000011,52000600000378,52000600000378,6000120000000,6000120000133,-1,2,52,0.31970343,65.40991,27329,15.094407,54.264473,34.3214,205567,1,6,3,135.37952,-63.965816,-110.59838,94,8.090176,0.04880579,84.433205,117.97984,0.052435204,0.3372388,0.0,0.0,0.0,0.0,0.0012123748,0.0033460977,0.0,0.0,0.0,8.2319646E-5,0.0,41.1975,0.0032681627,0.012794911,-17.733177,-18.549742,-19.229624,-19.802044,-21.265587,99.0,99.0,99.0,99.0,99.0,-17.513187,-18.367258,-19.081182,-19.693415,-21.233469,6.5380173,759
6000120000133,6000120000166,6000120000132,6000120000012,51000600000386,51000600000386,6000120000000,6000120000134,-1,2,51,0.36234027,66.873024,27329,15.061993,54.2286,34.360023,205567,1,6,3,21.344568,198.06416,-77.767815,94,8.090176,0.04880579,84.433205,117.97984,0.05244417,0.33723754,0.0,0.0,0.0,0.0,0.0012125153,0.0033460688,0.0,0.0,0.0,2.0001475E-4,0.0,41.1975,0.0032681627,0.012794911,-17.79798,-18.60846,-19.284302,-19.85358,-21.31509,99.0,99.0,99.0,99.0,99.0,-17.57795,-18.425945,-19.135836,-19.744932,-21.282967,6.1717663,243
6000120000134,6000120000166,6000120000133,6000120000013,50000600000379,50000600000379,6000120000000,6000120000135,-1,2,50,0.40789944,67.30335,27329,15.101225,54.169674,34.365208,205567,1,6,3,-148.65767,117.17568,-54.09279,94,8.090176,0.04880579,84.433205,117.97984,0.05246619,0.33723447,0.0,0.0,0.0,0.0,0.0012128622,0.003345997,0.0,0.0,0.0,4.906546E-4,0.0,41.1975,0.0032681627,0.012794911,-17.876305,-18.681408,-19.3542,-19.92173,-21.38435,99.0,99.0,99.0,99.0,99.0,-17.656168,-18.498812,-19.205667,-19.813032,-21.352211,5.8012204,161
6000120000135,6000120000166,6000120000134,6000120000014,49000600000392,49000600000392,6000120000000,6000120000136,-1,2,49,0.45657724,63.86073,27329,15.125689,54.114166,34.416077,205567,1,6,3,11.176534,131.39923,-132.92479,94,8.090176,0.04880579,84.433205,117.97984,0.052520707,0.33722684,0.0,0.0,0.0,0.0,0.0012137197,0.0033458208,0.0,0.0,0.0,0.0012106001,0.0,41.1975,0.0032681627,0.012794911,-17.973267,-18.772242,-19.440725,-20.004,-21.463184,99.0,99.0,99.0,99.0,99.0,-17.752907,-18.58946,-19.292042,-19.895191,-21.431013,5.4275584,325
6000120000136,6000120000166,6000120000135,6000120000015,48000600000392,48000600000392,6000120000000,6000120000137,-1,2,48,0.5085914,63.4304,27329,15.08627,54.075695,34.451122,205567,1,6,3,182.28325,41.68824,-65.20464,94,8.090176,0.04880579,84.433205,117.97984,0.052655887,0.33720794,0.0,0.0,0.0,0.0,0.0012158462,0.0033453833,0.0,0.0,0.0,0.0029965013,0.0,41.1975,0.0032681627,0.012794911,-18.079052,-18.866217,-19.52582,-20.079643,-21.529926,99.0,99.0,99.0,99.0,99.0,-17.857412,-18.682617,-19.376474,-19.970276,-21.497448,5.052009,192
6000120000137,6000120000166,6000120000136,6000120000016,47000600000390,47000600000390,6000120000000,6000120000138,-1,2,47,0.5641766,62.397614,27329,15.016445,54.084606,34.460365,205567,1,6,3,125.45258,29.666168,38.355114,94,8.090176,0.04880579,84.433205,117.97984,0.052991234,0.337161,0.0,0.0,0.0,0.0,0.0012211101,0.0033443,0.0,0.0,0.0,0.007418754,0.0,41.1975,0.0032681627,0.012794911,-18.207525,-18.978964,-19.627882,-20.17081,-21.60994,99.0,99.0,99.0,99.0,99.0,-17.983967,-18.793976,-19.477425,-20.060598,-21.577179,4.676007,320
6000120000138,6000120000166,6000120000137,6000120000017,46000600000397,46000600000397,6000120000000,6000120000139,-1,2,46,0.6235901,61.967285,27329,14.965285,54.058792,34.43678,205567,1,6,3,52.765896,72.73842,39.728664,94,8.090176,0.04880579,84.433205,117.97984,0.053820647,0.3370448,0.0,0.0,0.0,0.0,0.0012340633,0.0033416306,0.0,0.0,0.0,0.018316051,0.0,41.1975,0.0032681627,0.012794911,-18.349419,-19.09152,-19.723694,-20.253702,-21.679148,99.0,99.0,99.0,99.0,99.0,-18.122057,-18.903528,-19.570799,-20.141676,-21.645826,4.3012557,924
6000120000139,6000120000166,6000120000138,6000120000018,45000600000383,45000600000383,6000120000000,6000120000140,-1,2,45,0.6871088,55.340225,27329,14.970147,54.00147,34.43913,205567,1,6,3,-17.73146,145.76639,3.998968,94,8.090176,0.04880579,84.433205,117.97984,0.055859417,0.33675924,0.0,0.0,0.0,0.0,0.0012655125,0.0033351255,0.0,0.0,0.0,0.044953976,0.0,41.1975,0.0032681627,0.012794911,-18.527504,-19.232162,-19.844109,-20.358927,-21.771482,99.0,99.0,99.0,99.0,99.0,-18.289257,-19.035942,-19.684507,-20.241728,-21.73625,3.9300747,478
6000120000140,6000120000166,6000120000139,6000120000019,44000600000379,44000600000379,6000120000000,6000120000141,-1,2,44,0.75503564,55.770554,27329,14.947248,53.96074,34.446426,205567,1,6,3,93.18479,88.74378,-95.76313,94,8.090176,0.04880579,84.433205,117.97984,0.060824525,0.33606386,0.0,0.0,0.0,0.0,0.0013398817,0.0033196046,0.0,0.0,0.0,0.10934713,0.0,41.1975,0.0032681627,0.012794911,-18.783312,-19.432419,-20.016172,-20.5121,-21.907412,99.0,99.0,99.0,99.0,99.0,-18.519062,-19.216124,-19.840027,-20.382013,-21.86723,3.5660217,281
6000120000141,6000120000166,6000120000140,6000120000020,43000600000410,43000600000410,6000120000000,6000120000142,-1,2,43,0.8276991,69.11073,27329,14.948276,53.881817,34.498726,205567,1,6,3,-111.79757,190.96832,-64.911476,94,8.090176,0.04880579,84.433205,117.97984,0.07276699,0.33439133,0.0,0.0,0.0,0.0,0.001507127,0.0032839533,0.0,0.0,0.0,0.26281765,0.0,41.1975,0.0032681627,0.012794911,-19.104841,-19.68025,-20.228058,-20.705267,-22.087088,99.0,99.0,99.0,99.0,99.0,-18.83402,-19.457924,-20.04691,-20.571674,-22.046265,3.2152107,856
6000120000142,6000120000166,6000120000141,6000120000021,42000600000394,42000600000394,6000120000000,6000120000143,-1,2,42,0.9054624,67.21729,27329,15.013091,53.807285,34.58422,205567,1,6,3,-40.931877,215.40822,-251.97865,94,8.090176,0.04880579,84.433205,117.97984,0.10105357,0.33042985,0.0,0.0,0.0,0.0,0.0018498611,0.0032071783,0.0,0.0,0.0,0.6223457,0.0,41.1975,0.0032681627,0.012794911,-19.439249,-19.90169,-20.384201,-20.820024,-22.125454,99.0,99.0,99.0,99.0,99.0,-19.101986,-19.62652,-20.158638,-20.65141,-22.070807,2.8890245,670
6000120000143,6000120000166,6000120000142,6000120000022,41000600000350,41000600000350,6000120000000,6000120000144,-1,2,41,0.98870814,57.836132,27329,15.021391,53.72869,34.72698,205567,1,6,3,-122.29188,84.74013,-308.89212,94,8.090176,0.04880579,84.433205,117.97984,0.16682386,0.3212188,0.0,0.0,0.0,0.0,0.0024430219,0.0030576976,0.0,0.0,0.0,1.4479548,0.0,41.1975,0.0032681627,0.012794911,-19.834494,-20.18665,-20.611792,-21.016813,-22.271172,99.0,99.0,99.0,99.0,99.0,-19.450508,-19.874504,-20.354364,-20.821892,-22.204527,2.610354,209
6000120000144,6000120000166,6000120000143,6000120000044,40000600000372,40000600000371,6000120000000,6000120000145,-1,1,40,1.0778745,49.229565,27329,15.055949,53.6682,34.86054,205565,1,6,3,-24.518814,97.52678,-210.01114,94,8.090176,0.04880579,84.433205,117.97984,0.31657135,0.3002468,0.0,0.0,0.0,0.0,0.0031583558,0.002807195,0.0,0.0,0.0,3.3014185,0.0,41.1975,0.0032681627,0.012794911,-20.250921,-20.501572,-20.863182,-21.225788,-22.392242,99.0,99.0,99.0,99.0,99.0,-19.772615,-20.11229,-20.54251,-20.981892,-22.305536,2.4307697,381
6000120000145,6000120000166,6000120000144,6000120000045,39000600001029,39000600001029,6000120000000,6000120000146,-1,0,39,1.173417,10.327881,27329,15.06096,53.615093,34.96413,205565,1,6,3,-13.600076,90.38326,-179.46352,120,10.327881,0.051162254,93.175285,108.9459,0.64948803,0.25362206,0.0,0.037948553,0.57283187,0.0,0.0030837264,0.0024845242,0.0,4.4254717E-5,6.1322475E-4,1.985194,0.0,41.1975,0.003942715,0.012794911,-20.2871,-20.490501,-20.82044,-21.142363,-22.248133,99.0,99.0,99.0,99.0,99.0,-20.028473,-20.286285,-20.65942,-21.023891,-22.211298,2.5028472,367
6000120000146,6000120000166,6000120000145,6000120000046,38000600000330,38000600000329,6000120000000,6000120000147,-1,1,38,1.2758462,36.147583,27329,15.058918,53.582214,35.075077,205565,1,6,3,-5.167854,87.979546,-156.38765,118,10.155752,0.049068604,94.346146,111.05253,0.17910966,0.22637948,0.0,0.0,0.0,0.0,0.0024830536,0.0023088593,0.0,0.0,0.0,0.59774756,0.0,41.780952,0.005351018,0.027963646,-19.046745,-19.503756,-19.998945,-20.447655,-21.789024,99.0,99.0,99.0,99.0,99.0,-18.836283,-19.345562,-19.872986,-20.353317,-21.756687,2.4627697,155
6000120000147,6000120000166,6000120000146,6000120000047,37000600000928,37000600000928,6000120000000,6000120000148,-1,0,37,1.3857181,8.864764,27390,15.070612,53.5246,35.17287,205785,1,5,3,-3.343801,88.91055,-144.33351,133,8.864764,0.045141112,91.900406,114.36372,0.23582645,0.21843633,0.0,0.04138473,0.7921056,0.0,0.0027935142,0.002207527,0.0,2.5249098E-4,0.0062431223,0.718394,0.0,41.780952,0.0050307685,0.027963646,-19.26009,-19.667603,-20.136675,-20.56348,-21.872236,99.0,99.0,99.0,99.0,99.0,-19.054024,-19.508186,-20.010239,-20.470625,-21.843231,2.2266622,963
6000120000148,6000120000166,6000120000147,6000120000048,36000600000905,36000600000905,6000120000000,6000120000149,-1,0,36,1.5036365,8.090173,27390,15.067281,53.475384,35.238197,205785,1,5,3,-2.0078015,91.75962,-135.27654,130,8.090173,0.042068515,90.94321,118.242775,0.19281302,0.20922394,0.0,0.00836867,0.75760454,0.0,0.002448434,0.002097074,0.0,2.0390426E-4,0.0062623788,0.38251534,0.0,41.18615,0.0066497102,0.022782575,-19.044886,-19.544477,-20.04913,-20.492462,-21.838057,99.0,99.0,99.0,99.0,99.0,-18.942194,-19.464897,-19.98603,-20.446499,-21.82421,2.0105617,728
6000120000149,6000120000166,6000120000148,6000120000049,35000600000928,35000600000928,6000120000000,6000120000150,-1,0,35,1.6302707,8.864764,27390,15.074644,53.439053,35.315983,205785,1,5,3,1.4193473,86.52061,-124.27306,118,8.864764,0.04159077,95.74258,105.605125,0.21484898,0.20450594,0.0,0.05264049,0.8370308,0.0,0.002438279,0.0020407024,0.0,4.1942147E-4,0.005865072,0.13287313,0.0,42.001984,0.0074368683,0.026905103,-19.20555,-19.670866,-20.145966,-20.567417,-21.878141,99.0,99.0,99.0,99.0,99.0,-19.13316,-19.615055,-20.101889,-20.535378,-21.868553,1.7569613,314
6000120000150,6000120000166,6000120000149,6000120000050,34000600001022,34000600001022,6000120000000,6000120000151,-1,0,34,1.766336,8.864764,27390,15.062202,53.396107,35.39959,205785,1,5,3,-4.822099,83.960846,-122.120575,109,8.864764,0.03981057,97.85981,112.2714,0.09119288,0.2029349,0.0,0.0,1.0300641,0.0,0.0014767699,0.0020231667,0.0,2.7105054E-20,0.007180852,1.418488,0.0,0.0,0.0010033381,0.03981057,-20.030441,-20.286728,-20.661156,-21.02273,-22.228807,99.0,99.0,99.0,99.0,99.0,-18.111727,-18.638388,-19.252079,-19.912498,-21.825315,1.4859667,809
6000120000151,6000120000166,6000120000150,6000120000051,33000600000935,33000600000935,6000120000000,6000120000152,-1,0,33,1.9126327,8.9508295,27390,15.061938,53.34466,35.46559,205785,1,5,3,-4.926615,80.59619,-114.270874,117,8.9508295,0.038160436,100.43728,113.491104,0.05666379,0.18690878,0.0,0.07224579,1.028926,0.0,0.0011983565,0.0017515239,0.0,7.303568E-4,0.0061570713,2.0091984,0.0,42.305454,0.0012804968,0.027079439,-19.774782,-20.068668,-20.450628,-20.818462,-22.035215,99.0,99.0,99.0,99.0,99.0,-18.537815,-19.027012,-19.57928,-20.152683,-21.811567,1.3334054,476
6000120000152,6000120000166,6000120000151,6000120000052,32000600000901,32000600000901,6000120000000,6000120000153,-1,0,32,2.0700274,9.122961,27390,15.061878,53.2783,35.532124,205785,1,5,3,2.6770995,79.47351,-109.52015,111,9.122961,0.036628723,103.49682,111.343056,0.18530764,0.16528593,0.0,0.1455962,0.8891434,0.0,0.0024100102,0.0014028021,0.0,9.101714E-4,0.003976278,2.0901651,0.0,42.77068,0.0026642631,0.031235779,-19.937122,-20.181452,-20.52942,-20.866209,-22.013422,99.0,99.0,99.0,99.0,99.0,-19.267813,-19.639544,-20.089228,-20.537416,-21.908325,1.2278025,397
6000120000153,6000120000166,6000120000152,6000120000053,31000600000887,31000600000887,6000120000000,6000120000154,-1,0,31,2.2394855,8.864764,27390,15.047161,53.239853,35.57716,205785,1,5,3,-2.8853514,80.3899,-106.69235,110,8.864764,0.03454383,105.05538,114.669235,0.26596725,0.1439227,0.0,0.20101257,0.7427388,0.0,0.002656808,0.0011619056,0.0,8.8932837E-4,0.0028668395,1.4042313,0.0,42.989357,0.004304819,0.031859316,-19.78374,-20.034122,-20.379927,-20.713829,-21.85943,99.0,99.0,99.0,99.0,99.0,-19.580387,-19.870834,-20.249557,-20.619156,-21.83192,1.1447271,368
6000120000154,6000120000166,6000120000153,6000120000054,30000600000852,30000600000852,6000120000000,6000120000155,-1,0,30,2.422044,8.434436,27390,15.046271,53.194927,35.635616,205785,1,5,3,0.05602945,79.71037,-102.08505,105,8.434436,0.032295987,105.97995,109.0385,0.2769998,0.13033298,0.0,0.17104703,0.7146782,0.0,0.0025288598,0.001032811,0.0,6.0773105E-4,0.0026902333,1.7717409,0.0,42.900055,0.0041707116,0.026810015,-19.846342,-20.058022,-20.376165,-20.69117,-21.802742,99.0,99.0,99.0,99.0,99.0,-19.489445,-19.788473,-20.16879,-20.542238,-21.760202,1.0192723,821
6000120000155,6000120000166,6000120000154,6000120000055,29000600000897,29000600000897,6000120000000,6000120000156,-1,0,29,2.6188614,7.4877133,27390,15.068426,53.143456,35.70086,205785,1,5,3,6.2941585,74.37039,-99.28861,92,7.4877133,0.029457254,104.55588,115.22778,0.35670906,0.11414354,0.0,0.03194586,0.64254355,0.0,0.002504008,9.020914E-4,0.0,1.0578049E-4,0.0024956819,1.5777421,0.0,41.76291,0.0037519175,0.010858183,-19.909191,-20.07005,-20.358856,-20.648335,-21.741108,99.0,99.0,99.0,99.0,99.0,-19.549812,-19.806295,-20.162031,-20.51205,-21.705591,0.9277673,268
6000120000156,6000120000166,6000120000155,6000120000056,28000600000806,28000600000806,6000120000000,6000120000157,-1,0,28,2.8311827,6.36886,27390,15.078758,53.105244,35.76438,205785,1,5,4,5.2207217,75.21486,-89.72589,97,6.36886,0.02644621,101.76984,110.54221,0.2076493,0.10057029,0.0,0.079925194,0.5804282,0.0,0.0018152738,7.975588E-4,0.0,2.6843263E-4,0.0024119124,1.2351015,0.0,42.54433,0.0031181239,0.02034465,-19.668806,-19.860332,-20.168104,-20.474386,-21.601885,99.0,99.0,99.0,99.0,99.0,-19.332874,-19.607275,-19.974483,-20.3384,-21.564587,0.8350644,28
6000120000157,6000120000166,6000120000156,6000120000057,27000600001016,27000600001016,6000120000000,6000120000158,-1,0,27,3.060419,5.3360715,27390,15.055783,53.056,35.796635,205785,1,5,4,-3.495543,77.96347,-92.188385,68,5.3360715,0.023587933,98.636086,101.24745,0.12583572,0.0905922,0.0,0.032164477,0.5576784,0.0,0.0014240694,7.107532E-4,0.0,1.8546455E-4,0.0024477274,0.98553324,0.0,42.127396,0.0025938146,0.0168209,-19.509842,-19.723846,-20.03732,-20.346409,-21.444511,99.0,99.0,99.0,99.0,99.0,-19.156536,-19.452312,-19.826292,-20.196682,-21.402761,0.7242662,884
6000120000158,6000120000166,6000120000157,6000120000058,26000600000986,26000600000986,6000120000000,6000120000159,-1,0,26,3.3080978,5.2500057,27390,15.053738,53.005882,35.866264,205785,1,5,4,6.778286,72.14797,-85.683136,63,5.2500057,0.022163345,100.93278,107.32205,0.10546486,0.083134994,0.0,0.041347094,0.57351935,0.0,0.0012284685,6.324568E-4,0.0,2.0436676E-4,0.0023102367,1.7683218,0.0,42.304314,0.0017789023,0.01648261,-19.70343,-19.861156,-20.138205,-20.423637,-21.474228,99.0,99.0,99.0,99.0,99.0,-19.125498,-19.393568,-19.762726,-20.150501,-21.394491,0.59972036,480
6000120000159,6000120000166,6000120000158,6000120000059,25000600000899,25000600000899,6000120000000,6000120000160,-1,0,25,3.575905,4.905743,27390,15.060162,52.987034,35.902348,205785,1,5,4,-0.29937035,70.2281,-82.10397,60,4.905743,0.020440644,101.59564,112.83845,0.112680756,0.07063439,0.0,0.06699645,0.50656414,0.0,0.0011036313,5.1399117E-4,0.0,2.683911E-4,0.0018315887,1.7246742,0.0,42.69941,0.0018927784,0.019969529,-19.630447,-19.77245,-20.035648,-20.311386,-21.340794,99.0,99.0,99.0,99.0,99.0,-19.167212,-19.406605,-19.746769,-20.104525,-21.282316,0.52007353,905
6000120000160,6000120000166,6000120000159,6000120000060,24000600000815,24000600000815,6000120000000,6000120000161,-1,0,24,3.8656828,4.4754148,27390,15.0655365,52.9591,35.93848,205785,1,5,4,3.4367359,67.19009,-82.979836,59,4.4754148,0.018675772,101.519,100.68117,0.18004781,0.05927235,0.0,0.00825201,0.44778475,0.0,0.0011084783,4.246085E-4,0.0,2.6283158E-5,0.0015602295,1.0089983,0.0,40.96881,0.0022671174,0.0049126223,-19.638659,-19.744862,-19.979067,-20.226202,-21.20204,99.0,99.0,99.0,99.0,99.0,-19.188437,-19.40228,-19.716568,-20.041838,-21.154085,0.44463357,590
6000120000161,6000120000166,6000120000160,6000120000061,23000600000775,23000600000775,6000120000000,6000120000162,-1,0,23,4.1794686,3.8729553,27390,15.030788,52.898685,35.991886,205785,1,5,4,6.94495,72.968765,-71.17349,53,3.8729553,0.016743122,99.74083,104.02985,0.076371424,0.0530925,0.0,0.0036201128,0.47109032,0.0,6.9671986E-4,3.8150136E-4,0.0,1.5236626E-5,0.001700886,1.8476502,0.0,40.396755,7.796021E-4,0.0033135528,-19.799892,-19.854252,-20.064507,-20.298063,-21.256876,99.0,99.0,99.0,99.0,99.0,-18.435513,-18.727877,-19.14277,-19.616125,-21.051245,0.34256658,616
6000120000162,6000120000166,6000120000161,6000120000062,22000600000685,22000600000685,6000120000000,6000120000163,-1,0,22,4.5195556,3.2704954,27390,15.032258,52.866295,36.03543,205785,1,5,4,1.5610847,64.94424,-68.07677,49,3.2704954,0.01486872,97.26128,99.573166,0.06270372,0.042594954,0.0,5.8138726E-4,0.40639713,0.0,6.090602E-4,2.779906E-4,0.0,3.4623513E-6,0.0013513279,1.5414749,0.0,43.88386,9.0058823E-4,0.015750818,-19.50431,-19.58711,-19.814783,-20.071198,-21.038315,99.0,99.0,99.0,99.0,99.0,-18.561068,-18.812092,-19.181915,-19.602016,-20.891407,0.2745902,543
6000120000163,6000120000166,6000120000162,6000120000063,21000600000757,21000600000757,6000120000000,6000120000164,-1,0,21,4.888449,3.18443,27390,14.996327,52.81345,36.06448,205785,1,5,4,10.929084,72.09703,-59.36534,40,3.18443,0.013828163,99.51844,100.92937,0.09351038,0.034488928,0.0,0.008713614,0.37030005,0.0,5.942705E-4,2.0600832E-4,0.0,2.4699842E-5,9.902283E-4,1.1394448,0.0,41.425323,0.0012083683,0.0059153917,-19.561779,-19.635248,-19.852373,-20.096067,-21.018333,99.0,99.0,99.0,99.0,99.0,-19.029741,-19.207722,-19.50826,-19.84235,-20.935543,0.19540522,823
6000120000164,6000120000166,6000120000163,6000120000064,20000600000632,20000600000632,6000120000000,6000120000165,-1,0,20,5.2888336,2.7541015,27390,15.007615,52.77983,36.045128,205785,1,5,4,9.731238,68.819405,-53.00758,37,2.7541015,0.012346788,97.94515,102.923096,0.021186406,0.02895632,0.0,0.012793433,0.37950945,0.0,2.938174E-4,1.718278E-4,0.0,5.2199237E-5,0.0010061724,3.7571445,0.0,41.85166,3.327605E-4,0.008665895,-19.676954,-19.723541,-19.94023,-20.19528,-21.12834,99.0,99.0,99.0,99.0,99.0,-17.242075,-17.52772,-17.98341,-18.581202,-20.458937,0.10784965,410
6000120000165,6000120000166,6000120000164,6000120000065,19000600000716,19000600000716,6000120000000,6000120000166,-1,0,19,5.7238646,2.3237731,27390,14.985409,52.74152,36.09332,205785,1,5,4,17.77317,57.93549,-49.0421,28,2.3237731,0.010920028,95.66541,99.13282,0.11927174,0.012143725,0.0,0.013563418,0.23174298,0.0,4.687176E-4,2.6975069E-5,0.0,1.2941035E-5,1.3050971E-4,2.7175856,0.0,41.76212,9.19909E-4,0.0059316703,-19.391943,-19.377851,-19.536293,-19.693745,-20.409502,99.0,99.0,99.0,99.0,99.0,-18.722471,-18.83152,-19.095743,-19.363283,-20.302366,0.05019398,566
6000120000166,6000120000166,6000120000165,6000120000066,18000600000595,18000600000595,6000120000000,-1,-1,0,18,6.1968336,0.86065674,27385,15.02997,52.720398,36.141747,205775,1,5,4,15.955579,56.359318,-48.96928,26,0.86065674,0.0073311916,71.0555,80.82438,0.089808375,9.6241187E-4,0.0,0.00539014,0.038332067,0.0,4.889593E-5,2.7032283E-7,0.0,3.034016E-7,1.1835972E-6,0.25487652,0.0,40.987648,0.0020948069,0.0034891355,-16.752193,-16.537138,-16.521214,-16.464487,-16.471312,99.0,99.0,99.0,99.0,99.0,-16.741032,-16.528336,-16.5142,-16.459318,-16.469524,0.022247972,947
