haloID,subHaloID,lastProgenitorId,treeId,snapNum,redshift,firstProgenitorId,nextProgenitorId,descendantId,firstHaloInFOFgroupId,nextHaloInFOFgroupId,np,m_Mean200,m_Crit200,m_TopHat,phKey,x,y,z,zIndex,ix,iy,iz,velX,velY,velZ,velDisp,vMax,spinX,spinY,spinZ,mostBoundID,fileNr,subhaloIndex,halfmassRadius,random
6000120000000,63000600000433,6000120000127,6000120000000,63,0.0,6000120000001,-1,-1,6000120000000,-1,940,86.496,69.54106,79.86894,27329,15.188575,54.517532,34.13009,205563,1,6,3,26.247313,88.25216,-70.552475,89.898155,163.71852,0.26984715,1.1745433,0.7428585,16417257,6,433,0.06865227,400
6000120000001,62000600000433,6000120000127,6000120000000,62,0.019932542,6000120000002,-1,6000120000000,6000120000001,-1,897,85.54928,69.024666,78.92222,27329,15.18308,54.502743,34.148354,205563,1,6,3,26.483221,88.119514,-69.63143,90.81663,162.51845,0.17393284,1.1250696,0.6597529,16417257,6,433,0.06420871,568
6000120000002,61000600000434,6000120000127,6000120000000,61,0.041403063,6000120000003,-1,6000120000001,6000120000002,-1,890,83.827965,68.33614,78.49189,27329,15.178871,54.48185,34.153873,205563,1,6,3,26.69385,88.127426,-69.746086,91.39523,164.74258,0.15826282,1.1478341,0.6079399,16451027,6,434,0.061226293,855
6000120000003,60000600000370,6000120000127,6000120000000,60,0.064493395,6000120000004,-1,6000120000002,6000120000003,-1,894,82.79517,68.16401,77.545166,27329,15.171892,54.46247,34.1666,205563,1,6,3,26.345692,89.27225,-70.21841,92.93376,166.74673,0.100996576,1.1601814,0.6577597,16451027,6,370,0.06083385,601
6000120000004,59000600000432,6000120000127,6000120000000,59,0.08928783,6000120000005,-1,6000120000003,6000120000004,-1,888,82.53698,67.38942,76.94271,27329,15.16624,54.438454,34.186184,205567,1,6,3,26.367458,90.066086,-70.55314,92.039,166.10678,0.15591094,1.1314358,0.67031616,16451039,6,432,0.061729092,889
6000120000005,58000600000448,6000120000127,6000120000000,58,0.11588337,6000120000006,-1,6000120000004,6000120000005,-1,889,81.50419,67.64762,75.56566,27329,15.167064,54.412113,34.207695,205567,1,6,3,25.834505,91.28528,-70.51374,90.51279,163.76653,0.2727567,1.1834326,0.7619603,16420521,6,448,0.06271269,477
6000120000006,57000600000443,6000120000127,6000120000000,57,0.14438343,6000120000007,-1,6000120000005,6000120000006,-1,865,80.557465,67.47549,75.651726,27329,15.153309,54.391,34.22092,205567,1,6,3,27.207523,90.912895,-69.60879,90.801,164.48524,0.14130798,1.1067157,0.565623,16420521,6,443,0.062040173,916
6000120000007,56000600000445,6000120000127,6000120000000,56,0.17489761,6000120000008,-1,6000120000006,6000120000007,-1,860,79.09435,67.131226,74.44681,27329,15.143221,54.363102,34.24113,205567,1,6,3,26.776728,91.778496,-70.415695,90.09123,162.9897,0.35841653,1.14586,0.6106645,16420521,6,445,0.06273846,460
6000120000008,55000600000397,6000120000127,6000120000000,55,0.20754863,6000120000009,-1,6000120000007,6000120000008,-1,870,78.664024,67.131226,73.75828,27329,15.136835,54.333023,34.264915,205567,1,6,3,26.839912,91.60972,-69.88572,89.748314,161.57841,0.40485713,1.2466892,0.6539576,16420521,6,397,0.06468505,236
6000120000009,54000600000441,6000120000127,6000120000000,54,0.24246909,6000120000010,-1,6000120000008,6000120000009,-1,851,77.28697,67.38942,73.500084,27329,15.125535,54.306526,34.290497,205567,1,6,3,26.65683,91.83924,-69.72413,91.14119,162.64001,0.49747458,1.2465286,0.67460424,16454227,6,441,0.06400735,575
6000120000010,53000600000397,6000120000127,6000120000000,53,0.2798018,6000120000011,-1,6000120000009,6000120000010,-1,840,76.59845,66.01237,73.32795,27329,15.11703,54.2879,34.305553,205567,1,6,3,25.587795,92.13795,-69.38457,90.47086,160.50471,0.61089665,1.2923114,0.7647581,16454200,6,397,0.06272346,138
6000120000011,52000600000378,6000120000127,6000120000000,52,0.31970343,6000120000012,-1,6000120000010,6000120000011,-1,834,77.37304,65.40991,72.63943,27329,15.096574,54.260464,34.32689,205567,1,6,3,25.275463,93.01785,-69.725204,94.08895,164.68976,0.46085063,1.2886056,0.6524121,16453994,6,378,0.058586825,384
6000120000012,51000600000386,6000120000127,6000120000000,51,0.36234027,6000120000013,-1,6000120000011,6000120000012,-1,848,76.426315,66.873024,72.81156,27329,15.087876,54.217216,34.34556,205567,1,6,3,26.15727,93.05391,-67.668755,93.02291,163.68117,0.39713204,1.2667856,0.5249772,16453994,6,386,0.061602402,655
6000120000013,50000600000379,6000120000127,6000120000000,50,0.40789944,6000120000014,-1,6000120000012,6000120000013,-1,818,75.82385,67.30335,72.63943,27329,15.080342,54.1775,34.379223,205567,1,6,3,25.889196,92.32589,-67.655136,95.75267,163.43707,0.3271931,1.2811164,0.4891764,16453994,6,379,0.058585793,236
6000120000014,49000600000392,6000120000127,6000120000000,49,0.45657724,6000120000015,-1,6000120000013,6000120000014,-1,810,75.2214,63.86073,71.262375,27329,15.05161,54.151245,34.398403,205567,1,6,3,24.516426,94.55329,-67.02322,98.87074,170.54366,0.45974866,1.2787777,0.42704955,16420476,6,392,0.053470567,20
6000120000015,48000600000392,6000120000127,6000120000000,48,0.5085914,6000120000016,-1,6000120000014,6000120000015,-1,810,73.75828,63.4304,71.6927,27329,15.050688,54.104362,34.43045,205567,1,6,3,22.82397,95.34616,-68.29377,103.31531,177.42085,0.07934239,0.9273619,0.37635863,16420476,6,392,0.048199475,488
6000120000016,47000600000390,6000120000122,6000120000000,47,0.5641766,6000120000017,6000120000123,6000120000015,6000120000016,6000120000123,800,74.18861,62.397614,70.487785,27329,15.060566,54.04887,34.468822,205567,1,6,3,19.710737,98.38767,-73.358345,93.41444,157.49797,0.11845757,0.7713717,0.84923315,16420476,6,390,0.063462906,486
6000120000017,46000600000397,6000120000122,6000120000000,46,0.6235901,6000120000018,-1,6000120000016,6000120000017,6000120000124,767,71.86484,61.967285,69.454994,27329,15.061849,53.988544,34.51222,205567,1,6,3,20.40402,96.74275,-75.22361,89.04987,147.77963,-0.01109169,0.6955936,0.66060954,16420476,6,397,0.069666915,192
6000120000018,45000600000383,6000120000118,6000120000000,45,0.6871088,6000120000019,6000120000119,6000120000017,6000120000018,6000120000125,739,69.024666,55.340225,66.7009,27329,15.067156,53.937565,34.570053,205567,1,6,3,25.446993,97.10513,-71.21023,87.728874,146.2106,0.236544,0.901481,1.1736937,16420484,6,383,0.06582138,494
6000120000019,44000600000379,6000120000118,6000120000000,44,0.75503564,6000120000020,-1,6000120000018,6000120000019,6000120000126,756,66.873024,55.770554,65.06565,27329,15.069218,53.886185,34.60617,205567,1,6,3,27.916893,90.38038,-61.65065,96.287155,154.13948,-0.16544557,0.6813977,1.2496516,16420229,6,379,0.060464717,882
6000120000020,43000600000410,6000120000118,6000120000000,43,0.8276991,6000120000021,-1,6000120000019,6000120000020,6000120000127,731,73.24189,69.11073,72.55336,27329,15.025501,53.844505,34.620182,205567,1,6,3,32.680832,87.14069,-49.284924,102.10635,166.31194,-0.35060984,0.69487685,1.2447063,16450904,6,410,0.051039297,327
6000120000021,42000600000394,6000120000118,6000120000000,42,0.9054624,6000120000022,-1,6000120000020,6000120000021,6000120000121,767,71.262375,67.21729,70.22959,27329,14.982392,53.796635,34.618576,205567,1,6,3,22.61592,96.40208,-67.362755,118.06364,176.812,0.421532,1.1417905,1.0975289,16420177,6,394,0.045743916,475
6000120000022,41000600000350,6000120000066,6000120000000,41,0.98870814,6000120000023,6000120000067,6000120000021,6000120000022,6000120000067,595,64.11893,57.836132,63.000072,27329,15.024217,53.72812,34.727703,205567,1,6,3,10.297971,103.17472,-90.53548,107.174934,142.49854,0.7937971,1.0597825,0.7762217,16451010,6,350,0.055360332,539
6000120000023,40000600000371,6000120000043,6000120000000,40,1.0778745,6000120000024,6000120000044,6000120000022,6000120000023,6000120000044,667,56.11482,49.229565,55.85662,27329,14.9791765,53.730892,34.63303,205567,1,6,3,22.19494,101.86573,-40.445366,100.13516,160.86592,-0.04090371,1.171322,1.4671955,16420439,6,371,0.04892684,327
6000120000024,39000600000390,6000120000043,6000120000000,39,1.173417,6000120000025,-1,6000120000023,6000120000068,-1,90,0.0,0.0,0.0,27329,14.876223,53.713844,34.63126,205567,1,6,3,75.74835,-21.744354,17.580444,67.268425,124.023094,-0.16020629,-0.094382904,-0.27729613,16454227,6,390,0.014716935,264
6000120000025,38000600000331,6000120000043,6000120000000,38,1.2758462,6000120000026,-1,6000120000024,6000120000069,-1,102,0.0,0.0,0.0,27329,14.834784,53.734486,34.620197,205567,1,6,3,40.577534,-3.827156,4.7896504,70.969215,125.94144,-0.001460609,-0.071791574,-0.11937691,16454227,6,331,0.012279004,749
6000120000026,37000600000387,6000120000043,6000120000000,37,1.3857181,6000120000027,-1,6000120000025,6000120000070,-1,104,0.0,0.0,0.0,27329,14.819582,53.744995,34.618473,205567,1,6,3,20.46849,14.198548,-3.9356172,65.39581,116.77247,-0.036574177,-0.0076963627,-0.075546704,16417223,6,387,0.016617203,755
6000120000027,36000600000365,6000120000043,6000120000000,36,1.5036365,6000120000028,-1,6000120000026,6000120000071,6000120000098,121,0.0,0.0,0.0,27329,14.815426,53.73053,34.630775,205567,1,6,3,3.075442,22.654734,-8.523036,61.559372,115.55895,-0.021819398,0.044306464,-0.14454561,16454200,6,365,0.021649718,327
6000120000028,35000600000786,6000120000043,6000120000000,35,1.6302707,6000120000029,-1,6000120000027,6000120000028,-1,152,11.102471,10.413946,11.5328,27329,14.810411,53.709114,34.63284,205565,1,6,3,0.5475498,29.599117,-11.298613,62.6611,114.73869,-0.13545306,0.05437198,-0.3949473,16450978,6,786,0.022349982,150
6000120000029,34000600000801,6000120000043,6000120000000,34,1.766336,6000120000030,-1,6000120000028,6000120000029,-1,147,11.790997,11.446734,12.13526,27329,14.818104,53.69451,34.651867,205565,1,6,3,-4.3124886,33.633793,-14.934661,68.07555,122.492516,4.0300423E-4,-0.062417667,-0.44319135,16454200,6,801,0.021579843,200
6000120000030,33000600000764,6000120000043,6000120000000,33,1.9126327,6000120000031,-1,6000120000029,6000120000030,-1,151,11.790997,10.8442745,11.877063,27329,14.8059845,53.688583,34.650562,205565,1,6,3,-10.629446,35.622543,-19.262142,63.721188,110.63692,0.04718191,0.029650878,-0.5177288,16417263,6,764,0.0240467,162
6000120000031,32000600000714,6000120000043,6000120000000,32,2.0700274,6000120000032,-1,6000120000030,6000120000031,-1,155,11.360668,10.069683,11.877063,27329,14.827683,53.65819,34.66214,205565,1,6,3,-9.837485,37.860752,-24.53282,71.034,131.23543,-0.008096137,0.05943843,-0.50324684,16417263,6,714,0.024764325,693
6000120000032,31000600000769,6000120000043,6000120000000,31,2.2394855,6000120000033,-1,6000120000031,6000120000032,-1,131,10.500011,10.155749,11.188538,27329,14.8393,53.638664,34.68321,205565,1,6,3,-17.022896,36.900734,-27.425093,67.0694,117.05773,-0.06839672,0.013872193,-0.35639474,16417253,6,769,0.017828451,235
6000120000033,30000600000754,6000120000043,6000120000000,30,2.422044,6000120000034,-1,6000120000032,6000120000033,-1,123,10.413946,10.241815,10.586078,27329,14.843025,53.59634,34.704678,205565,1,6,3,-7.105618,41.939632,-28.544529,78.6607,134.45206,-0.014292502,0.04786767,-0.2951934,16417263,6,754,0.01583531,895
6000120000034,29000600000689,6000120000043,6000120000000,29,2.6188614,6000120000035,-1,6000120000033,6000120000034,-1,124,9.381158,9.209027,9.725421,27329,14.872828,53.571014,34.710564,205565,1,5,3,-12.73984,43.8648,-26.949556,74.63441,121.977646,-0.021516502,0.05049368,-0.49160212,16417223,6,689,0.017354634,317
6000120000035,28000600000690,6000120000043,6000120000000,28,2.8311827,6000120000036,-1,6000120000034,6000120000035,-1,113,7.831976,7.7459106,8.004107,27329,14.862337,53.54882,34.71281,205565,1,5,3,-7.4921384,43.040855,-29.160606,67.92583,117.72855,-0.014043776,-0.002025456,-0.26652887,16417260,6,690,0.015803546,516
6000120000036,27000600000818,6000120000043,6000120000000,27,3.060419,6000120000037,-1,6000120000035,6000120000036,-1,87,7.3155823,7.3155823,7.573779,27329,14.861264,53.531258,34.738926,205565,1,5,3,-18.737122,35.94754,-28.137133,72.2954,124.56793,0.03249775,-0.11654867,-0.18187419,16417224,6,818,0.01111671,952
6000120000037,26000600000790,6000120000043,6000120000000,26,3.3080978,6000120000038,-1,6000120000036,6000120000037,-1,78,5.9385314,5.9385314,6.282794,27329,14.880768,53.507114,34.76873,205565,1,5,3,-14.436486,37.425415,-31.154942,66.70255,112.298454,-0.020605642,-0.13191552,-0.21141437,16417253,6,790,0.013332452,851
6000120000038,25000600000775,6000120000043,6000120000000,25,3.575905,6000120000039,-1,6000120000037,6000120000038,-1,69,3.8729553,3.7868896,3.8729553,27329,14.846493,53.51153,34.775124,205565,1,5,3,-17.696058,39.0259,-34.396263,55.858646,95.96446,-0.019629203,-0.1170216,-0.23246904,16454200,6,775,0.014217977,415
6000120000039,24000600000814,6000120000043,6000120000000,24,3.8656828,6000120000040,-1,6000120000038,6000120000039,-1,59,2.6680357,2.5819702,2.840167,27329,14.844609,53.46924,34.78456,205565,1,5,3,-12.594165,41.41728,-29.614042,52.461742,87.79108,-0.013189035,-0.12935837,-0.28752849,16454200,6,814,0.014407559,454
6000120000040,23000600001551,6000120000042,6000120000000,23,4.1794686,6000120000041,6000120000043,6000120000039,6000120000040,-1,28,1.4631164,1.4631164,1.549182,27329,14.850278,53.447323,34.78304,205565,1,5,3,10.456128,38.725464,-36.80626,42.475166,73.18652,-0.023828832,0.07852788,0.041519564,16417252,6,1551,0.01184408,600
6000120000041,22000600001622,6000120000042,6000120000000,22,4.5195556,6000120000042,-1,6000120000040,6000120000041,-1,24,1.032788,1.032788,1.2049193,27329,14.849438,53.423794,34.823246,205565,1,5,3,4.3802094,54.071102,-42.205257,35.480602,69.90298,-0.13458927,0.056098774,-0.10123312,16417226,6,1622,0.010565174,868
6000120000042,21000600001541,6000120000042,6000120000000,21,4.888449,-1,-1,6000120000041,6000120000042,-1,22,0.9467224,0.9467224,0.9467224,27329,14.850226,53.407192,34.83217,205565,1,5,3,5.988547,29.718937,-47.22944,35.989273,70.92177,0.0466188,-0.043140844,0.11563024,16454203,6,1541,0.009928569,435
6000120000043,23000600002169,6000120000043,6000120000000,23,4.1794686,-1,-1,6000120000039,6000120000043,-1,21,1.549182,1.549182,1.549182,27329,14.99813,53.44102,34.800587,205565,1,5,3,-43.6275,16.979406,-11.524454,50.704647,88.629326,0.08792835,-0.06596557,-0.10976501,16417255,6,2169,0.005988627,205
6000120000044,40000600000372,6000120000066,6000120000000,40,1.0778745,6000120000045,-1,6000120000022,6000120000023,-1,94,0.0,0.0,0.0,27329,15.055949,53.6682,34.86054,205565,1,6,3,-24.518814,97.52678,-210.01114,65.89554,117.97984,0.046079844,-0.16866544,-0.057007194,16451057,6,372,0.014297179,136
6000120000045,39000600001029,6000120000066,6000120000000,39,1.173417,6000120000046,-1,6000120000044,6000120000045,-1,120,11.188538,10.327881,11.102471,27329,15.06096,53.615093,34.96413,205565,1,6,3,-13.600076,90.38326,-179.46352,58.34178,108.9459,0.10573703,-0.17056717,-0.14025241,16451057,6,1029,0.019621255,707
6000120000046,38000600000330,6000120000066,6000120000000,38,1.2758462,6000120000047,-1,6000120000045,6000120000069,6000120000025,118,0.0,0.0,0.0,27329,15.058918,53.582214,35.075077,205565,1,6,3,-5.167854,87.979546,-156.38765,60.178047,111.05253,0.0849851,-0.31531373,-0.08100978,16451039,6,330,0.019049525,967
6000120000047,37000600000928,6000120000066,6000120000000,37,1.3857181,6000120000048,-1,6000120000046,6000120000047,-1,133,9.295093,8.864764,9.295093,27390,15.070612,53.5246,35.17287,205785,1,5,3,-3.343801,88.91055,-144.33351,57.078537,114.36372,0.04136276,-0.29851845,-0.06417096,16451057,6,928,0.02512947,501
6000120000048,36000600000905,6000120000066,6000120000000,36,1.5036365,6000120000049,-1,6000120000047,6000120000048,-1,130,9.122961,8.090173,9.295093,27390,15.067281,53.475384,35.238197,205785,1,5,3,-2.0078015,91.75962,-135.27654,59.88415,118.242775,0.05138056,-0.39777324,-0.039743222,16451057,6,905,0.021595882,563
6000120000049,35000600000928,6000120000066,6000120000000,35,1.6302707,6000120000050,-1,6000120000048,6000120000049,-1,118,9.467224,8.864764,9.553289,27390,15.074644,53.439053,35.315983,205785,1,5,3,1.4193473,86.52061,-124.27306,54.30549,105.605125,-5.6312577E-4,-0.47024196,0.063720606,16451027,6,928,0.02044894,932
6000120000050,34000600001022,6000120000066,6000120000000,34,1.766336,6000120000051,-1,6000120000049,6000120000050,-1,109,9.122961,8.864764,9.122961,27390,15.062202,53.396107,35.39959,205785,1,5,3,-4.822099,83.960846,-122.120575,63.37952,112.2714,0.05213471,-0.010990382,-0.037990794,16451027,6,1022,0.016890071,8
6000120000051,33000600000935,6000120000066,6000120000000,33,1.9126327,6000120000052,-1,6000120000050,6000120000051,-1,117,9.295093,8.9508295,9.467224,27390,15.061938,53.34466,35.46559,205785,1,5,3,-4.926615,80.59619,-114.270874,65.10724,113.491104,0.06712,-0.015552017,-0.050989255,16451072,6,935,0.01966286,946
6000120000052,32000600000901,6000120000066,6000120000000,32,2.0700274,6000120000053,-1,6000120000051,6000120000052,-1,111,9.467224,9.122961,9.639355,27390,15.061878,53.2783,35.532124,205785,1,5,3,2.6770995,79.47351,-109.52015,63.02135,111.343056,0.074871965,-0.08141203,-0.14676097,16451041,6,901,0.017848477,153
6000120000053,31000600000887,6000120000066,6000120000000,31,2.2394855,6000120000054,-1,6000120000052,6000120000053,-1,110,8.864764,8.864764,8.9508295,27390,15.047161,53.239853,35.57716,205785,1,5,3,-2.8853514,80.3899,-106.69235,65.7235,114.669235,-0.07040965,-0.27183694,-0.10950915,16451061,6,887,0.018601822,994
6000120000054,30000600000852,6000120000066,6000120000000,30,2.422044,6000120000055,-1,6000120000053,6000120000054,-1,105,8.606567,8.434436,9.036896,27390,15.046271,53.194927,35.635616,205785,1,5,3,0.05602945,79.71037,-102.08505,65.059746,109.0385,-0.06623126,-0.2729009,-0.0889897,16451061,6,852,0.017559204,818
6000120000055,29000600000897,6000120000066,6000120000000,29,2.6188614,6000120000056,-1,6000120000054,6000120000055,-1,92,7.4877133,7.4877133,7.7459106,27390,15.068426,53.143456,35.70086,205785,1,5,3,6.2941585,74.37039,-99.28861,65.231346,115.22778,-0.11383304,-0.21051387,-0.105257355,16451040,6,897,0.013102475,407
6000120000056,28000600000806,6000120000066,6000120000000,28,2.8311827,6000120000057,-1,6000120000055,6000120000056,-1,97,6.36886,6.36886,6.885254,27390,15.078758,53.105244,35.76438,205785,1,5,4,5.2207217,75.21486,-89.72589,61.56985,110.54221,-0.091472834,-0.08468645,-0.17084783,16451049,6,806,0.01602422,871
6000120000057,27000600001016,6000120000066,6000120000000,27,3.060419,6000120000058,-1,6000120000056,6000120000057,-1,68,5.3360715,5.3360715,5.508203,27390,15.055783,53.056,35.796635,205785,1,5,4,-3.495543,77.96347,-92.188385,59.72962,101.24745,0.005801948,-0.15127373,-0.07846393,16451053,6,1016,0.013243582,728
6000120000058,26000600000986,6000120000066,6000120000000,26,3.3080978,6000120000059,-1,6000120000057,6000120000058,-1,63,5.3360715,5.2500057,5.3360715,27390,15.053738,53.005882,35.866264,205785,1,5,4,6.778286,72.14797,-85.683136,61.951424,107.32205,-0.0047541335,0.065069206,-0.10031331,16451053,6,986,0.010834834,907
6000120000059,25000600000899,6000120000066,6000120000000,25,3.575905,6000120000060,-1,6000120000058,6000120000059,-1,60,5.0778747,4.905743,5.2500057,27390,15.060162,52.987034,35.902348,205785,1,5,4,-0.29937035,70.2281,-82.10397,64.21033,112.83845,0.022987062,0.055161323,-0.11337461,16451073,6,899,0.009749976,782
6000120000060,24000600000815,6000120000066,6000120000000,24,3.8656828,6000120000061,-1,6000120000059,6000120000060,-1,59,4.4754148,4.4754148,4.4754148,27390,15.0655365,52.9591,35.93848,205785,1,5,4,3.4367359,67.19009,-82.979836,60.14674,100.68117,0.09005352,0.06622897,-0.10503704,16451049,6,815,0.012113783,680
6000120000061,23000600000775,6000120000066,6000120000000,23,4.1794686,6000120000062,-1,6000120000060,6000120000061,-1,53,3.8729553,3.8729553,3.8729553,27390,15.030788,52.898685,35.991886,205785,1,5,4,6.94495,72.968765,-71.17349,59.07415,104.02985,0.029761916,0.042346362,-0.0025786487,16451049,6,775,0.009827208,215
6000120000062,22000600000685,6000120000066,6000120000000,22,4.5195556,6000120000063,-1,6000120000061,6000120000062,-1,49,3.2704954,3.2704954,3.7868896,27390,15.032258,52.866295,36.03543,205785,1,5,4,1.5610847,64.94424,-68.07677,56.49662,99.573166,-6.443654E-4,0.039724655,-0.042771984,16451095,6,685,0.010780866,555
6000120000063,21000600000757,6000120000066,6000120000000,21,4.888449,6000120000064,-1,6000120000062,6000120000063,-1,40,3.2704954,3.18443,3.3565612,27390,14.996327,52.81345,36.06448,205785,1,5,4,10.929084,72.09703,-59.36534,65.28986,100.92937,0.06840859,-0.02850128,-0.030516915,16451049,6,757,0.008267559,869
6000120000064,20000600000632,6000120000066,6000120000000,20,5.2888336,6000120000065,-1,6000120000063,6000120000064,-1,37,2.7541015,2.7541015,2.7541015,27390,15.007615,52.77983,36.045128,205785,1,5,4,9.731238,68.819405,-53.00758,58.074253,102.923096,0.01592884,-0.012939694,-0.0071179587,16451045,6,632,0.007861885,86
6000120000065,19000600000716,6000120000066,6000120000000,19,5.7238646,6000120000066,-1,6000120000064,6000120000065,-1,28,2.3237731,2.3237731,2.3237731,27390,14.985409,52.74152,36.09332,205785,1,5,4,17.77317,57.93549,-49.0421,54.276527,99.13282,-0.020934802,0.03584194,0.041437425,16451045,6,716,0.0069745365,869
6000120000066,18000600000595,6000120000066,6000120000000,18,6.1968336,-1,-1,6000120000065,6000120000066,-1,26,0.86065674,0.86065674,0.9467224,27385,15.02997,52.720398,36.141747,205775,1,5,4,15.955579,56.359318,-48.96928,51.298405,80.82438,-0.0041214135,0.07445835,0.06542133,16451073,6,595,0.0122355595,672
6000120000067,41000600000351,6000120000118,6000120000000,41,0.98870814,6000120000068,-1,6000120000021,6000120000022,6000120000122,83,0.0,0.0,0.0,27329,14.954144,53.77932,34.619934,205567,1,6,3,-24.100376,76.851944,2.7094169,85.66546,135.01907,-0.16867611,-0.012030998,0.051463544,16450904,6,351,0.009650201,646
6000120000068,39000600000389,6000120000118,6000120000000,39,1.173417,6000120000069,-1,6000120000067,6000120000068,6000120000024,468,50.34842,46.561527,50.09022,27329,14.997296,53.657246,34.67996,205565,1,6,3,10.321157,124.47951,-49.926483,92.34303,145.54207,0.19875346,1.2497762,0.98107094,16420521,6,389,0.047416262,28
6000120000069,38000600000329,6000120000118,6000120000000,38,1.2758462,6000120000070,-1,6000120000068,6000120000069,6000120000046,462,38.55742,36.147583,38.55742,27329,14.987044,53.580235,34.737053,205565,1,6,3,14.092993,123.982956,-51.082237,95.263954,153.86601,0.24259679,1.2626387,1.061903,16420225,6,329,0.038019143,538
6000120000070,37000600000386,6000120000118,6000120000000,37,1.3857181,6000120000071,-1,6000120000069,6000120000070,6000120000026,402,34.340202,33.049217,34.340202,27329,14.981842,53.52977,34.73817,205565,1,5,3,21.742048,125.88768,-52.029762,104.58751,159.48462,0.2548232,1.1963114,0.9930439,16420225,6,386,0.030790485,564
6000120000071,36000600000364,6000120000097,6000120000000,36,1.5036365,6000120000072,6000120000098,6000120000070,6000120000071,6000120000027,314,29.864788,28.832,29.864788,27329,14.96972,53.44363,34.763706,205565,1,5,3,9.788678,117.40022,-31.7895,84.26909,127.974174,-0.001962393,1.1810368,0.6002297,16450938,6,364,0.037923012,750
6000120000072,35000600000511,6000120000088,6000120000000,35,1.6302707,6000120000073,6000120000089,6000120000071,6000120000072,6000120000099,164,12.479523,11.188538,12.651653,27329,14.973366,53.38778,34.75184,205565,1,5,3,21.788197,139.80074,-31.093395,64.770004,114.04764,0.16290998,0.0386134,-0.10046382,16420178,6,511,0.028242696,22
6000120000073,34000600001013,6000120000088,6000120000000,34,1.766336,6000120000074,-1,6000120000072,6000120000073,-1,107,9.381158,9.209027,9.381158,27329,14.963508,53.334072,34.760075,205565,1,5,3,10.360566,114.67509,-5.3852177,68.89687,120.208405,0.07335496,0.1663402,0.06848678,16450948,6,1013,0.015656859,89
6000120000074,33000600001082,6000120000088,6000120000000,33,1.9126327,6000120000075,-1,6000120000073,6000120000074,-1,93,9.122961,8.778699,9.209027,27329,14.958592,53.25363,34.771805,205565,1,5,3,13.618519,115.7383,-13.883833,65.407974,117.18425,0.07691396,0.24442352,-0.05765563,16420444,6,1082,0.014496897,529
6000120000075,32000600001056,6000120000088,6000120000000,32,2.0700274,6000120000076,-1,6000120000074,6000120000075,-1,91,8.262304,7.831976,8.520501,27329,14.937109,53.17392,34.76933,205565,1,5,3,22.280598,114.67981,-13.411802,55.25846,103.1574,0.09548952,0.19891506,0.12480303,16450938,6,1056,0.017060667,420
6000120000076,31000600000989,6000120000088,6000120000000,31,2.2394855,6000120000077,-1,6000120000075,6000120000076,-1,96,8.090173,8.004107,8.090173,27329,14.938764,53.112236,34.77685,205565,1,5,3,19.192705,112.187805,-13.659,62.05252,108.83509,-0.031163175,0.08644582,0.052071866,16450944,6,989,0.016041035,176
6000120000077,30000600000961,6000120000088,6000120000000,30,2.422044,6000120000078,-1,6000120000076,6000120000077,-1,92,7.7459106,7.573779,7.9180417,27329,14.937478,53.02837,34.790863,205565,1,5,3,15.5232525,107.7014,-18.473577,68.63568,113.72574,-0.086314335,0.15294792,0.015971188,16450905,6,961,0.014363755,805
6000120000078,29000600000896,6000120000088,6000120000000,29,2.6188614,6000120000079,-1,6000120000077,6000120000078,-1,92,7.4016476,7.4016476,7.9180417,27329,14.918394,52.97979,34.791542,205565,1,5,3,18.011381,105.538445,-14.670441,63.44439,108.504135,0.017874628,0.1830102,-0.07808079,16450947,6,896,0.015566808,515
6000120000079,28000600000834,6000120000088,6000120000000,28,2.8311827,6000120000080,-1,6000120000078,6000120000079,-1,93,7.2295165,6.971319,7.573779,27329,14.9229145,52.902145,34.814423,205565,1,5,3,17.149435,101.38104,-16.454714,61.227947,108.60324,0.06836236,0.2645781,-0.04899627,16420472,6,834,0.017058954,874
6000120000080,27000600000762,6000120000088,6000120000000,27,3.060419,6000120000081,-1,6000120000079,6000120000080,-1,93,6.971319,6.885254,7.057385,27329,14.922003,52.85272,34.829742,205565,1,5,3,18.19802,94.51901,-18.116156,66.2612,111.04947,0.090722315,0.26724482,-0.07322674,16450949,6,762,0.015553273,972
6000120000081,26000600000824,6000120000088,6000120000000,26,3.3080978,6000120000082,-1,6000120000080,6000120000081,-1,75,6.6270566,6.6270566,6.885254,27329,14.912127,52.804302,34.824013,205565,1,5,3,5.708012,93.00401,-16.249327,68.99282,117.997505,0.045645706,0.28885603,0.101418056,16420472,6,824,0.010358512,299
6000120000082,25000600000801,6000120000088,6000120000000,25,3.575905,6000120000083,-1,6000120000081,6000120000082,-1,67,5.7664,5.594269,5.8524656,27329,14.921798,52.75772,34.8349,205565,1,5,3,3.6888413,91.851685,-21.360308,66.70249,110.920074,0.024249297,0.2811239,0.03774576,16450943,6,801,0.011236827,692
6000120000083,24000600000789,6000120000088,6000120000000,24,3.8656828,6000120000084,-1,6000120000082,6000120000083,-1,60,4.5614805,4.5614805,4.8196774,27334,14.933797,52.692554,34.83112,205551,1,5,3,-6.0851383,89.8307,-16.898502,59.998325,105.44212,0.0027438174,0.2185404,0.007716197,16450954,6,789,0.010645289,23
6000120000084,23000600000738,6000120000088,6000120000000,23,4.1794686,6000120000085,-1,6000120000083,6000120000084,-1,55,2.9262328,2.9262328,3.2704954,27334,14.9563,52.675255,34.84942,205551,1,5,3,-3.5164475,83.81364,-16.004053,56.877712,99.34416,0.019684443,0.16952728,-0.013387464,16420474,6,738,0.012184371,122
6000120000085,22000600001067,6000120000088,6000120000000,22,4.5195556,6000120000086,-1,6000120000084,6000120000085,-1,35,2.7541015,2.7541015,2.7541015,27334,14.978134,52.614113,34.858147,205551,1,5,3,-16.40347,72.219574,-20.127485,53.61645,95.030685,-0.00508904,0.0805069,-0.0100174025,16450948,6,1067,0.008770522,573
6000120000086,21000600000996,6000120000088,6000120000000,21,4.888449,6000120000087,-1,6000120000085,6000120000086,-1,32,2.4098387,2.4098387,2.4098387,27334,14.972366,52.58451,34.864147,205551,1,5,3,-13.267252,68.39125,-23.269236,51.469498,98.21682,-0.01578861,0.06713431,0.010403615,16420472,6,996,0.008111095,408
6000120000087,20000600001227,6000120000088,6000120000000,20,5.2888336,6000120000088,-1,6000120000086,6000120000087,-1,22,1.7213135,1.7213135,1.7213135,27334,14.967415,52.538982,34.874767,205551,1,5,3,-13.324976,78.60031,-22.840837,63.18613,112.37781,-0.041256607,0.09577079,0.029225925,16420480,6,1227,0.005031724,688
6000120000088,19000600001091,6000120000088,6000120000000,19,5.7238646,-1,-1,6000120000087,6000120000088,-1,20,1.3770508,1.2909851,1.3770508,27334,14.992123,52.498505,34.86992,205551,1,5,3,-7.1404524,77.60835,-18.765802,46.994194,87.90691,0.029281965,0.06985937,-0.019302242,16420479,6,1091,0.0056925067,537
6000120000089,35000600002059,6000120000097,6000120000000,35,1.6302707,6000120000090,-1,6000120000071,6000120000089,-1,33,2.840167,2.840167,2.840167,27329,15.062437,53.457497,34.596832,205565,1,5,3,-94.366974,77.7439,15.009853,42.221172,75.573715,0.015903804,0.20201945,-0.120211,16450997,6,2059,0.013527007,521
6000120000090,34000600002745,6000120000097,6000120000000,34,1.766336,6000120000091,-1,6000120000089,6000120000090,-1,33,2.6680357,2.6680357,2.6680357,27329,15.112991,53.40396,34.59555,205565,1,5,3,-87.85508,70.80774,-7.728469,43.486107,75.195305,0.051956676,0.034310225,-0.049175993,15535177,6,2745,0.0129105905,233
6000120000091,33000600002960,6000120000097,6000120000000,33,1.9126327,6000120000092,-1,6000120000090,6000120000091,-1,30,2.4959044,2.3237731,2.5819702,27329,15.158835,53.36633,34.596382,205565,1,5,3,-76.83778,75.6876,-17.717798,39.703247,70.314705,0.04852739,0.05102874,-0.11735928,15535177,6,2960,0.0140098445,306
6000120000092,32000600002666,6000120000097,6000120000000,32,2.0700274,6000120000093,-1,6000120000091,6000120000092,-1,32,2.065576,1.9795104,2.3237731,27329,15.211023,53.32354,34.598885,205565,1,5,3,-69.11588,74.26732,-28.217768,34.608044,63.821217,0.0702578,0.055722613,-0.100671604,16420487,6,2666,0.017121997,650
6000120000093,31000600002978,6000120000097,6000120000000,31,2.2394855,6000120000094,-1,6000120000092,6000120000093,-1,28,1.7213135,1.4631164,1.9795104,27329,15.251563,53.294407,34.63759,205565,1,5,3,-67.92422,64.89173,-36.92562,36.019512,65.21728,0.10102892,8.97969E-4,0.024018712,16420487,6,2978,0.013053765,190
6000120000094,30000600003029,6000120000097,6000120000000,30,2.422044,6000120000095,-1,6000120000093,6000120000094,-1,25,1.8934448,1.8934448,1.8934448,27329,15.286129,53.247307,34.648773,205565,1,5,3,-60.147755,68.628914,-42.769047,41.636703,77.85943,0.10777207,-0.022477739,0.025390234,16450994,6,3029,0.008342139,447
6000120000095,29000600003275,6000120000097,6000120000000,29,2.6188614,6000120000096,-1,6000120000094,6000120000095,-1,22,1.9795104,1.9795104,2.065576,27329,15.305619,53.22965,34.68056,205565,1,5,3,-56.566807,69.85859,-45.36047,43.76137,76.62381,0.089426436,-0.0042992188,0.063711494,15565748,6,3275,0.0083855055,519
6000120000096,28000600003339,6000120000097,6000120000000,28,2.8311827,6000120000097,-1,6000120000095,6000120000096,-1,20,1.7213135,1.6352477,1.7213135,27329,15.3529215,53.1783,34.707283,205565,1,5,3,-52.04389,69.31598,-49.102062,39.979015,68.41824,0.043401007,0.028733581,0.08181451,16450994,6,3339,0.009343535,370
6000120000097,27000600003127,6000120000097,6000120000000,27,3.060419,-1,-1,6000120000096,6000120000097,-1,21,0.86065674,0.86065674,0.86065674,27329,15.379924,53.136242,34.739586,205565,1,5,3,-50.58022,69.47139,-53.61961,32.32421,60.60373,0.061913136,0.015463302,0.059558257,15535230,6,3127,0.014945013,689
6000120000098,36000600000366,6000120000118,6000120000000,36,1.5036365,6000120000099,-1,6000120000070,6000120000071,-1,28,0.0,0.0,0.0,27329,14.950449,53.393513,34.809513,205565,1,5,3,47.568844,218.64531,-119.29815,51.640335,78.08475,0.08079875,0.05983858,0.010899843,16451524,6,366,0.009566451,521
6000120000099,35000600000512,6000120000118,6000120000000,35,1.6302707,6000120000100,-1,6000120000098,6000120000072,-1,75,0.0,0.0,0.0,27329,14.915859,53.284252,34.880775,205565,1,5,3,64.80428,161.35376,-105.93144,62.927242,97.60634,0.22772054,0.10508391,-0.27364987,16451524,6,512,0.016444238,3
6000120000100,34000600000793,6000120000112,6000120000000,34,1.766336,6000120000101,6000120000113,6000120000099,6000120000100,6000120000113,131,8.606567,7.9180417,8.864764,27329,14.904848,53.16875,34.923004,205565,1,5,3,60.90668,150.90266,-101.16453,55.15111,96.35453,0.27494732,-0.31646553,0.20985602,16451239,6,793,0.028073967,60
6000120000101,33000600000995,6000120000112,6000120000000,33,1.9126327,6000120000102,-1,6000120000100,6000120000101,-1,107,8.778699,8.434436,9.122961,27329,14.849206,53.09146,34.970234,205565,1,5,3,56.453476,145.65442,-92.27579,59.92329,102.49611,0.04406302,-0.25266844,0.07228436,16451268,6,995,0.019816337,347
6000120000102,32000600000971,6000120000112,6000120000000,32,2.0700274,6000120000103,-1,6000120000101,6000120000102,-1,101,8.434436,8.348371,8.778699,27329,14.811722,53.015457,35.042976,205565,1,5,3,57.96674,141.40334,-79.86238,62.52216,107.18849,-0.06905198,-0.2750936,-0.10623383,16451268,6,971,0.017730853,470
6000120000103,31000600000927,6000120000112,6000120000000,31,2.2394855,6000120000104,-1,6000120000102,6000120000103,-1,105,7.9180417,7.9180417,8.004107,27329,14.777078,52.938602,35.088284,205565,1,5,3,57.768616,129.40506,-77.02369,58.763996,103.15577,-0.05874663,-0.26030555,-0.031589355,16451268,6,927,0.01935618,502
6000120000104,30000600000872,6000120000112,6000120000000,30,2.422044,6000120000105,-1,6000120000103,6000120000104,-1,103,7.9180417,7.9180417,7.9180417,27329,14.738879,52.84802,35.13385,205565,1,5,3,53.89408,125.99735,-74.31445,61.220467,104.9471,-0.02841428,-0.24051158,-0.0018800118,16451217,6,872,0.021116845,963
6000120000105,29000600000838,6000120000112,6000120000000,29,2.6188614,6000120000106,-1,6000120000104,6000120000105,-1,99,6.799188,6.799188,6.885254,27390,14.719151,52.801388,35.163177,205785,1,5,3,53.009968,125.12171,-71.10955,62.66988,109.80486,-0.020021979,-0.23655741,-0.0048071197,16451232,6,838,0.016114546,236
6000120000106,28000600000900,6000120000112,6000120000000,28,2.8311827,6000120000107,-1,6000120000105,6000120000106,-1,85,5.9385314,5.9385314,6.024597,27390,14.6869135,52.74216,35.180534,205785,1,5,3,54.087734,121.20175,-61.912174,59.808346,103.09536,-0.01383348,-0.18712091,0.011727298,16451232,6,900,0.016679479,381
6000120000107,27000600001315,6000120000112,6000120000000,27,3.060419,6000120000108,-1,6000120000106,6000120000107,-1,53,4.131152,4.0450864,4.217218,27385,14.663222,52.640675,35.206303,205771,1,5,3,73.36301,115.32136,-43.339714,55.860954,96.91374,0.05725173,-0.030626837,-0.050564684,16451239,6,1315,0.013315482,952
6000120000108,26000600001299,6000120000112,6000120000000,26,3.3080978,6000120000109,-1,6000120000107,6000120000108,-1,48,3.7008238,3.6147583,3.7868896,27385,14.617415,52.571182,35.221928,205770,1,5,3,70.98408,108.04645,-48.01968,51.617,88.171196,0.12789075,-0.07498372,-0.018697608,16451248,6,1299,0.014749739,672
6000120000109,25000600001462,6000120000112,6000120000000,25,3.575905,6000120000110,-1,6000120000108,6000120000109,-1,39,2.9262328,2.840167,3.442627,27385,14.573921,52.49613,35.26054,205770,1,5,3,68.63208,112.03216,-61.50357,46.50673,83.939545,0.015649254,-0.0298346,-0.045924917,16451248,6,1462,0.013238713,271
6000120000110,24000600001610,6000120000112,6000120000000,24,3.8656828,6000120000111,-1,6000120000109,6000120000110,-1,32,2.1516418,2.1516418,2.2377074,27385,14.53212,52.442635,35.27134,205770,1,5,3,69.92197,104.547134,-52.49843,62.57301,90.13665,0.013652495,-0.023671458,-0.087703586,16451228,6,1610,0.008216268,412
6000120000111,23000600001387,6000120000112,6000120000000,23,4.1794686,6000120000112,-1,6000120000110,6000120000111,-1,32,2.5819702,2.5819702,2.6680357,27385,14.462368,52.3826,35.3119,205770,1,5,3,68.84303,102.68048,-50.877266,54.835323,93.46441,0.009520777,-0.0013540945,-0.11120467,16451239,6,1387,0.0076478915,590
6000120000112,22000600001222,6000120000112,6000120000000,22,4.5195556,-1,-1,6000120000111,6000120000112,-1,31,1.2909851,1.2909851,1.2909851,27385,14.449197,52.350357,35.34534,205770,1,5,3,65.75582,98.95672,-48.29715,44.51666,85.32564,0.010140437,5.3639483E-4,-0.10170961,16451239,6,1222,0.011723507,998
6000120000113,34000600000794,6000120000118,6000120000000,34,1.766336,6000120000114,-1,6000120000099,6000120000100,-1,20,0.0,0.0,0.0,27329,14.810947,53.303886,35.008476,205565,1,5,3,158.4058,84.37612,-108.69739,34.003643,62.72664,0.07983243,0.09858738,0.02587433,16451522,6,794,0.0133307045,959
6000120000114,33000600002892,6000120000118,6000120000000,33,1.9126327,6000120000115,-1,6000120000113,6000120000114,-1,25,1.8934448,1.8934448,1.8934448,27329,14.717192,53.279823,35.07825,205565,1,5,3,140.39182,93.95068,-90.875595,33.703934,61.84583,0.078624,0.061034303,0.07051478,16451222,6,2892,0.0137655595,852
6000120000115,32000600002991,6000120000118,6000120000000,32,2.0700274,6000120000116,-1,6000120000114,6000120000115,-1,24,1.8934448,1.8934448,1.8934448,27329,14.642872,53.214073,35.111065,205564,1,5,3,128.69945,99.16331,-86.06771,31.88834,64.132935,0.04762713,0.06616046,0.046322424,16451222,6,2991,0.012814957,868
6000120000116,30000600003800,6000120000118,6000120000000,30,2.422044,6000120000117,-1,6000120000115,6000120000116,-1,20,1.3770508,1.3770508,1.3770508,27390,14.4892645,53.09762,35.206406,205784,1,5,3,105.13002,106.50308,-76.26902,32.343685,64.68876,-0.032782532,0.0066441633,0.085876435,16451223,6,3800,0.011734139,792
6000120000117,29000600003320,6000120000118,6000120000000,29,2.6188614,6000120000118,-1,6000120000116,6000120000117,-1,22,0.9467224,0.9467224,0.9467224,27390,14.422923,53.048958,35.248302,205784,1,5,3,98.30636,95.57306,-76.24781,32.663143,64.83218,0.10024698,0.053718444,0.03195664,16451531,6,3320,0.016308025,660
6000120000118,28000600003022,6000120000118,6000120000000,28,2.8311827,-1,-1,6000120000117,6000120000118,-1,24,0.774591,0.774591,0.774591,27390,14.39731,52.95822,35.279724,205784,1,5,3,91.44922,100.22294,-72.28079,33.059742,56.33688,0.0350312,0.04992537,0.17018089,16451125,6,3022,0.017418459,203
6000120000119,45000600000385,6000120000122,6000120000000,45,0.6871088,6000120000120,-1,6000120000017,6000120000018,-1,20,0.0,0.0,0.0,27329,15.036318,53.941772,34.51176,205567,1,6,3,46.026863,100.31189,-9.301114,44.394825,87.82309,0.031995192,0.053226214,-0.009027476,16417223,6,385,0.005769465,590
6000120000120,44000600000381,6000120000122,6000120000000,44,0.75503564,6000120000121,-1,6000120000119,6000120000019,-1,21,0.0,0.0,0.0,27329,15.015048,53.895172,34.54124,205567,1,6,3,44.27481,106.106674,-116.0858,46.84128,86.368774,0.010365815,0.11890694,0.010200798,16454204,6,381,0.0058924635,264
6000120000121,42000600000395,6000120000122,6000120000000,42,0.9054624,6000120000122,-1,6000120000120,6000120000021,-1,28,0.0,0.0,0.0,27329,15.051658,53.789715,34.667927,205567,1,6,3,-48.43816,109.58304,-4.9632087,55.726612,97.2919,-0.10655344,0.11331358,0.035975423,16454213,6,395,0.006767696,880
6000120000122,41000600000352,6000120000122,6000120000000,41,0.98870814,-1,-1,6000120000121,6000120000022,-1,41,0.0,0.0,0.0,27329,15.034579,53.72322,34.658577,205567,1,6,3,133.42699,101.84159,6.222561,61.722218,105.97934,-0.08367263,0.0179106,0.051594403,16417265,6,352,0.008454152,961
6000120000123,47000600000391,6000120000127,6000120000000,47,0.5641766,6000120000124,-1,6000120000015,6000120000016,-1,36,0.0,0.0,0.0,27329,15.007587,54.08526,34.458504,205567,1,6,3,119.162994,27.55676,60.381077,53.290573,95.82526,-0.04932706,-0.046079576,-0.05046821,16451041,6,391,0.008847067,816
6000120000124,46000600000398,6000120000127,6000120000000,46,0.6235901,6000120000125,-1,6000120000123,6000120000017,-1,59,0.0,0.0,0.0,27329,14.972496,54.05671,34.439625,205567,1,6,3,55.440624,82.47266,16.988228,52.57677,94.48912,0.07933684,-0.015251359,-0.05064558,16451041,6,398,0.0147509035,683
6000120000125,45000600000384,6000120000127,6000120000000,45,0.6871088,6000120000126,-1,6000120000124,6000120000018,6000120000119,58,0.0,0.0,0.0,27329,14.965615,54.005577,34.434246,205567,1,6,3,28.21661,109.311844,-19.949799,57.225906,100.36816,0.04311758,-0.0348439,-0.08683928,16451071,6,384,0.011569918,361
6000120000126,44000600000380,6000120000127,6000120000000,44,0.75503564,6000120000127,-1,6000120000125,6000120000019,6000120000120,71,0.0,0.0,0.0,27329,14.9492035,53.95293,34.451527,205567,1,6,3,-6.9626813,128.45071,-70.70242,54.461426,100.86317,-0.033351522,-0.06993746,-0.099820465,16451071,6,380,0.016166732,249
6000120000127,43000600000411,6000120000127,6000120000000,43,0.8276991,-1,-1,6000120000126,6000120000020,-1,69,0.0,0.0,0.0,27329,14.974654,53.884502,34.494972,205567,1,6,3,-39.99996,153.43971,-121.40372,66.919044,107.536156,-0.03909611,-0.07718536,-0.047586758,16451049,6,411,0.014301346,259
