galaxyID,lastProgenitorId,descendantId,haloID,subHaloID,fofID,treeId,firstProgenitorId,nextProgenitorId,type,snapnum,redshift,centralMvir,phkey,x,y,z,zIndex,ix,iy,iz,velX,velY,velZ,np,mvir,rvir,vvir,vmax,coldGas,stellarMass,bulgeMass,hotGas,ejectedMass,blackHoleMass,metalsColdGas,metalsStellarMass,metalsBulgeMass,metalsHotGas,metalsEjectedMass,sfr,sfrBulge,xrayLum,diskRadius,coolingRadius,mag_b,mag_v,mag_r,mag_i,mag_k,mag_bBulge,mag_vBulge,mag_rBulge,mag_iBulge,mag_kBulge,mag_bDust,mag_vDust,mag_rDust,mag_iDust,mag_kDust,massWeightedAge,random
2000145000000,2000145000119,-1,2000145000000,63000200000800,63000200000800,2000145000000,2000145000001,-1,0,63,0.0,77.02878,9004,42.73496,50.353165,13.576059,109343,4,5,1,-10.888377,-21.676237,166.03061,1178,77.02878,0.14907247,149.07257,154.24089,0.34101978,2.6607454,0.49293572,8.131339,0.68742716,0.0025676931,0.009733763,0.032009084,0.004774861,0.09845264,0.0074822474,0.0,0.0,0.0,0.027382253,0.10896613,-19.734539,-20.592077,-21.297873,-21.90304,-23.428148,-17.692827,-18.555481,-19.269423,-19.872707,-21.364761,-19.677948,-20.545345,-21.260035,-21.875443,-23.42,7.9055285,682
2000145000001,2000145000119,2000145000000,2000145000001,62000200000812,62000200000812,2000145000000,2000145000002,-1,0,62,0.019932542,75.47959,9004,42.72972,50.355846,13.547664,109343,4,5,1,-1.2154229,-16.993544,170.39035,1053,75.47959,0.14732125,148.44037,155.30609,0.34101978,2.6607454,0.49293572,8.146503,0.74013656,0.0025662007,0.009733763,0.032009084,0.004774861,0.09685289,0.008039903,0.0,0.0,0.0,0.018030068,0.10961574,-19.783592,-20.633348,-21.33498,-21.937136,-23.459396,-17.720371,-18.580545,-19.292746,-19.894274,-21.383715,-19.655195,-20.527037,-21.248661,-21.873962,-23.44062,7.642095,933
2000145000002,2000145000119,2000145000001,2000145000002,61000200000798,61000200000798,2000145000000,2000145000003,-1,0,61,0.041403063,75.90992,9004,42.73265,50.359493,13.510396,109343,4,5,1,-2.446545,-21.403318,171.08093,1005,75.90992,0.1467809,149.13669,158.70886,0.34101978,2.6607454,0.49293572,8.212631,0.8148508,0.0025646493,0.009733763,0.032009084,0.004774861,0.09599893,0.008845644,0.20068903,0.0,0.0,0.010680701,0.10816441,-19.878065,-20.699074,-21.391611,-21.989834,-23.509193,-17.749807,-18.60721,-19.31746,-19.917048,-21.403748,-19.522594,-20.406506,-21.15254,-21.812683,-23.454994,7.36624,847
2000145000003,2000145000119,2000145000002,2000145000003,60000200000822,60000200000822,2000145000000,2000145000004,-1,0,60,0.064493395,77.02878,9004,42.73726,50.374676,13.471402,109343,4,5,1,-2.736853,-27.324352,176.998,1011,77.02878,0.14659525,150.32684,163.8655,0.3581835,2.6583412,0.49293572,8.309665,0.89411414,0.002563004,0.010094139,0.031940922,0.004774861,0.094713494,0.009695756,0.0,0.0,0.0,0.014198957,0.106101185,-19.876865,-20.72239,-21.420362,-22.019032,-23.539341,-17.781317,-18.635633,-19.343739,-19.941284,-21.425219,-19.663546,-20.544939,-21.27571,-21.912683,-23.507456,7.0849094,236
2000145000004,2000145000119,2000145000003,2000145000004,59000200000827,59000200000827,2000145000000,2000145000005,-1,0,59,0.08928783,77.11484,9004,42.742672,50.38113,13.429895,109343,4,5,1,-4.949071,-28.227448,181.02263,1052,77.11484,0.14566077,150.8925,159.96957,0.3581835,2.6583412,0.49293572,8.316693,1.0009488,0.0025612435,0.010094139,0.031940922,0.004774861,0.09346088,0.010853592,0.06545778,0.0,0.0,0.012005519,0.10475922,-19.953938,-20.783463,-21.474306,-22.06809,-23.583895,-17.815025,-18.665993,-19.37177,-19.967178,-21.448425,-19.658516,-20.538042,-21.273775,-21.920038,-23.539062,6.7855983,249
2000145000005,2000145000119,2000145000004,2000145000005,58000200000855,58000200000855,2000145000000,2000145000006,-1,0,58,0.11588337,77.28697,9004,42.75106,50.398045,13.374994,109343,4,5,1,-4.921674,-23.933907,185.09276,1002,77.28697,0.14468731,151.56813,159.41823,0.3642174,2.6574955,0.49293572,8.220277,1.12046,0.0025594411,0.010219345,0.031917155,0.004774861,0.09191488,0.012146392,0.0,0.0,0.0,0.016133053,0.10295221,-20.018412,-20.840628,-21.525137,-22.113163,-23.622852,-17.851223,-18.698603,-19.401896,-19.995117,-21.473795,-19.846224,-20.698093,-21.409344,-22.028328,-23.597559,6.477449,938
2000145000006,2000145000119,2000145000005,2000145000006,57000200000839,57000200000839,2000145000000,2000145000007,-1,0,57,0.14438343,77.80337,9004,42.746094,50.403706,13.32345,109343,4,5,1,-4.689774,-23.83082,187.40755,1043,77.80337,0.14382583,152.5284,157.10112,0.3642174,2.6574955,0.49293572,8.051113,1.2501457,0.002557594,0.010219345,0.031917155,0.004774861,0.09004755,0.01354525,0.33943993,0.0,0.0,0.010500268,0.10049765,-20.161806,-20.939377,-21.607351,-22.186584,-23.688097,-17.89048,-18.734188,-19.434944,-20.026052,-21.502676,-19.76932,-20.614834,-21.341866,-21.989798,-23.627846,6.1568604,37
2000145000007,2000145000119,2000145000006,2000145000007,56000200000853,56000200000853,2000145000000,2000145000008,-1,0,56,0.17489761,77.45911,9004,42.743988,50.414806,13.26759,109343,4,5,1,-5.86092,-22.426752,189.36409,1022,77.45911,0.14232676,152.98996,156.40594,0.39752132,2.6528313,0.49293572,7.922027,1.3920796,0.002555694,0.0108978255,0.031787883,0.004774861,0.08740775,0.015076948,0.32938883,0.0,0.0,0.011466709,0.09847518,-20.239973,-21.009645,-21.671057,-22.24325,-23.73658,-17.93431,-18.774565,-19.473013,-20.062456,-21.538225,-19.874424,-20.708347,-21.425098,-22.061298,-23.680948,5.8371444,427
2000145000008,2000145000119,2000145000007,2000145000008,55000200000837,55000200000837,2000145000000,2000145000009,-1,0,55,0.20754863,72.81156,9004,42.741104,50.421844,13.203554,109343,4,5,1,-6.501414,-17.431356,187.51912,1020,72.81156,0.13805096,150.60883,159.84221,0.43071258,2.6481826,0.49293572,6.926327,1.5706015,0.0025539051,0.011553523,0.031661917,0.004774861,0.084656626,0.016991133,0.399454,0.0,0.0,0.012103182,0.09854035,-20.35038,-21.10114,-21.750738,-22.312052,-23.793104,-17.980999,-18.817572,-19.513533,-20.101196,-21.576262,-19.987675,-20.80379,-21.508413,-22.132805,-23.737957,5.507918,988
2000145000009,2000145000119,2000145000008,2000145000009,54000200000845,54000200000845,2000145000000,2000145000010,-1,0,54,0.24246909,73.069756,9004,42.744595,50.432503,13.149786,109343,4,5,1,-5.4059095,-19.445906,188.49753,974,73.069756,0.13672516,151.60536,159.68571,0.47192997,2.6424098,0.49293572,6.7284303,1.7727668,0.0025521787,0.012341765,0.03150914,0.004774861,0.08144151,0.019127948,0.46695533,0.0,0.0,0.012772784,0.09544824,-20.490015,-21.21685,-21.853487,-22.40621,-23.89127,-18.03064,-18.862846,-19.55561,-20.140541,-21.613531,-20.16905,-20.956387,-21.641893,-22.249586,-23.842258,5.172255,936
2000145000010,2000145000119,2000145000009,2000145000010,53000200000842,53000200000842,2000145000000,2000145000011,-1,0,53,0.2798018,73.93041,9004,42.746727,50.426838,13.089762,109343,4,5,1,-6.8204355,-20.422716,187.50366,946,73.93041,0.13564152,153.10353,163.77206,0.5211217,2.6355202,0.49293572,6.5877123,2.006727,0.0025504478,0.013248033,0.031331655,0.004774861,0.07765794,0.02159744,0.7096899,0.0,0.0,0.012636171,0.09171371,-20.686996,-21.36123,-21.96711,-22.49616,-23.94516,-18.084867,-18.912033,-19.600931,-20.182117,-21.651417,-20.333675,-21.071726,-21.732187,-22.323492,-23.892946,4.8307137,33
2000145000011,2000145000119,2000145000010,2000145000011,52000200000853,52000200000853,2000145000000,2000145000012,-1,0,52,0.31970343,72.46729,9004,42.75522,50.433548,13.030041,109343,4,5,1,-6.4460588,-17.752645,189.81062,913,72.46729,0.13300411,153.07648,169.64572,0.59722525,2.6248617,0.49293572,6.363214,2.2603085,0.0025486301,0.01458417,0.03106643,0.004774861,0.071720876,0.024300458,1.1964055,0.0,0.0,0.012113693,0.088792324,-20.95951,-21.549658,-22.112173,-22.617758,-24.042793,-18.144632,-18.965677,-19.649902,-20.226305,-21.690338,-20.511366,-21.185213,-21.816492,-22.399162,-23.975122,4.4886208,663
2000145000012,2000145000119,2000145000011,2000145000012,51000200000815,51000200000815,2000145000000,2000145000013,-1,0,51,0.36234027,74.79107,9004,42.752556,50.44672,12.968815,109343,4,5,1,-6.5126,-22.428638,184.3451,864,74.79107,0.13252003,155.7952,166.27748,0.7274221,2.6066284,0.49293572,6.352205,2.5597355,0.0025469083,0.016709914,0.030635463,0.004774861,0.065843716,0.027512867,13.041292,0.0035749283,0.0,0.013733169,0.08278764,-21.414688,-21.85482,-22.341288,-22.801626,-24.167488,-18.209394,-19.021534,-19.699673,-20.27058,-21.728561,-21.032406,-21.545168,-22.091583,-22.618214,-24.111347,4.1523743,125
2000145000013,2000145000087,2000145000012,2000145000013,50000200000810,50000200000810,2000145000000,2000145000014,2000145000088,0,50,0.40789944,70.40172,9004,42.749825,50.463425,12.897707,109343,4,5,1,-6.540969,-26.15375,180.75002,861,70.40172,0.12788421,153.86972,166.96204,1.8444976,1.9512268,0.038584955,4.65193,2.147712,5.9127115E-4,0.03141445,0.022506408,2.0566635E-4,0.046394967,0.022740249,4.040651,0.0,43.914005,0.015564251,0.072193846,-21.07366,-21.550352,-22.074444,-22.555477,-23.944305,-15.536328,-16.292591,-16.942604,-17.471935,-18.798632,-20.506302,-21.093287,-21.700104,-22.273897,-23.85102,3.7342587,54
2000145000014,2000145000087,2000145000013,2000145000014,49000200000828,49000200000828,2000145000000,2000145000015,-1,0,49,0.45657724,66.1845,9004,42.755703,50.47252,12.825543,109343,4,5,1,-2.3517365,-25.611115,181.60004,847,66.1845,0.123189114,152.00642,164.56134,1.6579705,1.8883803,0.038584955,4.5011435,2.2020566,5.9089856E-4,0.029967815,0.021418788,2.0566635E-4,0.043414142,0.023714688,3.6437826,0.0,43.91185,0.014963314,0.07204254,-21.076239,-21.561049,-22.084137,-22.560999,-23.946678,-15.590942,-16.342468,-16.989058,-17.51543,-18.840878,-20.506924,-21.104431,-21.7084,-22.275148,-23.84671,3.478669,423
2000145000015,2000145000087,2000145000014,2000145000015,48000200000842,48000200000842,2000145000000,2000145000016,-1,0,48,0.5085914,60.6763,9004,42.77212,50.485615,12.757014,109343,4,5,1,-15.783585,-24.216852,180.90579,755,60.6763,0.11750626,149.02153,154.79295,1.5177501,1.8313967,0.038584955,3.3255942,2.3288782,5.905794E-4,0.028877761,0.020364985,2.0566635E-4,0.04052162,0.02519832,4.1999288,0.0,43.78228,0.012754141,0.069804795,-21.202934,-21.657127,-22.1599,-22.622444,-23.988598,-15.648395,-16.394041,-17.03581,-17.55715,-18.877365,-20.474497,-21.05636,-21.663805,-22.248482,-23.866785,3.205344,177
2000145000016,2000145000087,2000145000015,2000145000016,47000200000836,47000200000836,2000145000000,2000145000017,-1,0,47,0.5641766,55.51236,9004,42.78159,50.49467,12.676946,109339,4,5,1,-16.346336,-23.471071,178.57538,740,55.51236,0.111837275,146.10716,153.56311,1.4975662,1.7655694,0.038584955,2.901996,2.3062024,5.9030275E-4,0.028702969,0.019118527,2.0566635E-4,0.03581319,0.024585968,7.238897,1.6997044E-4,43.779633,0.012052142,0.06827616,-21.960724,-22.238228,-22.711481,-23.179548,-24.537928,-15.710278,-16.447807,-17.082941,-17.597038,-18.907589,-21.1382,-21.556236,-22.14737,-22.752533,-24.396805,2.9411755,750
2000145000017,2000145000068,2000145000016,2000145000017,46000200000783,46000200000783,2000145000000,2000145000018,2000145000069,0,46,0.6235901,53.016453,9004,42.78567,50.5112,12.602381,109339,4,5,1,-14.861207,-25.77625,175.03209,753,53.016453,0.107802555,145.43227,155.53566,1.7959697,1.6507677,0.03712321,2.473952,2.072201,4.0602795E-4,0.03212499,0.017047374,2.0476505E-4,0.031940315,0.020933388,6.82373,0.0,43.72696,0.013173078,0.06594341,-21.369703,-21.770052,-22.24149,-22.681372,-24.013905,-15.684909,-16.423517,-17.056223,-17.566595,-18.875841,-20.629023,-21.162313,-21.736221,-22.293955,-23.876345,2.7554643,384
2000145000018,2000145000048,2000145000017,2000145000018,45000200000760,45000200000760,2000145000000,2000145000019,2000145000049,0,45,0.6871088,51.811535,9004,42.807293,50.517315,12.511139,109339,4,5,1,-15.804589,-30.245829,172.75934,648,51.811535,0.104537435,145.99812,151.75664,2.0802965,1.5221198,0.014850408,2.2744446,1.8403533,3.1056278E-4,0.033595692,0.015101475,5.1556915E-5,0.029580005,0.017083798,5.8132687,0.0,43.728394,0.013926456,0.06269829,-21.352797,-21.757975,-22.22956,-22.666122,-23.994497,-14.827101,-15.528121,-16.13847,-16.62113,-17.85259,-20.727262,-21.240622,-21.804111,-22.348154,-23.894152,2.5231647,377
2000145000019,2000145000048,2000145000018,2000145000019,44000200000712,44000200000712,2000145000000,2000145000020,-1,0,44,0.75503564,52.93039,9004,42.793957,50.524693,12.414333,109339,4,5,1,-14.569441,-32.9801,166.15883,704,52.93039,0.10270122,148.87944,159.89566,2.2517252,1.4321984,0.014850408,2.5382416,1.681898,3.1045065E-4,0.032949843,0.013724504,5.1556915E-5,0.02975949,0.013889331,6.694599,0.0,43.80286,0.0136305615,0.06046641,-21.458544,-21.835457,-22.287151,-22.70843,-24.011717,-14.888407,-15.581344,-16.185566,-16.663418,-17.892624,-20.789225,-21.2898,-21.836817,-22.366627,-23.895294,2.297981,605
2000145000020,2000145000048,2000145000019,2000145000020,43000200000683,43000200000683,2000145000000,2000145000021,-1,0,43,0.8276991,53.963177,9004,42.760544,50.544903,12.3344145,109339,4,5,1,-11.177335,-35.11378,154.8929,698,53.963177,0.10064664,151.8515,145.31555,2.4537835,1.3298005,0.014850408,2.8169641,1.4598821,3.1032274E-4,0.03176625,0.012320021,5.1556915E-5,0.029927116,0.010313909,6.913298,0.0,43.888813,0.014338854,0.05921368,-21.523052,-21.874008,-22.303812,-22.707857,-23.978832,-14.955895,-15.6422825,-16.241558,-16.715916,-17.94573,-20.959507,-21.413809,-21.926231,-22.424511,-23.886467,2.092942,697
2000145000021,2000145000048,2000145000020,2000145000021,42000200000659,42000200000659,2000145000000,2000145000022,-1,0,42,0.9054624,57.233673,9004,42.764,50.55904,12.278409,109339,4,5,1,-12.733554,-40.804363,148.23492,647,57.233673,0.09975565,157.08221,142.73065,2.5300212,1.2255948,0.014850408,3.60314,1.2347915,3.101655E-4,0.029012624,0.011058901,5.1556915E-5,0.030745324,0.0073084626,9.02004,0.0,44.04034,0.01214379,0.057625268,-21.674952,-21.975872,-22.372984,-22.754095,-23.981703,-15.03182,-15.713029,-16.308443,-16.78075,-18.014881,-21.052975,-21.467407,-21.954962,-22.439034,-23.877,1.8931404,91
2000145000022,2000145000048,2000145000021,2000145000022,41000200000604,41000200000604,2000145000000,2000145000023,-1,0,41,0.98870814,61.79515,9004,42.77934,50.585583,12.232743,109339,4,5,1,-27.476713,-49.54841,150.4295,671,61.79515,0.09927454,163.61693,146.24283,2.6110146,1.0920928,0.014850408,4.716167,0.91573644,3.0995667E-4,0.025677467,0.009654971,5.1556915E-5,0.030362096,0.0044590128,10.179619,0.0,44.198284,0.011320874,0.054947753,-21.725958,-21.994745,-22.368145,-22.72865,-23.91661,-15.125304,-15.804471,-16.39856,-16.872149,-18.114462,-21.054564,-21.446033,-21.917513,-22.388565,-23.802422,1.7469813,126
2000145000023,2000145000048,2000145000022,2000145000023,40000200000578,40000200000578,2000145000000,2000145000024,-1,0,40,1.0778745,69.28287,9004,42.80643,50.61857,12.04588,109339,4,5,1,-5.6690874,-50.880222,153.85326,688,69.28287,0.09985289,172.74384,153.32024,2.492507,0.944652,0.014850408,6.5267334,0.58832246,3.096678E-4,0.021304462,0.008328848,5.1556915E-5,0.028910486,0.002552971,7.5246787,0.0,44.375988,0.013005007,0.05148555,-21.549261,-21.834866,-22.21448,-22.574644,-23.770876,-15.223222,-15.898244,-16.487715,-16.957104,-18.195766,-21.217651,-21.56331,-21.994371,-22.41276,-23.721666,1.6445993,668
2000145000024,2000145000048,2000145000023,2000145000024,39000200000598,39000200000598,2000145000000,2000145000025,-1,0,39,1.173417,66.442696,9004,42.878033,50.66735,12.053809,109339,4,5,1,-24.193903,-65.91963,170.8103,674,66.442696,0.095154285,173.29236,155.92075,1.8686218,0.8383838,0.014850408,7.7464714,0.38130414,3.0929272E-4,0.0169227,0.007431336,5.1556915E-5,0.025334453,0.0018151819,6.5973873,0.0,44.48029,0.010028618,0.050475266,-21.464926,-21.765936,-22.158937,-22.527115,-23.737614,-15.330582,-16.00045,-16.583708,-17.045671,-18.280905,-20.938051,-21.338469,-21.812288,-22.26969,-23.656475,1.4933457,841
2000145000025,2000145000048,2000145000024,2000145000025,38000200000568,38000200000568,2000145000000,2000145000026,-1,0,38,1.2758462,53.016453,9004,42.793427,50.69123,11.984334,109339,4,5,1,-36.711285,-71.06018,135.5162,557,53.016453,0.08512097,163.66545,140.92725,1.2249289,0.74784875,0.014850408,5.3216295,0.25903702,3.089437E-4,0.013725441,0.0065478785,5.1556915E-5,0.024878006,0.0014572457,3.2207572,0.0,44.358208,0.009337685,0.052547414,-21.182985,-21.52572,-21.935404,-22.311378,-23.526495,-15.458291,-16.123169,-16.701555,-17.15835,-18.391367,-20.661657,-21.103975,-21.592375,-22.055624,-23.444921,1.3261565,403
2000145000026,2000145000048,2000145000025,2000145000026,37000200000567,37000200000566,2000145000000,2000145000027,-1,1,37,1.3857181,36.57791,9004,42.827713,50.74047,11.94594,109339,4,5,1,-88.12533,-70.396095,85.281395,153,13.168052,0.051505905,104.858154,133.34598,0.52670693,0.70504975,0.014850408,0.0,0.0,3.087101E-4,0.0099682035,0.0059808516,5.1556915E-5,0.0,0.0,4.678682,0.0,40.461548,0.0043991455,0.008306987,-21.284298,-21.592836,-21.975073,-22.340385,-23.548384,-15.572768,-16.219309,-16.78601,-17.234758,-18.455711,-19.637829,-20.16752,-20.750616,-21.373785,-23.196619,1.0795566,101
2000145000027,2000145000048,2000145000026,2000145000027,36000200000604,36000200000603,2000145000000,2000145000028,-1,0,36,1.5036365,27.196753,8995,42.88707,50.790047,11.879564,109449,4,5,1,-97.895645,-71.71036,114.70911,164,27.196753,0.06301979,136.23541,134.23001,0.9551104,0.6450523,0.014850408,0.028756874,2.9767208,3.087101E-4,0.013930547,0.004994936,5.1556915E-5,3.0893783E-4,0.019529605,16.41309,0.0,40.461548,0.0038147732,0.008306987,-21.844713,-22.036942,-22.354269,-22.678598,-23.790342,-15.697619,-16.323702,-16.877628,-17.316683,-18.523762,-19.825209,-20.234684,-20.775347,-21.408125,-23.335743,0.85584015,539
2000145000028,2000145000048,2000145000027,2000145000028,35000200000587,35000200000587,2000145000000,2000145000029,-1,0,35,1.6302707,21.172155,8995,42.932106,50.818695,11.816287,109449,4,5,1,-102.39163,-61.980064,135.20473,306,21.172155,0.05559421,127.97871,132.2221,2.400565,0.44261098,0.014850408,0.009230563,2.0781486,3.0870902E-4,0.01897399,0.002854827,5.1556915E-5,6.475262E-5,0.009276383,10.684309,0.0,0.0,0.009606136,0.0049840943,-21.557379,-21.764183,-22.076513,-22.381197,-23.430647,-15.861915,-16.470997,-17.016365,-17.450634,-18.660292,-20.911592,-21.22134,-21.624239,-22.035648,-23.313597,0.8721076,511
2000145000029,2000145000048,2000145000028,2000145000029,34000200000827,34000200000827,2000145000000,2000145000030,-1,0,34,1.766336,19.88117,9018,42.989727,50.85735,11.742796,109504,4,5,1,-97.26156,-61.793705,131.01868,256,19.88117,0.05211027,128.09415,131.03334,0.5798381,0.31628594,0.014850408,0.88718665,1.3400165,3.087007E-4,0.0062544616,0.0020192338,5.1556915E-5,0.004242613,0.004131864,4.9391084,0.0,43.625507,0.00417701,0.045701534,-20.947685,-21.176128,-21.504398,-21.818464,-22.885353,-16.078346,-16.658047,-17.188063,-17.615103,-18.825642,-19.823376,-20.228882,-20.712442,-21.21153,-22.679419,0.87625885,807
2000145000030,2000145000048,2000145000029,2000145000030,33000200000792,33000200000792,2000145000000,2000145000031,-1,0,33,1.9126327,19.192644,8965,43.026943,50.877785,11.679796,109284,4,5,1,-88.02637,-57.88418,132.31993,255,19.192644,0.049208168,129.51462,130.3822,0.64272004,0.26048377,0.014850408,0.9615696,1.1533915,3.0864592E-4,0.0059340545,0.0014703233,5.1556915E-5,0.0034120532,0.0028941983,3.575213,0.0,43.69254,0.0055132215,0.042764883,-20.794006,-21.023155,-21.343609,-21.648592,-22.678785,-16.30388,-16.843103,-17.349602,-17.765076,-18.974756,-20.149546,-20.48655,-20.899618,-21.31195,-22.567524,0.76277703,428
2000145000031,2000145000048,2000145000030,2000145000031,32000200000813,32000200000813,2000145000000,2000145000032,-1,0,32,2.0700274,17.2992,8965,43.069324,50.94214,11.58352,109284,4,5,1,-77.48929,-65.76274,132.26389,217,17.2992,0.045336902,128.10234,139.96938,0.6049752,0.22200754,0.014850408,0.77300745,1.1087279,3.0859298E-4,0.0053048,0.0011265565,5.1556915E-5,0.0028804354,0.0023731485,4.3539267,0.0,43.63261,0.004597875,0.040125106,-20.89116,-21.073553,-21.361116,-21.645443,-22.618217,-16.572805,-17.062141,-17.53536,-17.929295,-19.101604,-20.017214,-20.331594,-20.73486,-21.158632,-22.442865,0.6142404,68
2000145000032,2000145000048,2000145000031,2000145000032,31000200000725,31000200000725,2000145000000,2000145000033,-1,0,31,2.2394855,16.954937,8965,43.116035,50.97626,11.490909,109284,4,5,1,-77.17925,-61.284096,137.89319,230,16.954937,0.042879216,130.40512,139.9621,0.5959101,0.17750676,0.014850408,0.9073434,0.9813248,3.0854117E-4,0.00452196,7.710129E-4,5.1556915E-5,0.00246665,0.0015825492,7.628377,0.0070211496,43.75386,0.0051129702,0.038247827,-20.852549,-21.00186,-21.26408,-21.539688,-22.479008,-16.858973,-17.25254,-17.656548,-18.00222,-19.05071,-20.271002,-20.525524,-20.875639,-21.248611,-22.385792,0.49187207,460
2000145000033,2000145000042,2000145000032,2000145000033,30000200000686,30000200000686,2000145000000,2000145000034,2000145000043,0,30,2.422044,15.836083,8965,43.16155,50.988815,11.404561,109284,4,5,1,-75.36148,-56.94696,132.34767,217,15.836083,0.039842427,130.74376,131.45197,0.7134475,0.08889932,0.0,1.0134474,0.60687,0.0,0.0032280192,2.840139E-4,0.0,0.0010580682,4.3078003E-4,3.8101196,0.0,43.797287,0.0057176915,0.028046593,-20.423468,-20.509039,-20.731283,-20.970684,-21.85562,99.0,99.0,99.0,99.0,99.0,-20.196703,-20.3298,-20.59061,-20.87008,-21.82761,0.45028105,13
2000145000034,2000145000042,2000145000033,2000145000034,29000200000767,29000200000767,2000145000000,2000145000035,-1,0,29,2.6188614,13.168048,8965,43.19955,51.01917,11.302669,109284,4,5,1,-68.92235,-57.549168,134.5452,180,13.168048,0.03555628,126.20382,139.15752,0.6471872,0.054084085,0.0,0.82524437,0.4497582,0.0,0.0021152652,1.490023E-4,0.0,6.064076E-4,2.5304814E-4,2.394127,0.0,43.70186,0.006760296,0.024104899,-19.899492,-19.970394,-20.184206,-20.411537,-21.258928,99.0,99.0,99.0,99.0,99.0,-19.805634,-19.896566,-20.126451,-20.370468,-21.247545,0.45140988,995
2000145000035,2000145000042,2000145000034,2000145000035,28000200000825,28000200000825,2000145000000,2000145000036,-1,0,28,2.8311827,11.877063,8965,43.243614,51.0795,11.217267,109284,4,5,1,-77.98157,-47.164207,134.43317,143,11.877063,0.032552116,125.26648,128.13744,0.47658974,0.033487495,0.0,0.96619654,0.34904313,0.0,0.0012926891,8.961408E-5,0.0,4.0462863E-4,1.9100643E-4,1.4984109,0.0,43.785454,0.0060224426,0.02175653,-19.471416,-19.52408,-19.724056,-19.932896,-20.728254,99.0,99.0,99.0,99.0,99.0,-19.404644,-19.471277,-19.682606,-19.903194,-20.719969,0.46304086,213
2000145000036,2000145000042,2000145000035,2000145000036,27000200000935,27000200000935,2000145000000,2000145000037,-1,0,27,3.060419,8.9508295,8965,43.293148,51.09763,11.117003,109284,4,5,1,-70.93126,-45.571903,140.14323,105,8.9508295,0.028026601,117.196976,114.38395,0.27235723,0.021382183,0.0,0.7345407,0.3001885,0.0,7.856382E-4,5.785629E-5,0.0,2.2840941E-4,1.9309385E-4,0.5900912,0.0,43.64639,0.0052007823,0.019258505,-18.81528,-18.89663,-19.10843,-19.326687,-20.119663,99.0,99.0,99.0,99.0,99.0,-18.749262,-18.84499,-19.06831,-19.297731,-20.11167,0.4842786,303
2000145000037,2000145000042,2000145000036,2000145000037,26000200000966,26000200000966,2000145000000,2000145000038,-1,0,26,3.3080978,4.6475463,8965,43.341465,51.08204,10.9799385,109284,4,5,1,-65.680046,-52.534687,133.76204,91,4.6475463,0.021280898,96.91408,101.36572,0.15839238,0.016917152,0.0,0.1261654,0.2911722,0.0,6.111884E-4,4.33188E-5,0.0,7.652493E-5,2.2089515E-4,3.6859603E-4,0.0,42.83899,0.008488581,0.017332861,-17.894932,-18.11178,-18.404682,-18.711618,-19.640694,99.0,99.0,99.0,99.0,99.0,-17.880272,-18.09974,-18.394964,-18.70456,-19.638638,0.41195202,141
2000145000038,2000145000042,2000145000037,2000145000038,25000200001533,25000200001533,2000145000000,2000145000039,-1,0,25,3.575905,2.840167,8965,43.407307,51.088955,10.90957,109284,4,5,1,-86.07058,-20.899298,137.54904,52,2.840167,0.01703626,84.67492,93.13873,0.112641476,0.016914546,0.0,3.9215217E-4,0.27917865,0.0,5.928732E-4,4.3308748E-5,0.0,5.875007E-7,2.5346997E-4,1.2292426,0.0,38.390167,0.0022125957,0.0011752034,-18.957794,-19.010992,-19.206724,-19.42447,-20.25258,99.0,99.0,99.0,99.0,99.0,-18.540762,-18.680902,-18.948591,-19.239584,-20.202198,0.2421228,659
2000145000039,2000145000042,2000145000038,2000145000039,24000200001661,24000200001661,2000145000000,2000145000040,-1,0,24,3.8656828,2.4098387,8965,43.47648,51.108494,10.852634,109284,4,5,1,-85.13604,-15.937258,139.97203,44,2.4098387,0.015193697,82.590904,84.88588,0.1700234,0.008816371,0.0,0.015520896,0.1529981,0.0,3.8034888E-4,1.44204005E-5,0.0,5.824785E-6,6.342552E-5,0.50446236,0.0,41.60815,0.003540094,0.009168344,-18.454336,-18.481245,-18.646631,-18.824358,-19.486418,99.0,99.0,99.0,99.0,99.0,-18.414452,-18.448536,-18.620295,-18.805174,-19.480818,0.22675414,671
2000145000040,2000145000042,2000145000039,2000145000040,23000200001610,23000200001610,2000145000000,2000145000041,-1,0,23,4.1794686,1.032788,8965,43.54733,51.12371,10.79126,109284,4,5,1,-83.78117,-21.410723,117.9314,39,1.032788,0.010776871,64.19914,80.45771,0.085823596,0.0057266685,0.0,0.0,0.0932071,0.0,2.458907E-4,7.5273406E-6,0.0,0.0,4.7985624E-5,0.35280544,0.0,0.0,0.003089246,0.010776871,-17.83711,-17.883814,-18.06611,-18.273577,-18.978592,99.0,99.0,99.0,99.0,99.0,-17.795677,-17.850183,-18.039326,-18.25411,-18.97297,0.17259182,251
2000145000041,2000145000042,2000145000040,2000145000041,22000200002351,22000200002351,2000145000000,2000145000042,-1,0,22,4.5195556,1.2909851,8965,43.565228,51.141895,10.727411,109280,4,5,1,-70.203575,-21.847439,121.68239,24,1.2909851,0.010907104,71.34702,78.84845,0.10013632,0.003722182,0.0,0.0,0.08089886,0.0,1.7336928E-4,3.0067467E-6,0.0,0.0,1.9528281E-5,0.50850785,0.0,0.0,0.0029780113,0.010907104,-17.799303,-17.784645,-17.924316,-18.073248,-18.60312,99.0,99.0,99.0,99.0,99.0,-17.74619,-17.741903,-17.89044,-18.048006,-18.594767,0.09063822,972
2000145000042,2000145000042,2000145000041,2000145000042,21000200002035,21000200002035,2000145000000,-1,-1,0,21,4.888449,1.2909851,8965,43.61368,51.155495,10.665543,109280,4,5,1,-67.5271,-23.212738,120.21603,23,1.2909851,0.010234367,73.65463,76.97602,0.1166801,0.0010481309,0.0,0.03074463,0.038706735,0.0,5.3405158E-5,2.2543308E-7,0.0,8.707862E-7,6.634028E-7,0.21586347,0.0,42.1001,0.0031532098,0.00812955,-16.999155,-16.78035,-16.75547,-16.674454,-16.576498,99.0,99.0,99.0,99.0,99.0,-16.996613,-16.778261,-16.75378,-16.673214,-16.576118,0.027194541,133
2000145000043,2000145000048,2000145000032,2000145000033,30000200000686,30000200000686,2000145000000,2000145000044,-1,2,30,2.422044,15.836083,8965,43.241753,51.011208,11.345225,109284,4,5,1,-120.32709,-70.0493,163.61592,24,1.8934448,0.014882544,73.97035,76.80238,0.046885744,0.0147824595,0.0,0.0,0.0,0.0,4.057534E-4,5.096759E-5,0.0,0.0,0.0,0.096303746,0.0,41.824726,0.002726878,0.009815182,-17.373224,-17.623934,-17.94511,-18.246155,-19.220198,99.0,99.0,99.0,99.0,99.0,-17.30663,-17.572084,-17.904436,-18.216944,-19.211815,0.7190446,580
2000145000044,2000145000048,2000145000043,2000145000034,29000200000767,29000200000767,2000145000000,2000145000045,-1,2,29,2.6188614,13.168048,8965,43.245693,51.032616,11.26084,109284,4,5,1,101.26926,42.5521,117.630806,24,1.8934448,0.014882544,73.97035,76.80238,0.05316912,0.013902478,0.0,0.0,0.0,0.0,4.109552E-4,4.378839E-5,0.0,0.0,0.0,0.16391258,0.0,41.824726,0.002726878,0.009815182,-17.643362,-17.826246,-18.104582,-18.384096,-19.315292,99.0,99.0,99.0,99.0,99.0,-17.567457,-17.768774,-18.060415,-18.35297,-19.306622,0.53737473,789
2000145000045,2000145000048,2000145000044,2000145000035,28000200000825,28000200000825,2000145000000,2000145000046,-1,2,28,2.8311827,11.877063,8965,43.222527,50.99979,11.202598,109284,4,5,1,-44.26023,-10.6334095,57.798454,24,1.8934448,0.014882544,73.97035,76.80238,0.06323797,0.012492343,0.0,0.0,0.0,0.0,4.0819484E-4,3.385927E-5,0.0,0.0,0.0,0.2701595,0.0,41.824726,0.002726878,0.009815182,-17.90772,-18.03355,-18.273981,-18.53339,-19.418058,99.0,99.0,99.0,99.0,99.0,-17.852095,-17.989775,-18.239569,-18.50885,-19.411108,0.37861195,73
2000145000046,2000145000048,2000145000045,2000145000036,27000200000935,27000200000935,2000145000000,2000145000047,-1,2,27,3.060419,8.9508295,8965,43.24234,51.047813,11.178724,109284,4,5,1,-48.88543,-135.83005,65.6726,24,1.8934448,0.014882544,73.97035,76.80238,0.07882218,0.010309786,0.0,0.0,0.0,0.0,3.8131094E-4,2.1690064E-5,0.0,0.0,0.0,0.43150714,0.0,41.824726,0.002726878,0.009815182,-18.154243,-18.23632,-18.44592,-18.682358,-19.50505,99.0,99.0,99.0,99.0,99.0,-18.036089,-18.14746,-18.379055,-18.635487,-19.49284,0.24240425,842
2000145000047,2000145000048,2000145000046,2000145000037,26000200000966,26000200000966,2000145000000,2000145000048,-1,2,26,3.3080978,4.6475463,8965,43.26801,51.123943,11.143619,109284,4,5,1,-36.549133,-73.56781,81.542274,24,1.8934448,0.014882544,73.97035,76.80238,0.10213601,0.0070447093,0.0,0.0,0.0,0.0,2.9993476E-4,9.288634E-6,0.0,0.0,0.0,0.66848254,0.0,41.824726,0.002726878,0.009815182,-18.314684,-18.345293,-18.517466,-18.709997,-19.361233,99.0,99.0,99.0,99.0,99.0,-18.267248,-18.306839,-18.486973,-18.687408,-19.354616,0.1275899,669
2000145000048,2000145000048,2000145000047,2000145000043,25000200003340,25000200003340,2000145000000,-1,-1,0,25,3.575905,1.8934448,8965,43.300076,51.180832,11.103868,109284,4,5,1,-56.730038,-106.754845,92.49235,24,1.8934448,0.014882544,73.97035,76.80238,0.1358787,0.0023190735,0.0,0.027904723,0.08580188,0.0,1.1458933E-4,8.408092E-7,0.0,2.3186064E-6,4.307764E-6,0.3520179,0.0,41.824726,0.002726878,0.009815182,-17.980804,-17.91815,-18.014977,-18.096762,-18.34425,99.0,99.0,99.0,99.0,99.0,-17.95056,-17.891527,-17.991892,-18.077272,-18.334831,0.0324162,948
2000145000049,2000145000068,2000145000017,2000145000018,45000200000760,45000200000760,2000145000000,2000145000050,-1,2,45,0.6871088,51.811535,9004,42.772972,50.515217,12.475741,109339,4,5,1,-88.131935,14.12763,202.7701,21,1.8073797,0.022387661,58.92374,64.3488,0.004646412,0.022272805,0.0,0.0,0.0,0.0,9.932726E-5,1.5320814E-4,0.0,0.0,0.0,0.0,0.0,43.207973,0.0014314972,0.027475651,-15.131818,-15.88211,-16.51884,-17.038054,-18.387802,99.0,99.0,99.0,99.0,99.0,-15.048948,-15.813644,-16.463346,-16.997612,-18.375937,4.95501,500
2000145000050,2000145000068,2000145000049,2000145000019,44000200000712,44000200000712,2000145000000,2000145000051,-1,2,44,0.75503564,52.93039,9004,42.815533,50.52028,12.426625,109339,4,5,1,-2.3398144,-65.49532,34.812138,21,1.8073797,0.022387661,58.92374,64.3488,0.004646412,0.022272805,0.0,0.0,0.0,0.0,9.932726E-5,1.5320814E-4,0.0,0.0,0.0,0.0,0.0,43.207973,0.0014314972,0.027475651,-15.201257,-15.9453,-16.577656,-17.09416,-18.444687,99.0,99.0,99.0,99.0,99.0,-15.118388,-15.876834,-16.522163,-17.053719,-18.432823,4.583265,329
2000145000051,2000145000068,2000145000050,2000145000020,43000200000683,43000200000683,2000145000000,2000145000052,-1,2,43,0.8276991,53.963177,9004,42.769047,50.558636,12.36893,109339,4,5,1,117.940186,-55.01753,200.74489,21,1.8073797,0.022387661,58.92374,64.3488,0.004646412,0.022272805,0.0,0.0,0.0,0.0,9.932726E-5,1.5320814E-4,0.0,0.0,0.0,0.0,0.0,43.207973,0.0014314972,0.027475651,-15.278907,-16.018616,-16.648567,-17.164715,-18.523422,99.0,99.0,99.0,99.0,99.0,-15.196038,-15.9501505,-16.593075,-17.124271,-18.511557,4.215669,940
2000145000052,2000145000068,2000145000051,2000145000021,42000200000659,42000200000659,2000145000000,2000145000053,-1,2,42,0.9054624,57.233673,9004,42.721992,50.556213,12.254311,109339,4,5,1,34.682087,23.974491,190.71275,21,1.8073797,0.022387661,58.92374,64.3488,0.004646412,0.022272805,0.0,0.0,0.0,0.0,9.932726E-5,1.5320814E-4,0.0,0.0,0.0,0.0,0.0,43.207973,0.0014314972,0.027475651,-15.387697,-16.129532,-16.761536,-17.281334,-18.654888,99.0,99.0,99.0,99.0,99.0,-15.304829,-16.061066,-16.706041,-17.240892,-18.643024,3.8534203,687
2000145000053,2000145000068,2000145000052,2000145000022,41000200000604,41000200000604,2000145000000,2000145000054,-1,2,41,0.98870814,61.79515,9004,42.739227,50.55867,12.184777,109339,4,5,1,-97.03623,-39.949997,92.346344,21,1.8073797,0.022387661,58.92374,64.3488,0.004646412,0.022272805,0.0,0.0,0.0,0.0,9.932726E-5,1.5320814E-4,0.0,0.0,0.0,0.0,0.0,43.207973,0.0014314972,0.027475651,-15.503249,-16.241482,-16.869322,-17.384052,-18.75266,99.0,99.0,99.0,99.0,99.0,-15.420381,-16.173016,-16.813828,-17.343609,-18.740795,3.4977229,671
2000145000054,2000145000068,2000145000053,2000145000045,40000200000579,40000200000578,2000145000000,2000145000055,-1,2,40,1.0778745,69.28287,9004,42.82475,50.612354,12.151882,109339,4,5,1,-201.88345,-180.73991,25.264229,21,1.8073797,0.022387661,58.92374,64.3488,0.004646412,0.022272805,0.0,0.0,0.0,0.0,9.932726E-5,1.5320814E-4,0.0,0.0,0.0,0.0,0.0,43.207973,0.0014314972,0.027475651,-15.620393,-16.34701,-16.964312,-17.467028,-18.821714,99.0,99.0,99.0,99.0,99.0,-15.537523,-16.278543,-16.908817,-17.426584,-18.80985,3.1496346,837
2000145000055,2000145000068,2000145000054,2000145000046,38000200000569,38000200000568,2000145000000,2000145000056,-1,2,38,1.2758462,53.016453,9004,42.904583,50.728745,11.949757,109339,4,5,1,2.3870711,41.55131,328.16293,21,1.8073797,0.022387661,58.92374,64.3488,0.004646412,0.022272805,0.0,0.0,0.0,0.0,9.932726E-5,1.5320814E-4,0.0,0.0,0.0,0.0,0.0,43.207973,0.0014314972,0.027475651,-15.898068,-16.593515,-17.188776,-17.67154,-19.008528,99.0,99.0,99.0,99.0,99.0,-15.8152,-16.52505,-17.133282,-17.631096,-18.996662,2.4804337,884
2000145000056,2000145000068,2000145000055,2000145000047,37000200000566,37000200000566,2000145000000,2000145000057,-1,2,37,1.3857181,36.57791,9004,42.87849,50.691208,11.756388,109339,4,5,1,59.891136,-3.6692872,280.79495,21,1.8073797,0.022387661,58.92374,64.3488,0.004646412,0.022272805,0.0,0.0,0.0,0.0,9.932726E-5,1.5320814E-4,0.0,0.0,0.0,0.0,0.0,43.207973,0.0014314972,0.027475651,-16.07294,-16.745365,-17.324938,-17.792294,-19.111841,99.0,99.0,99.0,99.0,99.0,-15.990072,-16.676899,-17.269445,-17.75185,-19.099976,2.1610773,327
2000145000057,2000145000068,2000145000056,2000145000048,36000200000603,36000200000603,2000145000000,2000145000058,-1,2,36,1.5036365,27.196753,8979,42.854904,50.711838,11.616237,109119,4,5,1,19.894028,-60.12034,209.82121,21,1.8073797,0.022387661,58.92374,64.3488,0.004646412,0.022272805,0.0,0.0,0.0,0.0,9.932726E-5,1.5320814E-4,0.0,0.0,0.0,0.0,0.0,43.207973,0.0014314972,0.027475651,-16.300896,-16.950298,-17.519722,-17.984186,-19.334454,99.0,99.0,99.0,99.0,99.0,-16.218025,-16.881834,-17.46423,-17.943743,-19.32259,1.8528914,825
2000145000058,2000145000068,2000145000057,2000145000049,35000200000588,35000200000587,2000145000000,2000145000059,-1,2,35,1.6302707,21.172155,8979,42.856956,50.772175,11.519755,109119,4,5,1,9.409133,-187.28027,94.587326,21,1.8073797,0.022387661,58.92374,64.3488,0.004646412,0.022272805,0.0,0.0,0.0,0.0,9.932726E-5,1.5320814E-4,0.0,0.0,0.0,0.0,0.0,43.207973,0.0014314972,0.027475651,-16.554636,-17.150091,-17.684076,-18.12529,-19.431456,99.0,99.0,99.0,99.0,99.0,-16.471767,-17.081625,-17.628582,-18.084846,-19.41959,1.5564682,582
2000145000059,2000145000068,2000145000058,2000145000050,34000200001009,34000200001009,2000145000000,2000145000060,-1,2,34,1.766336,16.868872,8988,42.8097,50.87117,11.47574,109229,4,5,1,118.21957,-136.52068,116.82388,21,1.8073797,0.022387661,58.92374,64.3488,0.004646412,0.022272805,0.0,0.0,0.0,0.0,9.932726E-5,1.5320814E-4,0.0,0.0,0.0,0.0,0.0,43.207973,0.0014314972,0.027475651,-16.838438,-17.361284,-17.847975,-18.259048,-19.511234,99.0,99.0,99.0,99.0,99.0,-16.75557,-17.29282,-17.792482,-18.218605,-19.499369,1.2723199,145
2000145000060,2000145000068,2000145000059,2000145000067,33000200000983,33000200000982,2000145000000,2000145000061,-1,1,33,1.9126327,11.790997,8988,42.729076,50.92307,11.40224,109229,4,5,1,115.088486,-49.357437,71.6447,21,1.8073797,0.022387661,58.92374,64.3488,0.004646412,0.022272805,0.0,0.0,0.0,0.0,9.932726E-5,1.5320814E-4,0.0,0.0,0.0,0.0,0.0,43.207973,0.0014314972,0.027475651,-17.19324,-17.616423,-18.042412,-18.420576,-19.628696,99.0,99.0,99.0,99.0,99.0,-17.11037,-17.547956,-17.986917,-18.380133,-19.61683,1.0007979,114
2000145000061,2000145000068,2000145000060,2000145000068,32000200000945,32000200000944,2000145000000,2000145000062,-1,1,32,2.0700274,10.500011,8988,42.66531,50.93945,11.376429,109229,4,5,1,94.27248,-22.331509,89.702126,35,3.0122995,0.025316823,71.53432,82.412415,0.004646412,0.022272805,0.0,0.0,0.0,0.0,9.932726E-5,1.5320814E-4,0.0,0.0,0.0,0.38748565,0.0,43.207973,3.3328115E-4,0.027475651,-17.73554,-18.024612,-18.375053,-18.711758,-19.837826,99.0,99.0,99.0,99.0,99.0,-16.523066,-16.98062,-17.495762,-18.041498,-19.623686,0.74215925,252
2000145000062,2000145000068,2000145000061,2000145000069,31000200002887,31000200002887,2000145000000,2000145000063,-1,0,31,2.2394855,3.18443,8988,42.61916,50.935764,11.333545,109229,4,5,1,82.73482,-15.340809,84.42863,39,3.18443,0.02455606,74.680374,80.576225,0.032925244,0.018312376,0.0,0.0,0.35394347,0.0,2.548353E-4,1.0662848E-4,0.0,0.0,5.9968646E-4,0.40558407,0.0,43.207973,7.9941837E-4,0.027475651,-18.33189,-18.468513,-18.723791,-18.978502,-19.891394,99.0,99.0,99.0,99.0,99.0,-17.690079,-17.953382,-18.310884,-18.671537,-19.79675,0.6134181,614
2000145000063,2000145000068,2000145000062,2000145000070,30000200002831,30000200002831,2000145000000,2000145000064,-1,0,30,2.422044,2.7541015,8988,42.571823,50.93801,11.285513,109229,4,5,1,69.88016,-13.085868,88.7915,37,2.7541015,0.022239406,72.97907,72.94259,0.030779852,0.014387272,0.0,2.8458209E-4,0.29935592,0.0,2.8642212E-4,6.7645655E-5,0.0,5.720859E-7,3.9992575E-4,0.50299025,0.0,0.0,9.7311253E-4,0.022239406,-18.159351,-18.270863,-18.51348,-18.767712,-19.690226,99.0,99.0,99.0,99.0,99.0,-17.75418,-17.945665,-18.254366,-18.579227,-19.635027,0.5156877,941
2000145000064,2000145000068,2000145000063,2000145000071,29000200003060,29000200003060,2000145000000,2000145000065,-1,0,29,2.6188614,2.3237731,8988,42.541008,50.960106,11.239969,109229,4,5,1,58.81534,-12.494948,91.56778,36,2.3237731,0.019943763,70.7886,72.96349,0.05152109,0.009791161,0.0,0.012438572,0.21089011,0.0,3.121996E-4,2.923039E-5,0.0,1.5105684E-5,1.5612929E-4,0.15332828,0.0,41.509945,0.0026612435,0.01962338,-17.430738,-17.594116,-17.862373,-18.13895,-19.061768,99.0,99.0,99.0,99.0,99.0,-17.374996,-17.55138,-17.829336,-18.115625,-19.055292,0.4780272,534
2000145000065,2000145000068,2000145000064,2000145000072,28000200003289,28000200003289,2000145000000,2000145000066,-1,0,28,2.8311827,2.065576,8988,42.501102,50.951283,11.213072,109229,4,5,1,52.76364,-4.4449563,88.10499,30,2.065576,0.01817007,69.921745,71.31369,0.058805853,0.008472083,0.0,1.946456E-4,0.21245773,0.0,2.9315337E-4,2.1937018E-5,0.0,2.2703037E-7,1.2792229E-4,0.22375312,0.0,38.622875,0.0027428549,0.0020285894,-17.645899,-17.76533,-18.002922,-18.263546,-19.143478,99.0,99.0,99.0,99.0,99.0,-17.590075,-17.724024,-17.97189,-18.24212,-19.137854,0.32855764,893
2000145000066,2000145000068,2000145000065,2000145000073,27000200003252,27000200003252,2000145000000,2000145000067,-1,0,27,3.060419,2.2377074,8988,42.46148,50.965214,11.140192,109229,4,5,1,50.63672,-6.213311,96.9539,29,2.2377074,0.017655652,73.82947,74.43614,0.07078868,0.006664433,0.0,0.015316537,0.19653107,0.0,2.5236112E-4,1.4348769E-5,0.0,7.5965736E-6,7.645316E-5,0.43624792,0.0,41.51757,0.0018951745,0.012903924,-18.158463,-18.195667,-18.372131,-18.561821,-19.283022,99.0,99.0,99.0,99.0,99.0,-18.011665,-18.080645,-18.283188,-18.49673,-19.265078,0.19523765,930
2000145000067,2000145000068,2000145000066,2000145000074,26000200003539,26000200003539,2000145000000,2000145000068,-1,0,26,3.3080978,1.2909851,8988,42.444355,50.956245,11.054241,109229,4,5,1,47.866405,-7.176175,90.384514,24,1.2909851,0.013885316,63.2343,68.497765,0.035800904,0.003363482,0.0,0.0,0.10704427,0.0,1.346777E-4,5.6102667E-6,0.0,0.0,3.6737416E-5,0.30046716,0.0,0.0,0.001562037,0.013885316,-17.45114,-17.492384,-17.670567,-17.873508,-18.578241,99.0,99.0,99.0,99.0,99.0,-17.411352,-17.45989,-17.644556,-17.854538,-18.572779,0.13913435,226
2000145000068,2000145000068,2000145000067,2000145000075,25000200002810,25000200002810,2000145000000,-1,-1,0,25,3.575905,1.1188537,8988,42.399025,50.966362,11.056204,109229,4,5,1,35.86254,-8.285208,86.85863,29,1.1188537,0.012488704,62.07231,67.255226,0.050770763,0.0012394204,0.0,0.008593679,0.06640555,0.0,5.986575E-5,6.683105E-7,0.0,8.3444434E-7,3.8641506E-6,0.18813466,0.0,41.12388,0.0018162205,0.008018448,-17.114548,-17.071411,-17.182774,-17.28242,-17.609571,99.0,99.0,99.0,99.0,99.0,-17.088207,-17.048948,-17.163925,-17.267159,-17.603268,0.046810154,197
2000145000069,2000145000087,2000145000016,2000145000017,46000200000783,46000200000783,2000145000000,2000145000070,-1,2,46,0.6235901,53.016453,9004,42.739704,50.45765,12.617743,109339,4,5,1,-80.42761,-218.57219,72.76585,28,0.9467224,0.014009321,53.910423,56.718086,0.055190403,0.0014590838,0.0,0.0,0.0,0.0,7.032347E-5,8.979103E-7,0.0,0.0,0.0,2.401266E-4,0.0,41.152454,0.005381785,0.012031438,-12.901416,-13.461703,-13.988623,-14.398663,-15.427506,99.0,99.0,99.0,99.0,99.0,-12.900448,-13.460956,-13.988032,-14.398239,-15.427383,4.4753666,510
2000145000070,2000145000087,2000145000069,2000145000018,45000200000760,45000200000760,2000145000000,2000145000071,-1,2,45,0.6871088,51.811535,9004,42.79547,50.56271,12.557967,109339,4,5,1,-148.2358,-182.81042,194.985,28,0.9467224,0.014009321,53.910423,56.718086,0.055217125,0.0014553404,0.0,0.0,0.0,0.0,7.016045E-5,8.9314756E-7,0.0,0.0,0.0,3.3854615E-4,0.0,41.152454,0.005381785,0.012031438,-13.007063,-13.550761,-14.067157,-14.471336,-15.497478,99.0,99.0,99.0,99.0,99.0,-13.006164,-13.550045,-14.066585,-14.470923,-15.497356,4.111717,653
2000145000071,2000145000087,2000145000070,2000145000019,44000200000712,44000200000712,2000145000000,2000145000072,-1,2,44,0.75503564,52.93039,9004,42.860325,50.620625,12.452981,109339,4,5,1,-115.47609,-72.60935,230.34021,28,0.9467224,0.014009321,53.910423,56.718086,0.055254523,0.0014501039,0.0,0.0,0.0,0.0,6.9932255E-5,8.865074E-7,0.0,0.0,0.0,4.7574338E-4,0.0,41.152454,0.005381785,0.012031438,-13.121445,-13.646122,-14.150612,-14.547946,-15.568342,99.0,99.0,99.0,99.0,99.0,-13.120457,-13.645362,-14.150015,-14.547517,-15.568218,3.7541158,386
2000145000072,2000145000087,2000145000071,2000145000020,43000200000683,43000200000683,2000145000000,2000145000073,-1,2,43,0.8276991,53.963177,9004,42.905296,50.63774,12.338889,109339,4,5,1,-66.692345,3.573496,230.93654,28,0.9467224,0.014009321,53.910423,56.718086,0.055306487,0.001442827,0.0,0.0,0.0,0.0,6.961483E-5,8.773241E-7,0.0,0.0,0.0,6.6548033E-4,0.0,41.152454,0.005381785,0.012031438,-13.245755,-13.749052,-14.240685,-14.6306715,-15.64268,99.0,99.0,99.0,99.0,99.0,-13.245017,-13.748451,-14.240202,-14.630321,-15.642578,3.4044747,329
2000145000073,2000145000087,2000145000072,2000145000021,42000200000659,42000200000659,2000145000000,2000145000074,-1,2,42,0.9054624,57.233673,9004,42.921898,50.619625,12.223206,109339,4,5,1,7.2989645,63.433235,222.55827,28,0.9467224,0.014009321,53.910423,56.718086,0.055378094,0.0014327964,0.0,0.0,0.0,0.0,6.917672E-5,8.647484E-7,0.0,0.0,0.0,9.257387E-4,0.0,41.152454,0.005381785,0.012031438,-13.37919,-13.858283,-14.335812,-14.717824,-15.718658,99.0,99.0,99.0,99.0,99.0,-13.378437,-13.857674,-14.335323,-14.71747,-15.7185545,3.0647187,932
2000145000074,2000145000087,2000145000073,2000145000022,41000200000604,41000200000604,2000145000000,2000145000075,-1,2,41,0.98870814,61.79515,9004,42.881954,50.57861,12.114901,109339,4,5,1,170.94308,75.73926,194.56943,28,0.9467224,0.014009321,53.910423,56.718086,0.055475924,0.001419095,0.0,0.0,0.0,0.0,6.857716E-5,8.4772665E-7,0.0,0.0,0.0,0.0012793096,0.0,41.152454,0.005381785,0.012031438,-13.52038,-13.97234,-14.434147,-14.807144,-15.793508,99.0,99.0,99.0,99.0,99.0,-13.51956,-13.971696,-14.433638,-14.806777,-15.793401,2.736801,557
2000145000075,2000145000087,2000145000074,2000145000023,40000200000578,40000200000578,2000145000000,2000145000076,-1,2,40,1.0778745,69.28287,9004,42.760574,50.58883,12.036819,109339,4,5,1,196.60324,-98.22827,100.55402,28,0.9467224,0.014009321,53.910423,56.718086,0.055608228,0.0014005658,0.0,0.0,0.0,0.0,6.776438E-5,8.2499236E-7,0.0,0.0,0.0,0.0017545723,0.0,41.152454,0.005381785,0.012031438,-13.666682,-14.08859,-14.532662,-14.895176,-15.862997,99.0,99.0,99.0,99.0,99.0,-13.665642,-14.087831,-14.532084,-14.894767,-15.862881,2.4224977,204
2000145000076,2000145000087,2000145000075,2000145000024,39000200000598,39000200000598,2000145000000,2000145000077,-1,2,39,1.173417,66.442696,9004,42.70415,50.659973,11.998694,109339,4,5,1,15.349942,-159.79982,50.068302,28,0.9467224,0.014009321,53.910423,56.718086,0.05578517,0.0013757868,0.0,0.0,0.0,0.0,6.667383E-5,7.951012E-7,0.0,0.0,0.0,0.0023859686,0.0,41.152454,0.005381785,0.012031438,-13.819903,-14.210374,-14.635414,-14.986408,-15.932541,99.0,99.0,99.0,99.0,99.0,-13.818931,-14.209646,-14.634853,-14.98601,-15.932427,2.123509,607
2000145000077,2000145000087,2000145000076,2000145000025,38000200000568,38000200000568,2000145000000,2000145000078,-1,2,38,1.2758462,53.016453,9004,42.73656,50.739,11.965913,109339,4,5,1,-134.72624,-114.53184,81.10777,28,0.9467224,0.014009321,53.910423,56.718086,0.056018975,0.0013430442,0.0,0.0,0.0,0.0,6.522647E-5,7.564983E-7,0.0,0.0,0.0,0.0032144645,0.0,41.152454,0.005381785,0.012031438,-13.978076,-14.335817,-14.740298,-15.07826,-15.997956,99.0,99.0,99.0,99.0,99.0,-13.977259,-14.33517,-14.739785,-15.07789,-15.997849,1.8412595,220
2000145000078,2000145000087,2000145000077,2000145000026,37000200000567,37000200000566,2000145000000,2000145000079,-1,2,37,1.3857181,36.57791,9004,42.850277,50.77075,11.927296,109339,4,5,1,-225.89064,20.956724,40.238907,28,0.9467224,0.014009321,53.910423,56.718086,0.05632397,0.0013003289,0.0,0.0,0.0,0.0,6.332752E-5,7.076608E-7,0.0,0.0,0.0,0.0042873668,0.0,41.152454,0.005381785,0.012031438,-14.137071,-14.460129,-14.841628,-15.164449,-16.051773,99.0,99.0,99.0,99.0,99.0,-14.136324,-14.459545,-14.841169,-15.16412,-16.051678,1.5768856,54
2000145000079,2000145000087,2000145000078,2000145000027,36000200000604,36000200000603,2000145000000,2000145000080,-1,2,36,1.5036365,27.196753,9004,42.928665,50.751022,11.915754,109339,4,5,1,-64.814156,13.643827,21.997728,28,0.9467224,0.014009321,53.910423,56.718086,0.056716546,0.0012453496,0.0,0.0,0.0,0.0,6.086554E-5,6.4732455E-7,0.0,0.0,0.0,0.0056579118,0.0,41.152454,0.005381785,0.012031438,-14.282711,-14.564511,-14.916225,-15.218712,-16.058949,99.0,99.0,99.0,99.0,99.0,-14.281986,-14.563937,-14.9157715,-15.218386,-16.058853,1.3311925,692
2000145000080,2000145000087,2000145000079,2000145000028,35000200000587,35000200000587,2000145000000,2000145000081,-1,2,35,1.6302707,21.172155,9004,42.942898,50.76961,11.888183,109339,4,5,1,-8.499716,-70.022484,85.372116,28,0.9467224,0.014009321,53.910423,56.718086,0.057214838,0.001175564,0.0,0.0,0.0,0.0,5.7711874E-5,5.747998E-7,0.0,0.0,0.0,0.0073838565,0.0,41.152454,0.005381785,0.012031438,-14.421546,-14.662213,-14.982671,-15.2637825,-16.050646,99.0,99.0,99.0,99.0,99.0,-14.42082,-14.661658,-14.982241,-15.263476,-16.050558,1.1045977,407
2000145000081,2000145000087,2000145000080,2000145000029,34000200000827,34000200000827,2000145000000,2000145000082,-1,2,34,1.766336,19.88117,8995,42.950077,50.825726,11.813543,109449,4,5,1,-26.14261,-121.00739,176.39606,28,0.9467224,0.014009321,53.910423,56.718086,0.057838213,0.0010882617,0.0,0.0,0.0,0.0,5.3721757E-5,4.904065E-7,0.0,0.0,0.0,0.009525989,0.0,41.152454,0.005381785,0.012031438,-14.564304,-14.762289,-15.049078,-15.307385,-16.035397,99.0,99.0,99.0,99.0,99.0,-14.563742,-14.761845,-15.048726,-15.307134,-16.035324,0.8971702,40
2000145000082,2000145000087,2000145000081,2000145000030,33000200000792,33000200000792,2000145000000,2000145000083,-1,2,33,1.9126327,19.192644,8965,42.988827,50.897335,11.67906,109284,4,5,1,-134.31523,-102.684204,299.3311,28,0.9467224,0.014009321,53.910423,56.718086,0.058606688,9.806368E-4,0.0,0.0,0.0,0.0,4.873498E-5,3.9595017E-7,0.0,0.0,0.0,0.012145502,0.0,41.152454,0.005381785,0.012031438,-14.686071,-14.824877,-15.064735,-15.29462,-15.958592,99.0,99.0,99.0,99.0,99.0,-14.685508,-14.824441,-15.064396,-15.294378,-15.958524,0.70859575,225
2000145000083,2000145000087,2000145000082,2000145000031,32000200000813,32000200000813,2000145000000,2000145000084,-1,2,32,2.0700274,17.2992,8965,43.101814,50.947605,11.53538,109284,4,5,1,-197.78291,-93.130844,159.53487,28,0.9467224,0.014009321,53.910423,56.718086,0.05954,8.499274E-4,0.0,0.0,0.0,0.0,4.257915E-5,2.952686E-7,0.0,0.0,0.0,0.015301409,0.0,41.152454,0.005381785,0.012031438,-14.774991,-14.860078,-15.059539,-15.263779,-15.861203,99.0,99.0,99.0,99.0,99.0,-14.774511,-14.859713,-15.059257,-15.26358,-15.861148,0.53825897,171
2000145000084,2000145000087,2000145000083,2000145000032,31000200000725,31000200000725,2000145000000,2000145000085,-1,2,31,2.2394855,16.954937,8965,43.180077,50.978794,11.473466,109284,4,5,1,-55.64833,-16.815079,82.405045,28,0.9467224,0.014009321,53.910423,56.718086,0.060656708,6.935344E-4,0.0,0.0,0.0,0.0,3.50726E-5,1.9470373E-7,0.0,0.0,0.0,0.019047052,0.0,41.152454,0.005381785,0.012031438,-14.81504,-14.858231,-15.032669,-15.221981,-15.7851,99.0,99.0,99.0,99.0,99.0,-14.814609,-14.857908,-15.032423,-15.22181,-15.785053,0.38527045,946
2000145000085,2000145000087,2000145000084,2000145000033,30000200000686,30000200000686,2000145000000,2000145000086,-1,2,30,2.422044,15.836083,8965,43.162075,50.983192,11.414896,109284,4,5,1,131.9496,-36.84414,101.04976,28,0.9467224,0.014009321,53.910423,56.718086,0.061972905,5.0920324E-4,0.0,0.0,0.0,0.0,2.603131E-5,1.0348228E-7,0.0,0.0,0.0,0.023426883,0.0,41.152454,0.005381785,0.012031438,-14.771879,-14.766088,-14.914253,-15.084446,-15.610328,99.0,99.0,99.0,99.0,99.0,-14.771643,-14.765905,-14.914112,-15.084347,-15.6103,0.24856797,963
2000145000086,2000145000087,2000145000085,2000145000034,29000200000767,29000200000767,2000145000000,2000145000087,-1,2,29,2.6188614,13.168048,8965,43.114666,51.051575,11.352158,109284,4,5,1,43.24961,-147.62611,104.97218,28,0.9467224,0.014009321,53.910423,56.718086,0.06350141,2.9513828E-4,0.0,0.0,0.0,0.0,1.5273974E-5,3.3821145E-8,0.0,0.0,0.0,0.02847321,0.0,41.152454,0.005381785,0.012031438,-14.618863,-14.570456,-14.688197,-14.812372,-15.204094,99.0,99.0,99.0,99.0,99.0,-14.618638,-14.570274,-14.688049,-14.812262,-15.204055,0.12695041,705
2000145000087,2000145000087,2000145000086,2000145000044,28000200003593,28000200003593,2000145000000,-1,-1,0,28,2.8311827,0.9467224,8965,43.083797,51.12224,11.294567,109284,4,5,1,6.020399,-98.430305,104.821686,28,0.9467224,0.014009321,53.910423,56.718086,0.06525048,5.0184106E-5,0.0,0.012345728,0.0038746663,0.0,2.632811E-6,7.599881E-10,0.0,6.337483E-9,1.3605879E-9,0.0062118485,0.0,41.152454,0.005381785,0.012031438,-14.010964,-14.15071,-14.408812,-14.61518,-15.067085,99.0,99.0,99.0,99.0,99.0,-14.010958,-14.150704,-14.408806,-14.615176,-15.067083,0.019366587,158
2000145000088,2000145000119,2000145000012,2000145000013,50000200000810,50000200000810,2000145000000,2000145000089,-1,2,50,0.40789944,70.40172,9004,42.755154,50.464527,12.89137,109343,4,5,1,-9.544201,41.899323,209.66362,76,6.540993,0.04546738,78.657814,115.58928,0.09048547,0.45429567,0.0,0.0,0.0,0.0,0.002509529,0.004567665,0.0,0.0,0.0,0.01241264,0.0,44.140392,0.0058965054,0.055306803,-18.198568,-18.999922,-19.672626,-20.24191,-21.706053,99.0,99.0,99.0,99.0,99.0,-17.819983,-18.684893,-19.415289,-20.052534,-21.64938,5.7199802,504
2000145000089,2000145000119,2000145000088,2000145000014,49000200000828,49000200000828,2000145000000,2000145000090,-1,2,49,0.45657724,66.1845,9004,42.74765,50.476223,12.836166,109343,4,5,1,-71.55009,-55.960735,155.54741,76,6.540993,0.04546738,78.657814,115.58928,0.09186399,0.45410267,0.0,0.0,0.0,0.0,0.0025375255,0.0045623225,0.0,0.0,0.0,0.019684235,0.0,44.140392,0.0058965054,0.055306803,-18.283718,-19.073364,-19.739647,-20.304483,-21.766432,99.0,99.0,99.0,99.0,99.0,-17.89949,-18.753685,-19.478483,-20.112244,-21.708862,5.348526,630
2000145000090,2000145000119,2000145000089,2000145000015,48000200000842,48000200000842,2000145000000,2000145000091,-1,2,48,0.5085914,60.6763,9004,42.77152,50.489502,12.759856,109343,4,5,1,17.022802,-64.3667,185.00026,76,6.540993,0.04546738,78.657814,115.58928,0.09406203,0.45379484,0.0,0.0,0.0,0.0,0.002581854,0.004553848,0.0,0.0,0.0,0.03126877,0.0,44.140392,0.0058965054,0.055306803,-18.380938,-19.15625,-19.8147,-20.37354,-21.83149,99.0,99.0,99.0,99.0,99.0,-17.985924,-18.82835,-19.54684,-20.17614,-21.772055,4.9761815,331
2000145000091,2000145000119,2000145000090,2000145000016,47000200000836,47000200000836,2000145000000,2000145000092,-1,2,47,0.5641766,55.51236,9004,42.789337,50.49095,12.674185,109339,4,5,1,21.754032,-63.830456,174.73921,76,6.540993,0.04546738,78.657814,115.58928,0.097561456,0.45330477,0.0,0.0,0.0,0.0,0.002651657,0.004540466,0.0,0.0,0.0,0.049680308,0.0,44.140392,0.0058965054,0.055306803,-18.49802,-19.256098,-19.905493,-20.457216,-21.910446,99.0,99.0,99.0,99.0,99.0,-18.09169,-18.917738,-19.628883,-20.253458,-21.84936,4.6046643,806
2000145000092,2000145000119,2000145000091,2000145000017,46000200000783,46000200000783,2000145000000,2000145000093,-1,2,46,0.6235901,53.016453,9004,42.78392,50.507084,12.599744,109339,4,5,1,-74.69301,32.19985,212.78911,76,6.540993,0.04546738,78.657814,115.58928,0.10311572,0.45252684,0.0,0.0,0.0,0.0,0.002760576,0.004519493,0.0,0.0,0.0,0.07882525,0.0,44.140392,0.0058965054,0.055306803,-18.631966,-19.365963,-20.001991,-20.542562,-21.984116,99.0,99.0,99.0,99.0,99.0,-18.195837,-19.00554,-19.707394,-20.324617,-21.917404,4.2359443,958
2000145000093,2000145000119,2000145000092,2000145000018,45000200000760,45000200000760,2000145000000,2000145000094,-1,2,45,0.6871088,51.811535,9004,42.804737,50.519215,12.519345,109339,4,5,1,-37.191402,15.843632,173.91753,76,6.540993,0.04546738,78.657814,115.58928,0.11188981,0.45129806,0.0,0.0,0.0,0.0,0.0029282225,0.0044869883,0.0,0.0,0.0,0.12470258,0.0,44.140392,0.0058965054,0.055306803,-18.781424,-19.4829,-20.100945,-20.627102,-22.05408,99.0,99.0,99.0,99.0,99.0,-18.369823,-19.143581,-19.823828,-20.422104,-21.991226,3.8722837,426
2000145000094,2000145000119,2000145000093,2000145000019,44000200000712,44000200000712,2000145000000,2000145000095,-1,2,44,0.75503564,52.93039,9004,42.802097,50.521927,12.41008,109339,4,5,1,125.253365,-33.860332,164.74397,76,6.540993,0.04546738,78.657814,115.58928,0.12566309,0.44936916,0.0,0.0,0.0,0.0,0.003181375,0.004437389,0.0,0.0,0.0,0.19639938,0.0,44.140392,0.0058965054,0.055306803,-18.953386,-19.617338,-20.216225,-20.729183,-22.14456,99.0,99.0,99.0,99.0,99.0,-18.48992,-19.235987,-19.90426,-20.497395,-22.072285,3.516301,131
2000145000095,2000145000119,2000145000094,2000145000020,43000200000683,43000200000683,2000145000000,2000145000096,-1,2,43,0.8276991,53.963177,9004,42.760544,50.544903,12.3344145,109339,4,5,1,-31.105242,2.561816,186.27931,76,6.540993,0.04546738,78.657814,115.58928,0.14711305,0.44636515,0.0,0.0,0.0,0.0,0.003554011,0.0043632095,0.0,0.0,0.0,0.3074695,0.0,44.140392,0.0058965054,0.055306803,-19.153292,-19.774141,-20.35171,-20.850746,-22.254786,99.0,99.0,99.0,99.0,99.0,-18.607018,-19.32569,-19.983418,-20.574594,-22.165186,3.1710408,762
2000145000096,2000145000119,2000145000095,2000145000021,42000200000659,42000200000659,2000145000000,2000145000097,-1,2,42,0.9054624,57.233673,9004,42.764896,50.558655,12.275695,109339,4,5,1,-5.6004915,-61.212856,26.816889,76,6.540993,0.04546738,78.657814,115.58928,0.18020539,0.44173056,0.0,0.0,0.0,0.0,0.0040849494,0.00425499,0.0,0.0,0.0,0.477765,0.0,44.140392,0.0058965054,0.055306803,-19.387558,-19.964682,-20.520378,-21.003702,-22.393494,99.0,99.0,99.0,99.0,99.0,-18.826244,-19.499958,-20.138653,-20.719255,-22.304714,2.8400204,220
2000145000097,2000145000119,2000145000096,2000145000022,41000200000604,41000200000604,2000145000000,2000145000098,-1,2,41,0.98870814,61.79515,9004,42.777164,50.578964,12.22641,109339,4,5,1,-48.152287,-29.997213,142.79019,76,6.540993,0.04546738,78.657814,115.58928,0.2306962,0.43465936,0.0,0.0,0.0,0.0,0.0048113368,0.0041016927,0.0,0.0,0.0,0.73582226,0.0,44.140392,0.0058965054,0.055306803,-19.644592,-20.170036,-20.699278,-21.165293,-22.538576,99.0,99.0,99.0,99.0,99.0,-19.004463,-19.64319,-20.26348,-20.835642,-22.428572,2.5274236,281
2000145000098,2000145000119,2000145000097,2000145000045,40000200000579,40000200000578,2000145000000,2000145000099,-1,1,40,1.0778745,69.28287,9004,42.830616,50.625004,12.177508,109339,4,5,1,-115.62372,-79.88124,159.18808,76,6.540993,0.04546738,78.657814,115.58928,0.30679497,0.4240018,0.0,0.0,0.0,0.0,0.005757066,0.00389165,0.0,0.0,0.0,1.4238532,0.0,44.140392,0.0058965054,0.055306803,-19.876793,-20.3394,-20.82217,-21.255825,-22.574322,99.0,99.0,99.0,99.0,99.0,-19.210972,-19.778502,-20.359615,-20.911999,-22.469711,2.238181,709
2000145000099,2000145000119,2000145000098,2000145000046,38000200000569,38000200000568,2000145000000,2000145000100,-1,1,38,1.2758462,53.016453,9004,42.894466,50.696373,11.917009,109339,4,5,1,-2.9197052,-52.623676,257.40082,102,8.778702,0.046742264,89.87321,117.791405,0.58989483,0.38435394,0.0,0.0,0.0,0.0,0.008260233,0.0032570523,0.0,0.0,0.0,3.258787,0.0,44.140392,0.0054686475,0.055306803,-20.524086,-20.80399,-21.184849,-21.555603,-22.761814,99.0,99.0,99.0,99.0,99.0,-19.540869,-19.978777,-20.49848,-21.035822,-22.59328,1.7606294,356
2000145000100,2000145000119,2000145000099,2000145000047,37000200000566,37000200000566,2000145000000,2000145000101,-1,0,37,1.3857181,36.57791,9004,42.89406,50.722473,11.781221,109339,4,5,1,12.202378,-50.600338,201.67215,405,36.57791,0.07240293,147.4013,134.20078,0.89910203,0.34104967,0.0,2.55821,0.6731329,0.0,0.009818081,0.0027254361,0.0,0.019959131,0.004661476,5.848796,0.0,44.140392,0.0046384013,0.055306803,-21.014814,-21.19972,-21.528488,-21.854404,-22.952627,99.0,99.0,99.0,99.0,99.0,-19.477959,-19.880669,-20.40156,-20.963453,-22.610296,1.6429254,143
2000145000101,2000145000119,2000145000100,2000145000048,36000200000603,36000200000603,2000145000000,2000145000102,-1,1,36,1.5036365,27.196753,8979,42.857113,50.76771,11.663335,109119,4,5,1,51.598713,-56.954025,198.87065,279,24.012331,0.060457382,130.69604,129.04285,0.32287887,0.26604703,0.0,0.0,0.0,0.0,0.0038333603,0.0019775787,0.0,0.0,0.0,0.89945155,0.0,43.68705,0.0076457527,0.044700067,-19.581919,-20.033216,-20.513655,-20.935743,-22.23637,99.0,99.0,99.0,99.0,99.0,-19.317112,-19.824163,-20.346493,-20.813148,-22.198935,1.7611827,361
2000145000102,2000145000119,2000145000101,2000145000049,35000200000588,35000200000587,2000145000000,2000145000103,-1,1,35,1.6302707,21.172155,8988,42.8048,50.78673,11.548316,109229,4,5,1,56.319042,-53.38472,181.42595,174,14.975431,0.049533725,114.02738,132.39107,0.4020937,0.25495303,0.0,0.0,0.0,0.0,0.0041261218,0.0018555798,0.0,0.0,0.0,0.6260554,0.0,43.68705,0.01083392,0.044700067,-19.577906,-20.038502,-20.509455,-20.918371,-22.184998,99.0,99.0,99.0,99.0,99.0,-19.465227,-19.947767,-20.436604,-20.865286,-22.169294,1.5344461,218
2000145000103,2000145000119,2000145000102,2000145000050,34000200001009,34000200001009,2000145000000,2000145000104,-1,0,34,1.766336,16.868872,8988,42.79796,50.80151,11.441568,109229,4,5,1,53.267136,-54.318607,165.69936,192,16.868872,0.04933306,121.26737,127.02936,0.4549474,0.24755092,0.0,0.9726091,0.9698245,0.0,0.0042552715,0.0017832217,0.0,0.0022698967,0.00556507,0.31496397,0.0,43.68705,0.010544835,0.044700067,-19.751793,-20.175861,-20.616343,-21.003132,-22.227364,99.0,99.0,99.0,99.0,99.0,-19.636723,-20.082592,-20.54127,-20.948393,-22.211208,1.291738,693
2000145000104,2000145000119,2000145000103,2000145000051,33000200000982,33000200000982,2000145000000,2000145000105,-1,0,33,1.9126327,11.790997,8988,42.790478,50.803577,11.317448,109229,4,5,1,33.799103,-52.435764,173.00726,161,11.790997,0.041832045,110.10085,117.483185,0.2598037,0.24399243,0.0,0.09792276,1.2006071,0.0,0.0037176372,0.0017439001,0.0,0.0012019201,0.0070227147,0.6872794,0.0,42.459515,0.006708634,0.025142608,-20.045174,-20.388773,-20.77772,-21.137865,-22.32246,99.0,99.0,99.0,99.0,99.0,-19.725512,-20.126623,-20.565052,-20.981861,-22.27584,1.0378454,334
2000145000105,2000145000119,2000145000104,2000145000052,32000200000944,32000200000944,2000145000000,2000145000106,-1,0,32,2.0700274,10.500011,8988,42.773468,50.845184,11.216614,109229,4,5,1,18.149496,-62.492016,169.46916,135,10.500011,0.03838602,108.46217,117.78361,0.29820678,0.23659596,0.0,0.0034508484,1.4303626,0.0,0.0038857788,0.0016430272,0.0,2.8574077E-5,0.0077680773,5.5337152,0.0,40.14078,0.002557387,0.0039143404,-20.765684,-20.961327,-21.269365,-21.57602,-22.642723,99.0,99.0,99.0,99.0,99.0,-19.02436,-19.44623,-19.968569,-20.55313,-22.270357,0.80742383,91
2000145000106,2000145000119,2000145000105,2000145000053,31000200001083,31000200001083,2000145000000,2000145000107,-1,0,31,2.2394855,10.413946,8988,42.740818,50.871716,11.119765,109229,4,5,1,13.142044,-65.642815,158.30067,134,10.413946,0.03644908,110.849655,115.07741,0.227106,0.18003681,0.0,0.12713428,1.081127,0.0,0.0031456924,0.0011153971,0.0,9.851352E-4,0.004227038,3.4434044,0.0,42.721077,0.0025528756,0.025571998,-20.44905,-20.641186,-20.946255,-21.249872,-22.299437,99.0,99.0,99.0,99.0,99.0,-18.834402,-19.254349,-19.770174,-20.339046,-21.99055,0.7707185,506
2000145000107,2000145000119,2000145000106,2000145000054,30000200000981,30000200000981,2000145000000,2000145000108,-1,0,30,2.422044,10.672143,8988,42.734875,50.9293,11.027558,109229,4,5,1,13.570758,-72.579254,149.4388,142,10.672143,0.03493122,114.627525,128.96968,0.39946598,0.14671268,0.0,0.24328205,0.8820079,0.0,0.003733158,7.4161275E-4,0.0,0.0010790576,0.0021655338,3.7317195,0.0,43.149166,0.0035899784,0.029266076,-20.494368,-20.630886,-20.891834,-21.161362,-22.131634,99.0,99.0,99.0,99.0,99.0,-19.581894,-19.883678,-20.285538,-20.712383,-21.995077,0.6837401,64
2000145000108,2000145000119,2000145000107,2000145000055,29000200000986,29000200000986,2000145000000,2000145000109,-1,0,29,2.6188614,10.672143,8988,42.722675,50.97307,10.92751,109229,4,5,1,22.670685,-74.09813,142.14084,134,10.672143,0.03315073,117.66553,126.48805,0.49468186,0.112613805,0.0,0.4164816,0.6602702,0.0,0.0034659866,4.7076863E-4,0.0,7.9167396E-4,0.001196255,2.585337,0.0,43.44046,0.005413998,0.029112533,-20.202309,-20.335447,-20.59436,-20.86484,-21.831842,99.0,99.0,99.0,99.0,99.0,-19.854557,-20.060253,-20.377308,-20.709066,-21.787405,0.6364596,340
2000145000109,2000145000119,2000145000108,2000145000056,28000200000894,28000200000894,2000145000000,2000145000110,-1,0,28,2.8311827,8.434436,8988,42.722706,51.035522,10.833046,109229,4,5,1,20.603935,-68.402504,137.8267,131,8.434436,0.029042114,111.75935,115.23785,0.54087174,0.09037224,0.0,0.117442,0.56899256,0.0,0.0031254238,3.2699108E-4,0.0,3.448059E-4,9.5685455E-4,2.4698985,0.0,42.769367,0.0063381447,0.019142585,-20.091135,-20.219812,-20.476324,-20.748722,-21.709194,99.0,99.0,99.0,99.0,99.0,-19.893936,-20.062931,-20.35225,-20.659693,-21.683844,0.5604533,523
2000145000110,2000145000119,2000145000109,2000145000057,27000200000823,27000200000823,2000145000000,2000145000111,-1,0,27,3.060419,8.262304,8988,42.714134,51.08579,10.766648,109229,4,5,1,22.38207,-65.97979,142.52994,121,8.262304,0.027288714,114.1114,112.32182,0.63321656,0.0704185,0.0,0.15861346,0.43870276,0.0,0.0026593907,2.2875467E-4,0.0,3.9262802E-4,4.231046E-4,2.225715,0.0,43.071957,0.007364961,0.021318413,-20.054556,-20.166733,-20.402822,-20.656,-21.540834,99.0,99.0,99.0,99.0,99.0,-19.946964,-20.079899,-20.333702,-20.606026,-21.526588,0.49665403,634
2000145000111,2000145000119,2000145000110,2000145000058,26000200000796,26000200000796,2000145000000,2000145000112,-1,0,26,3.3080978,9.811486,8988,42.691833,51.09063,10.703747,109225,4,5,1,23.060259,-60.921017,126.04249,106,9.811486,0.027299853,124.32464,128.17206,0.56068504,0.05357722,0.0,0.6305298,0.33123228,0.0,0.002002081,1.6619466E-4,0.0,4.5215146E-4,1.9706805E-4,3.1318014,0.0,43.747963,0.004781341,0.02150262,-20.245272,-20.30827,-20.502613,-20.71138,-21.474983,99.0,99.0,99.0,99.0,99.0,-20.01242,-20.12058,-20.354177,-20.602535,-21.44434,0.44297665,325
2000145000112,2000145000119,2000145000111,2000145000059,25000200000750,25000200000750,2000145000000,2000145000113,-1,0,25,3.575905,9.122961,8988,42.708,51.108894,10.614931,109225,4,5,1,25.445858,-60.78665,115.88243,101,9.122961,0.025136506,124.93538,134.5224,0.4129892,0.0314379,0.0,0.8409899,0.18608621,0.0,0.0012074936,9.7367934E-5,0.0,2.1267711E-4,1.347286E-4,1.3150675,0.0,43.83594,0.0057405615,0.017160995,-19.40941,-19.481352,-19.687037,-19.896627,-20.676428,99.0,99.0,99.0,99.0,99.0,-19.317066,-19.408052,-19.629644,-19.855003,-20.664907,0.52898926,844
2000145000113,2000145000119,2000145000112,2000145000060,24000200000704,24000200000704,2000145000000,2000145000114,-1,0,24,3.8656828,4.733612,8988,42.73448,51.145885,10.508292,109225,4,5,1,25.171305,-57.280025,117.335434,91,4.733612,0.01902823,103.434906,105.70578,0.27969903,0.022774307,0.0,0.28650692,0.15006077,0.0,9.006118E-4,7.08128E-5,0.0,6.7612935E-5,1.5725142E-4,0.2294455,0.0,43.285954,0.009192228,0.014505339,-18.245756,-18.428423,-18.706837,-18.983301,-19.90297,99.0,99.0,99.0,99.0,99.0,-18.225986,-18.412624,-18.694324,-18.974289,-19.900408,0.5453921,416
2000145000114,2000145000119,2000145000113,2000145000061,23000200000575,23000200000575,2000145000000,2000145000115,-1,0,23,4.1794686,2.840167,8988,42.696938,51.180458,10.485141,109225,4,5,1,24.01629,-56.38712,115.47246,93,2.840167,0.015098608,89.94426,97.245346,0.23302567,0.02136901,0.0,0.001072107,0.17421833,0.0,8.488212E-4,6.59084E-5,0.0,2.0720886E-6,2.0552427E-4,0.14900775,0.0,43.619534,0.009418398,0.015245075,-18.218187,-18.405521,-18.681698,-18.96697,-19.891315,99.0,99.0,99.0,99.0,99.0,-18.191868,-18.385456,-18.66637,-18.956085,-19.88837,0.4298224,665
2000145000115,2000145000119,2000145000114,2000145000062,22000200000476,22000200000476,2000145000000,2000145000116,-1,0,22,4.5195556,2.840167,8988,42.70862,51.238873,10.401114,109225,4,5,1,21.443506,-53.81187,108.78013,94,2.840167,0.014185687,92.79332,97.07172,0.1955909,0.02052241,0.0,0.011505913,0.2118531,0.0,7.6340017E-4,6.27317E-5,0.0,1.1689553E-5,2.399467E-4,0.062981755,0.0,41.527775,0.0077721146,0.006934816,-18.424446,-18.591085,-18.854317,-19.143906,-20.065998,99.0,99.0,99.0,99.0,99.0,-18.40149,-18.572279,-18.839157,-19.132885,-20.062765,0.30847633,935
2000145000116,2000145000119,2000145000115,2000145000063,21000200000979,21000200000979,2000145000000,2000145000117,-1,0,21,4.888449,2.3237731,8988,42.708958,51.26304,10.362571,109225,4,5,1,8.3061905,-88.277016,102.20222,41,2.3237731,0.012449497,89.59647,97.65173,0.10939097,0.020191215,0.0,5.099399E-4,0.2794991,0.0,6.79762E-4,6.132723E-5,0.0,1.1591031E-6,3.1808816E-4,1.0559201,0.0,39.92445,0.0022965844,0.0027631016,-19.016312,-19.093853,-19.310484,-19.559677,-20.445534,99.0,99.0,99.0,99.0,99.0,-18.661737,-18.806513,-19.079006,-19.390303,-20.392876,0.18670866,103
2000145000117,2000145000119,2000145000116,2000145000064,20000200000937,20000200000937,2000145000000,2000145000118,-1,0,20,5.2888336,2.5819702,8988,42.6875,51.31516,10.315856,109225,4,5,1,16.13855,-78.44518,90.323364,35,2.5819702,0.01208401,95.86058,98.86767,0.13159534,0.015064167,0.0,0.014398249,0.252189,0.0,5.799868E-4,3.542606E-5,0.0,1.7416784E-5,1.6002134E-4,1.74437,0.0,41.951283,0.0017925154,0.007752107,-19.142645,-19.181423,-19.37819,-19.59097,-20.412874,99.0,99.0,99.0,99.0,99.0,-18.590935,-18.731792,-19.013594,-19.317183,-20.319513,0.11232539,265
2000145000118,2000145000119,2000145000117,2000145000065,19000200001025,19000200001025,2000145000000,2000145000119,-1,0,19,5.7238646,2.065576,8988,42.683468,51.392456,10.255755,109225,4,5,1,7.440088,-95.58714,80.75841,27,2.065576,0.010499604,91.98227,99.52226,0.13236256,0.0072584036,0.0,0.03891758,0.15436116,0.0,3.2078134E-4,1.0061349E-5,0.0,1.536644E-5,3.581201E-5,1.1778399,0.0,42.598053,0.0019395939,0.010183034,-18.580034,-18.560167,-18.71364,-18.872143,-19.52679,99.0,99.0,99.0,99.0,99.0,-18.42962,-18.438932,-18.617039,-18.802017,-19.505978,0.069461636,667
2000145000119,2000145000119,2000145000118,2000145000066,18000200001038,18000200001038,2000145000000,-1,-1,0,18,6.1968336,1.1188537,8988,42.728054,51.463707,10.195267,109225,4,5,1,12.901022,-108.6209,84.56069,20,1.1188537,0.00800121,77.54946,85.187164,0.08992857,0.0024122654,0.0,0.008549239,0.07734524,0.0,1.1586727E-4,1.5859881E-6,0.0,1.4709299E-6,8.037146E-6,0.63884264,0.0,41.520077,0.001349147,0.005258824,-17.80062,-17.662388,-17.712269,-17.74229,-18.037495,99.0,99.0,99.0,99.0,99.0,-17.71373,-17.592037,-17.65597,-17.701088,-18.024883,0.026270587,233
