galaxyID,lastProgenitorId,descendantId,haloID,subHaloID,fofID,treeId,firstProgenitorId,nextProgenitorId,type,snapnum,redshift,centralMvir,phkey,x,y,z,zIndex,ix,iy,iz,velX,velY,velZ,np,mvir,rvir,vvir,vmax,coldGas,stellarMass,bulgeMass,hotGas,ejectedMass,blackHoleMass,metalsColdGas,metalsStellarMass,metalsBulgeMass,metalsHotGas,metalsEjectedMass,sfr,sfrBulge,xrayLum,diskRadius,coolingRadius,mag_b,mag_v,mag_r,mag_i,mag_k,mag_bBulge,mag_vBulge,mag_rBulge,mag_iBulge,mag_kBulge,mag_bDust,mag_vDust,mag_rDust,mag_iDust,mag_kDust,massWeightedAge,random
3000115000000,3000115000135,-1,3000115000000,63000300000904,63000300000904,3000115000000,3000115000001,-1,0,63,0.0,292.96756,14104,39.704803,20.745623,9.4894,43654,4,2,1,285.82056,-102.765366,391.63672,3864,292.96756,0.2326946,232.69475,272.0452,0.49960098,4.440953,1.0975777,42.639896,2.2511702E-4,0.007415971,0.01265004,0.057239216,0.011418928,0.22641957,2.0388734E-6,0.0,0.0,0.0,0.020140054,0.08038506,-19.802305,-20.71759,-21.46064,-22.10337,-23.688236,-18.29658,-19.186016,-19.917969,-20.543262,-22.076488,-19.758232,-20.680866,-21.430761,-22.081472,-23.681713,11.306264,428
3000115000001,3000115000135,3000115000000,3000115000001,62000300000911,62000300000911,3000115000000,3000115000002,-1,0,62,0.019932542,288.92245,14104,39.647957,20.763449,9.413119,43654,4,2,1,286.53595,-102.845085,391.62653,3869,288.92245,0.23045315,232.20378,272.00854,0.49960098,4.440953,1.0975777,41.955692,2.4843353E-4,0.007407323,0.01265004,0.057239216,0.011418928,0.22641927,2.2500499E-6,0.0,0.0,0.0,0.020576205,0.08066116,-19.828402,-20.741701,-21.483324,-22.124537,-23.707262,-18.320131,-19.208378,-19.939478,-20.563877,-22.096088,-19.786114,-20.70648,-21.454676,-22.103548,-23.701014,11.0428295,864
3000115000002,3000115000135,3000115000001,3000115000002,61000300000921,61000300000921,3000115000000,3000115000003,-1,0,61,0.041403063,284.87738,14104,39.585613,20.78124,9.325891,43654,4,2,1,285.29123,-102.94949,387.96613,3799,284.87738,0.22809862,231.75954,271.1491,0.49960098,4.440953,1.0975777,41.27164,2.756623E-4,0.0073982663,0.01265004,0.057239216,0.011418928,0.22641897,2.4966596E-6,0.0,0.0,0.0,0.020239145,0.08089416,-19.856152,-20.767157,-21.507107,-22.146545,-23.726702,-18.34516,-19.231976,-19.961979,-20.585184,-22.11575,-19.81243,-20.730747,-21.477495,-22.124851,-23.720243,10.766977,334
3000115000003,3000115000135,3000115000002,3000115000003,60000300000917,60000300000917,3000115000000,3000115000004,-1,0,60,0.064493395,282.98392,14104,39.521362,20.804522,9.241131,43654,4,2,1,284.7548,-103.59705,386.44388,3779,282.98392,0.22619838,231.95627,276.2569,0.49960098,4.440953,1.0975777,40.953648,3.0754652E-4,0.007388754,0.01265004,0.057239216,0.011418928,0.22641867,2.7854337E-6,0.0,0.0,0.0,0.020792982,0.08057503,-19.885689,-20.794035,-21.532097,-22.169542,-23.746788,-18.371635,-19.256691,-19.985397,-20.607159,-22.135645,-19.84419,-20.759495,-21.504013,-22.148975,-23.740667,10.479121,989
3000115000004,3000115000135,3000115000003,3000115000004,59000300000936,59000300000936,3000115000000,3000115000005,-1,0,59,0.08928783,282.72574,14104,39.454754,20.826447,9.14816,43654,4,2,1,285.47366,-103.5048,385.8023,3701,282.72574,0.22460447,232.67163,272.5236,0.49960098,4.440953,1.0975777,40.91387,3.4498595E-4,0.007378746,0.01265004,0.057239216,0.011418928,0.22641838,3.1245208E-6,0.0,0.0,0.0,0.020936579,0.0797939,-19.91709,-20.822416,-21.558388,-22.193636,-23.767673,-18.399683,-19.28272,-20.00998,-20.63006,-22.155924,-19.876106,-20.788317,-21.53067,-22.17334,-23.761635,10.179808,246
3000115000005,3000115000135,3000115000004,3000115000005,58000300000919,58000300000919,3000115000000,3000115000006,-1,0,58,0.11588337,278.3364,14104,39.386337,20.852425,9.054047,43654,4,2,1,280.73538,-102.93359,376.48703,3605,278.3364,0.22177793,232.32492,272.03018,0.49960098,4.440953,1.0975777,40.172066,3.890899E-4,0.00736835,0.01265004,0.057239216,0.011418928,0.22641808,3.5239677E-6,0.0,0.0,0.0,0.019315826,0.07989328,-19.950388,-20.85238,-21.586048,-22.218939,-23.789597,-18.429201,-19.310053,-20.035671,-20.653831,-22.176609,-19.90231,-20.812372,-21.55352,-22.195114,-23.782503,9.869554,346
3000115000006,3000115000135,3000115000005,3000115000006,57000300000867,57000300000867,3000115000000,3000115000007,-1,0,57,0.14438343,275.92654,14104,39.30783,20.886745,8.953219,43654,4,2,1,281.80795,-104.30053,376.5139,3606,275.92654,0.21933196,232.60323,270.453,0.49960098,4.440953,1.0975777,39.76702,4.412175E-4,0.007357513,0.01265004,0.057239216,0.011418928,0.22641747,3.996085E-6,0.0,0.0,0.0,0.020766005,0.079454325,-19.985704,-20.884022,-21.615198,-22.245577,-23.812626,-18.460281,-19.338627,-20.062412,-20.678421,-22.197739,-19.943954,-20.849308,-21.58699,-22.224926,-23.806482,9.548964,711
3000115000007,3000115000135,3000115000006,3000115000007,56000300000886,56000300000886,3000115000000,3000115000008,-1,0,56,0.17489761,274.37735,14104,39.23012,20.914724,8.8380785,43654,4,2,0,281.7812,-105.40456,375.22385,3633,274.37735,0.21695942,233.21413,268.973,0.49960098,4.440953,1.0975777,39.50846,5.0303794E-4,0.007346212,0.01265004,0.057239216,0.011418928,0.22641657,4.5559896E-6,0.0,0.0,0.0,0.019411549,0.07872777,-20.022978,-20.917248,-21.645699,-22.27337,-23.836569,-18.49305,-19.368546,-20.090256,-20.703924,-22.219803,-19.975237,-20.877552,-21.61344,-22.249748,-23.829536,9.218736,127
3000115000008,3000115000135,3000115000007,3000115000008,55000300000822,55000300000822,3000115000000,3000115000009,-1,0,55,0.20754863,274.46344,14104,39.14968,20.947882,8.732006,43650,4,2,0,278.00183,-105.64992,370.5483,3596,274.46344,0.21484941,234.39326,268.84738,0.49960098,4.440953,1.0975777,39.528297,5.7662145E-4,0.007334393,0.01265004,0.057239216,0.011418928,0.22641568,5.2224304E-6,0.0,0.0,0.0,0.02087277,0.07753088,-20.06242,-20.95208,-21.677448,-22.30215,-23.860994,-18.527697,-19.399982,-20.119383,-20.73062,-22.243065,-20.020973,-20.917648,-21.649483,-22.281685,-23.854908,8.879582,632
3000115000009,3000115000135,3000115000008,3000115000009,54000300000831,54000300000831,3000115000000,3000115000010,-1,0,54,0.24246909,275.75443,14293,39.062218,20.981354,8.619429,43211,4,2,0,278.9236,-106.93223,368.57007,3529,275.75443,0.21286784,236.03488,272.11127,0.49960098,4.440953,1.0975777,39.753063,6.6453515E-4,0.0073220073,0.01265004,0.057239216,0.011418928,0.2264143,6.018661E-6,0.0,0.0,0.0,0.02042134,0.075939015,-20.104038,-20.988808,-21.710924,-22.332506,-23.886917,-18.564196,-19.432852,-20.149727,-20.758413,-22.267881,-20.0607,-20.952814,-21.681696,-22.311117,-23.880558,8.532287,778
3000115000010,3000115000135,3000115000009,3000115000010,53000300000812,53000300000812,3000115000000,3000115000011,-1,0,53,0.2798018,277.81998,14293,38.969994,21.014616,8.491469,43211,4,2,0,275.154,-107.09513,364.90564,3529,277.81998,0.21088195,238.03017,271.27753,0.49960098,4.440953,1.0975777,40.10989,7.699722E-4,0.0073090238,0.01265004,0.057239216,0.011418928,0.22641262,6.973599E-6,0.0,0.0,0.0,0.019181024,0.07389311,-20.14875,-21.028393,-21.747164,-22.365633,-23.91561,-18.602707,-19.46743,-20.181614,-20.78781,-22.294466,-20.099636,-20.987604,-21.714037,-22.341385,-23.9084,8.177719,16
3000115000011,3000115000135,3000115000010,3000115000011,52000300000810,52000300000810,3000115000000,3000115000012,-1,0,52,0.31970343,278.68063,14293,38.87317,21.05979,8.370333,43211,4,2,0,274.33136,-103.861946,362.97516,3533,278.68063,0.20837869,239.82625,270.13797,0.49960098,4.440953,1.0975777,40.26213,8.969262E-4,0.007295507,0.01265004,0.057239216,0.011418928,0.22641017,8.123416E-6,0.0,0.0,0.0,0.020397076,0.07206289,-20.196499,-21.070679,-21.785906,-22.40114,-23.9467,-18.6429,-19.503368,-20.214663,-20.818182,-22.321833,-20.15288,-21.034483,-21.756523,-22.379646,-23.940315,7.816791,305
3000115000012,3000115000135,3000115000011,3000115000012,51000300000793,51000300000793,3000115000000,3000115000013,-1,0,51,0.36234027,280.48804,14293,38.772377,21.0955,8.240308,43211,4,2,0,271.35056,-103.88352,359.41592,3399,280.48804,0.20589054,242.05215,272.65286,0.49960098,4.440953,1.0975777,40.568382,0.001050391,0.007281409,0.01265004,0.057239216,0.011418928,0.22619718,9.513339E-6,0.0,0.0,0.0,0.018696042,0.06989453,-20.24919,-21.117636,-21.829191,-22.441298,-23.983824,-18.684965,-19.540848,-20.249035,-20.849722,-22.349848,-20.197264,-21.074537,-21.794197,-22.415688,-23.97621,7.450519,756
3000115000013,3000115000135,3000115000012,3000115000013,50000300000768,50000300000768,3000115000000,3000115000014,-1,0,50,0.40789944,281.00443,14293,38.67539,21.131817,8.105574,43211,4,2,0,266.69418,-99.03314,356.71548,3398,281.00443,0.20285866,244.07864,275.62082,0.49960098,4.440953,1.0975777,40.662502,0.0012366752,0.007266775,0.01265004,0.057239216,0.011418928,0.22619228,1.1200508E-5,0.0,0.0,0.0,0.016753031,0.06795474,-20.307592,-21.168455,-21.875395,-22.483738,-24.022093,-18.729362,-19.580326,-20.285208,-20.88285,-22.379108,-20.24295,-21.114805,-21.831818,-22.45183,-24.012594,7.07992,779
3000115000014,3000115000135,3000115000013,3000115000014,49000300000752,49000300000752,3000115000000,3000115000015,-1,0,49,0.45657724,281.77902,14293,38.56819,21.165394,7.9589233,43211,4,2,0,265.10593,-94.61331,353.85724,3324,281.77902,0.1996594,246.36522,277.2832,0.49960098,4.440953,1.0975777,40.800636,0.0014637185,0.007251571,0.01265004,0.057239216,0.011418928,0.22618511,1.32568275E-5,0.0,0.0,0.0,0.017313099,0.065834425,-20.377653,-21.225952,-21.926344,-22.529993,-24.062954,-18.77592,-19.621618,-20.322975,-20.917341,-22.40934,-20.316631,-21.175428,-21.885351,-22.499998,-24.054033,6.7061243,390
3000115000015,3000115000135,3000115000014,3000115000015,48000300000770,48000300000770,3000115000000,3000115000016,-1,0,48,0.5085914,273.94702,13866,38.456253,21.207367,7.8084273,41455,4,2,0,263.66403,-88.95036,351.64597,3302,273.94702,0.19421233,246.30025,271.6509,0.49960098,4.440953,1.0975777,39.453465,0.0017416052,0.007236157,0.01265004,0.057239216,0.011418928,0.22558951,1.5773634E-5,0.557733,0.0,0.0,0.017793478,0.0653459,-20.502594,-21.306932,-21.991285,-22.585283,-24.105135,-18.826271,-19.666887,-20.36493,-20.956408,-22.445105,-20.443588,-21.258587,-21.952204,-22.556746,-24.096674,6.3302865,825
3000115000016,3000115000115,3000115000015,3000115000016,47000300000764,47000300000764,3000115000000,3000115000017,3000115000116,0,47,0.5641766,256.30356,13866,38.338917,21.24612,7.6520233,41455,4,2,0,259.71994,-86.51007,347.56668,3160,256.30356,0.18622653,243.29126,269.95157,0.4963341,4.4322114,1.0975777,36.401867,0.0020831565,0.0071227746,0.013765537,0.057025146,0.011418928,0.22409788,1.8867046E-5,0.0,0.0,0.0,0.015261625,0.06695267,-20.465584,-21.312483,-22.008839,-22.606504,-24.13,-18.879992,-19.715942,-20.411114,-21.00044,-22.487602,-20.376385,-21.238314,-21.948526,-22.5623,-24.116821,5.9658937,413
3000115000017,3000115000115,3000115000016,3000115000017,46000300000695,46000300000695,3000115000000,3000115000018,-1,0,46,0.6235901,249.67651,13866,38.221912,21.281422,7.498717,41455,4,2,0,252.47147,-79.12228,340.80734,3095,249.67651,0.18069719,243.7716,270.31262,0.4963341,4.4322114,1.0975777,35.266197,0.0025047637,0.0071072546,0.013765537,0.057025146,0.011418928,0.22373773,2.2685523E-5,0.0,0.0,0.0,0.0133848805,0.06602831,-20.5322,-21.372675,-22.064327,-22.657446,-24.17578,-18.938066,-19.769707,-20.462069,-21.049303,-22.535975,-20.417046,-21.276823,-21.986307,-22.600203,-24.158682,5.589602,337
3000115000018,3000115000115,3000115000017,3000115000018,45000300000686,45000300000686,3000115000000,3000115000019,-1,0,45,0.6871088,237.45518,13866,38.103794,21.325762,7.3445554,41455,4,2,0,249.96628,-79.10385,336.4055,3042,237.45518,0.17364284,242.5115,265.06262,0.4963341,4.4322114,1.0975777,33.128567,0.0030274221,0.007091755,0.013765537,0.057025146,0.011418928,0.22245803,2.7419217E-5,0.0,0.0,0.0,0.012921003,0.066537865,-20.600756,-21.433893,-22.120226,-22.708347,-24.22118,-18.998358,-19.825619,-20.514835,-21.099262,-22.584316,-20.47726,-21.331133,-22.036596,-22.646992,-24.202854,5.2149568,964
3000115000019,3000115000115,3000115000018,3000115000019,44000300000695,44000300000695,3000115000000,3000115000020,-1,0,44,0.75503564,231.60272,13866,37.981636,21.366693,7.181744,41454,4,2,0,239.66331,-70.38734,326.60306,2919,231.60272,0.16797905,243.50856,265.90158,0.4963341,4.4322114,1.0975777,32.606186,0.0036781675,0.007075375,0.013765537,0.057025146,0.011418928,0.21158968,3.331299E-5,0.0,0.0,0.0,0.01495733,0.064284146,-20.681057,-21.508492,-22.191013,-22.776087,-24.287481,-19.058558,-19.880259,-20.564701,-21.143805,-22.62315,-20.587334,-21.43067,-22.127777,-22.729763,-24.273685,4.8432155,836
3000115000020,3000115000115,3000115000019,3000115000020,43000300000712,43000300000712,3000115000000,3000115000021,-1,0,43,0.8276991,236.33633,13866,37.864777,21.387737,7.0181746,41454,4,2,0,231.82716,-64.24787,312.35104,2899,236.33633,0.1646684,248.4449,266.0364,0.4963341,4.4322114,1.0975777,33.411167,0.004491921,0.007058746,0.013765537,0.057025146,0.011418928,0.21152128,4.0683117E-5,0.0,0.0,0.0,0.0135940015,0.060137294,-20.767279,-21.587175,-22.264433,-22.84432,-24.350178,-19.115002,-19.928432,-20.605654,-21.176405,-22.644033,-20.653662,-21.492712,-22.187551,-22.787893,-24.333319,4.4756174,130
3000115000021,3000115000115,3000115000020,3000115000021,42000300000693,42000300000693,3000115000000,3000115000022,-1,0,42,0.9054624,240.12323,13866,37.755466,21.413153,6.860262,41454,4,2,0,225.60902,-63.31031,307.30405,2922,240.12323,0.16089098,253.35017,268.37866,0.4963341,4.4322114,1.0975777,34.329235,0.005514051,0.0070413,0.013765537,0.057025146,0.011418928,0.21027033,4.994048E-5,0.0,0.0,0.0,0.013174503,0.056569714,-20.8658,-21.673378,-22.34266,-22.915213,-24.413015,-19.172203,-19.976665,-20.646597,-21.209625,-22.666584,-20.743807,-21.572008,-22.260149,-22.854631,-24.3949,4.113369,600
3000115000022,3000115000115,3000115000021,3000115000022,41000300000604,41000300000604,3000115000000,3000115000023,-1,0,41,0.98870814,244.68471,13866,37.623722,21.419733,6.703789,41450,4,2,0,223.62299,-61.06319,305.3243,2817,244.68471,0.15705629,258.84854,263.96912,0.4963341,4.4322114,1.0975777,34.885094,0.0068034586,0.0070230775,0.013765537,0.057025146,0.011418928,0.2102568,6.161857E-5,0.0,0.0,0.0,0.013312421,0.052903462,-20.979525,-21.77446,-22.435734,-23.000925,-24.491823,-19.231478,-20.026342,-20.688658,-21.243963,-22.689625,-20.858297,-21.673834,-22.353855,-22.940828,-24.473852,3.7576709,878
3000115000023,3000115000115,3000115000022,3000115000023,40000300000570,40000300000570,3000115000000,3000115000024,-1,0,40,1.0778745,242.44699,13866,37.505413,21.453184,6.550371,41450,4,2,0,221.9044,-63.341793,305.8141,2640,242.44699,0.15159713,262.2605,271.74902,0.4963341,4.4322114,1.0975777,34.49717,0.008437504,0.007004437,0.013765537,0.057025146,0.011418928,0.20994173,7.641805E-5,0.0,0.0,0.0,0.012462226,0.05049768,-21.113062,-21.89179,-22.54253,-23.09738,-24.577793,-19.294006,-20.080309,-20.736725,-21.28778,-22.72983,-20.973179,-21.775784,-22.448164,-23.02816,-24.557102,3.4095833,228
3000115000024,3000115000115,3000115000023,3000115000024,39000300000531,39000300000531,3000115000000,3000115000025,-1,0,39,1.173417,231.94699,13865,37.389404,21.501144,6.376797,41464,4,2,0,211.52585,-55.20347,304.8621,2672,231.94699,0.14434735,262.88144,283.91675,0.4963341,4.4322114,1.0975777,32.637226,0.010517341,0.0069858185,0.013765537,0.057025146,0.011418928,0.20714462,9.525505E-5,0.0,0.0,0.0,0.013608918,0.049288664,-21.273846,-22.031126,-22.66755,-23.207897,-24.674458,-19.377182,-20.16061,-20.816122,-21.368452,-22.818779,-21.153719,-21.932014,-22.587246,-23.149275,-24.657063,3.0701811,310
3000115000025,3000115000115,3000115000024,3000115000025,38000300000476,38000300000476,3000115000000,3000115000026,-1,0,38,1.2758462,220.24205,13865,37.262394,21.520498,6.1844387,41464,4,2,0,201.69405,-34.93045,306.117,2430,220.24205,0.1368358,263.0996,263.31085,0.4963341,4.4322114,1.0975777,30.820122,0.013176585,0.006967054,0.013765537,0.057025146,0.011418928,0.19957165,1.1933969E-4,0.0,0.0,0.0,0.011238697,0.048010916,-21.47761,-22.2067,-22.827784,-23.35699,-24.83001,-19.473614,-20.25475,-20.908825,-21.460014,-22.91194,-21.30068,-22.060982,-22.709713,-23.270706,-24.804247,2.7403815,338
3000115000026,3000115000115,3000115000025,3000115000026,37000300000474,37000300000474,3000115000000,3000115000027,-1,0,37,1.3857181,189.68874,13865,37.16516,21.552488,6.0024924,41464,4,2,0,193.1884,-31.977451,289.4839,2302,189.68874,0.12532288,255.13824,261.72803,0.4963341,4.4322114,1.0975777,25.543339,0.016592056,0.006949945,0.013765537,0.057025146,0.011418928,0.1974956,1.5027344E-4,0.0072816378,0.0,0.0,0.010225489,0.051340833,-21.72371,-22.396414,-22.983295,-23.485964,-24.922895,-19.575365,-20.350327,-21.000166,-21.547434,-22.999298,-21.506723,-22.218792,-22.839886,-23.381393,-24.89177,2.4210234,475
3000115000027,3000115000115,3000115000026,3000115000027,36000300000458,36000300000458,3000115000000,3000115000028,-1,0,36,1.5036365,169.9797,13871,37.05002,21.578054,5.8271904,41429,4,2,0,187.53983,-23.664322,283.5546,2145,169.9797,0.11608344,250.94778,254.6001,0.49700084,4.4321184,1.0975777,22.058811,0.020998647,0.0069336626,0.013779115,0.05702256,0.011418928,0.19469221,1.9018371E-4,2.398874,1.4883776E-7,0.0,0.008246547,0.052824467,-22.073555,-22.644543,-23.179848,-23.652512,-25.05245,-19.697119,-20.467094,-21.113077,-21.6556,-23.10486,-21.726559,-22.365658,-22.955345,-23.48745,-25.001276,2.1128852,482
3000115000028,3000115000098,3000115000027,3000115000028,35000300000476,35000300000476,3000115000000,3000115000029,3000115000099,0,35,1.6302707,158.10263,13871,36.935543,21.588366,5.6538634,41429,4,2,0,179.56067,-13.502863,278.6223,1798,158.10263,0.10866447,250.14725,265.50385,0.69133043,4.3742714,1.0693187,21.132074,0.026710238,0.0068312148,0.017523825,0.056075357,0.011252506,0.16697505,2.4191325E-4,5.8616877,0.0,0.0,0.0073813167,0.05025767,-22.481,-22.9321,-23.40438,-23.840473,-25.18929,-19.78194,-20.540861,-21.178644,-21.71264,-23.15451,-21.948225,-22.506292,-23.061186,-23.585854,-25.107857,1.8235871,971
3000115000029,3000115000098,3000115000028,3000115000029,34000300000441,34000300000441,3000115000000,3000115000030,-1,0,34,1.766336,145.70918,13871,36.829674,21.58727,5.479942,41429,4,2,0,179.66512,-8.406653,269.88998,1653,145.70918,0.10122124,248.8156,266.72003,1.186194,4.304966,1.0693187,18.4379,0.034146644,0.006815976,0.025393313,0.054474432,0.011252506,0.15401393,3.092644E-4,48.584614,0.007839981,0.0,0.00708572,0.04867121,-23.21227,-23.482597,-23.869429,-24.251406,-25.501434,-19.910898,-20.648438,-21.271502,-21.790974,-23.21622,-22.463896,-22.875313,-23.37555,-23.881664,-25.37872,1.5661725,689
3000115000030,3000115000068,3000115000029,3000115000030,33000300000391,33000300000391,3000115000000,3000115000031,3000115000069,0,33,1.9126327,124.537025,13871,36.719532,21.555275,5.3192973,41429,4,2,0,171.67114,-7.217981,255.31886,1535,124.537025,0.09178219,241.56833,256.63806,3.4199104,2.9749014,0.28807554,13.008508,0.04387375,0.0013896602,0.05215617,0.03718985,0.0027474859,0.10426161,3.9736225E-4,30.50859,0.0,45.007317,0.008009934,0.044898573,-22.931114,-23.193697,-23.564484,-23.926245,-25.141432,-18.52539,-19.25125,-19.867273,-20.378054,-21.776123,-21.703194,-22.180817,-22.727055,-23.288612,-24.926033,1.3206563,625
3000115000031,3000115000068,3000115000030,3000115000031,32000300000399,32000300000399,3000115000000,3000115000032,-1,0,32,2.0700274,108.270615,13871,36.6172,21.558624,5.1503053,41429,4,2,0,158.20888,3.0300405,247.60591,1319,108.270615,0.08355005,236.07605,247.99712,3.8050778,2.6465697,0.28807554,10.833003,0.056655645,0.0013862463,0.05484721,0.032357927,0.0027474859,0.08340085,5.131273E-4,24.335918,0.0,44.97416,0.010143981,0.043891534,-22.821112,-23.083916,-23.447641,-23.801517,-25.00138,-18.651632,-19.358194,-19.962967,-20.464977,-21.854753,-21.937147,-22.368855,-22.863558,-23.360647,-24.852213,1.2095141,363
3000115000032,3000115000068,3000115000031,3000115000032,31000300000376,31000300000376,3000115000000,3000115000033,-1,0,31,2.2394855,97.512405,13871,36.526295,21.559423,5.030936,41429,4,2,0,150.48714,-3.847801,238.04855,1200,97.512405,0.07682479,233.64108,250.81046,3.8187332,2.397836,0.28807554,9.233375,0.07353081,0.0013834604,0.053301886,0.028845586,0.0027474859,0.075137734,6.6596497E-4,22.986227,0.0,44.964188,0.010396412,0.042823575,-22.832645,-23.075377,-23.422169,-23.764093,-24.944824,-18.789986,-19.47252,-20.062412,-20.551615,-21.92626,-22.01245,-22.419113,-22.89382,-23.37306,-24.824152,1.0766075,234
3000115000033,3000115000068,3000115000032,3000115000033,30000300000340,30000300000340,3000115000000,3000115000034,-1,0,30,2.422044,93.72552,13871,36.450993,21.556837,4.890912,41429,4,2,0,142.123,-8.214551,232.13861,1124,93.72552,0.07206911,236.49628,252.04323,3.6061528,2.1753836,0.28807554,9.010894,0.09591254,0.0013808837,0.049215466,0.025807774,0.0027474859,0.07020415,8.686753E-4,30.414211,0.0,44.999302,0.008142542,0.039954897,-22.97686,-23.167389,-23.479744,-23.798363,-24.93726,-18.96182,-19.62374,-20.200636,-20.67664,-22.041725,-21.972555,-22.358025,-22.826885,-23.314661,-24.788612,0.9423574,239
3000115000034,3000115000068,3000115000033,3000115000034,29000300000268,29000300000268,3000115000000,3000115000035,-1,0,29,2.6188614,92.5206,13871,36.344616,21.564034,4.7162876,41425,4,2,0,141.20193,-16.567562,234.14078,1060,92.5206,0.06810129,241.7194,234.6814,3.8158138,1.8974717,0.28807554,8.848715,0.12573768,0.0013783121,0.04768951,0.022210058,0.0027474859,0.060164433,0.0011388002,40.93361,0.015988117,45.058372,0.008968641,0.033527516,-23.72511,-23.733644,-23.907967,-24.09443,-24.969402,-19.156675,-19.786137,-20.343418,-20.80239,-22.145037,-22.356344,-22.664532,-23.073261,-23.489756,-24.795595,0.84453744,134
3000115000035,3000115000057,3000115000034,3000115000035,28000300000224,28000300000224,3000115000000,3000115000036,3000115000058,0,28,2.8311827,89.93863,13871,36.284386,21.591917,4.5915875,41425,4,2,0,122.18371,-9.203745,196.57837,879,89.93863,0.06392317,245.98802,235.31326,4.4766684,1.509275,0.2518918,8.013796,0.16566412,6.4976705E-4,0.04578904,0.01815221,0.0025628803,0.045970846,0.0015004124,35.772877,0.0,45.062347,0.007549075,0.029650807,-22.938902,-23.051702,-23.314806,-23.595835,-24.701042,-19.13222,-19.76354,-20.32679,-20.801329,-22.22352,-21.897741,-22.22699,-22.660913,-23.119867,-24.558393,0.8036291,698
3000115000036,3000115000057,3000115000035,3000115000036,27000300000190,27000300000190,3000115000000,3000115000037,-1,0,27,3.060419,84.00009,13871,36.23279,21.575867,4.5303683,41425,4,2,0,117.95861,-16.47608,208.84904,938,84.00009,0.059116576,247.20384,265.09763,2.9039474,1.220274,0.2518918,9.6993265,0.21936952,6.474403E-4,0.033761278,0.015203697,0.0025628803,0.042605862,0.0019868196,16.86217,0.0,45.213585,0.009238303,0.02955946,-22.423477,-22.601784,-22.91014,-23.22698,-24.394032,-19.38155,-19.981743,-20.523647,-20.983316,-22.375761,-21.758327,-22.096367,-22.520853,-22.951096,-24.316727,0.7785657,651
3000115000037,3000115000057,3000115000036,3000115000037,26000300000178,26000300000178,3000115000000,3000115000038,-1,0,26,3.3080978,60.418102,13871,36.210888,21.530083,4.4322834,41425,4,2,0,53.013283,6.5323462,201.08469,651,60.418102,0.050038513,227.87743,218.96507,2.0719507,1.0926834,0.2518918,5.6068263,0.29194897,6.4635644E-4,0.029614225,0.013572588,0.0025628803,0.040958878,0.0026441684,25.3694,0.061483916,45.08822,0.0072036115,0.03454466,-22.531109,-22.682936,-22.984352,-23.303028,-24.45931,-19.551449,-20.06886,-20.550062,-20.96195,-22.244953,-21.709126,-22.032398,-22.467306,-22.925816,-24.347088,0.677766,791
3000115000038,3000115000049,3000115000037,3000115000038,25000300000140,25000300000140,3000115000000,3000115000039,3000115000050,0,25,3.575905,35.803318,13871,36.223778,21.52416,4.3249025,41425,4,2,0,22.270487,11.395186,219.15848,479,35.803318,0.039649166,197.0673,200.34431,2.2012856,0.9008797,0.23899485,0.69965786,0.39049923,0.0,0.0276885,0.01110258,0.0025268688,0.024082782,0.003536734,16.189854,0.0,44.322865,0.006996513,0.031436007,-22.225462,-22.38338,-22.670977,-22.96867,-24.085974,-19.629623,-20.106289,-20.556456,-20.94845,-22.207878,-21.554026,-21.86555,-22.266802,-22.678942,-24.003986,0.62751305,898
3000115000039,3000115000049,3000115000038,3000115000039,24000300000255,24000300000255,3000115000000,3000115000040,-1,0,24,3.8656828,30.553314,13871,36.238033,21.518023,4.226889,41425,4,2,0,23.689856,0.12882364,225.13367,396,30.553314,0.03542857,192.58495,189.68117,1.4981221,0.7942219,0.23899485,2.1202557,0.475485,0.0,0.016614629,0.009964164,0.0025268688,0.01299167,0.0041084136,13.533406,0.0,44.71578,0.0051372815,0.027291713,-22.116821,-22.271221,-22.552525,-22.845894,-23.961617,-19.86551,-20.27461,-20.682001,-21.053244,-22.289482,-21.399485,-21.718767,-22.119757,-22.535164,-23.873686,0.5433845,807
3000115000040,3000115000049,3000115000039,3000115000040,23000300000238,23000300000238,3000115000000,3000115000041,-1,0,23,4.1794686,26.680359,13871,36.224117,21.511402,4.1000185,41425,4,2,0,19.695906,-15.093675,202.23409,304,26.680359,0.03185807,189.78246,206.26273,1.1263837,0.7113332,0.23899485,1.8505216,0.58790064,0.0,0.013522626,0.009041639,0.0025268688,0.010491553,0.005239255,11.119539,0.0,44.69283,0.0043937988,0.025317911,-22.04648,-22.19698,-22.473707,-22.76633,-23.880348,-20.131563,-20.466017,-20.825445,-21.170786,-22.362137,-21.341152,-21.644815,-22.033632,-22.445467,-23.78602,0.45138738,592
3000115000041,3000115000049,3000115000040,3000115000041,22000300000194,22000300000194,3000115000000,3000115000042,-1,0,22,4.5195556,22.893469,13871,36.187386,21.5205,3.967094,41425,4,2,0,29.447945,-18.691515,195.87032,284,22.893469,0.02844284,186.05412,186.08347,0.8340953,0.6481568,0.23899485,1.3914902,0.74040693,0.0,0.011854244,0.0082381,0.0025268688,0.007869759,0.0067863795,7.272446,0.0,44.582005,0.0046013747,0.022491965,-22.007528,-22.163494,-22.442469,-22.743807,-23.867468,-20.444765,-20.709846,-21.030567,-21.3548,-22.507484,-21.401974,-21.678373,-22.04326,-22.439943,-23.758556,0.3525922,477
3000115000042,3000115000049,3000115000041,3000115000042,21000300000171,21000300000171,3000115000000,3000115000043,-1,0,21,4.888449,17.213135,13860,36.188515,21.519552,3.8439515,41205,4,2,0,21.80024,-22.916363,220.04694,211,17.213135,0.024268368,174.65445,186.30687,0.71704346,0.6099137,0.23899485,0.33255458,0.9572585,0.0,0.011513217,0.0076468503,0.0025268688,0.0044522826,0.008877994,17.96977,0.0,43.82331,0.001375795,0.015824981,-22.4736,-22.556797,-22.8169,-23.115004,-24.228123,-20.82359,-21.014656,-21.297974,-21.603535,-22.712698,-20.984575,-21.194767,-21.515509,-21.89583,-23.45888,0.24451527,322
3000115000043,3000115000049,3000115000042,3000115000043,20000300000171,20000300000171,3000115000000,3000115000044,-1,0,20,5.2888336,14.631165,13860,36.18492,21.527637,3.7165837,41205,4,2,0,18.508959,-29.810816,214.905,181,14.631165,0.0215437,170.90283,180.04327,0.20116101,0.52266103,0.23899485,0.54099166,1.0786896,0.0,0.0045694155,0.006294152,0.0025268688,0.007359556,0.009330815,51.053654,0.0,44.23972,3.7635153E-4,0.02122869,-22.739359,-22.791512,-23.0517,-23.361143,-24.486286,-21.45569,-21.567905,-21.835697,-22.139633,-23.219982,-21.45576,-21.573347,-21.846163,-22.15977,-23.325365,0.1620004,768
3000115000044,3000115000049,3000115000043,3000115000044,19000300000154,19000300000154,3000115000000,3000115000045,-1,0,19,5.7238646,11.360668,13860,36.168896,21.545815,3.5859718,41205,4,2,0,20.73918,-25.300621,200.84457,152,11.360668,0.01853363,162.36472,167.85962,0.45781416,0.2942045,0.0,0.18083069,0.84837776,0.0,0.0063452427,0.0025813945,0.0,0.0018289833,0.0047464445,38.528454,0.0,43.42212,5.447242E-4,0.010684594,-22.498547,-22.51526,-22.725958,-22.965828,-23.928959,99.0,99.0,99.0,99.0,99.0,-17.62569,-17.911785,-18.39033,-19.023218,-21.420015,0.14004324,247
3000115000045,3000115000049,3000115000044,3000115000045,18000300000149,18000300000149,3000115000000,3000115000046,-1,0,18,6.1968336,7.9180417,13860,36.115063,21.563435,3.4577835,41204,4,2,0,27.825602,-29.776302,216.45445,110,7.9180417,0.015361626,148.8882,156.32504,0.42136446,0.13568191,0.0,0.22940628,0.5471935,0.0,0.003642271,8.714807E-4,0.0,8.888758E-4,0.0017385245,11.985313,0.0,43.74091,0.0012536495,0.012241956,-21.45496,-21.507612,-21.72074,-21.949856,-22.855185,99.0,99.0,99.0,99.0,99.0,-19.602211,-19.86833,-20.290257,-20.806458,-22.406075,0.15161306,946
3000115000046,3000115000049,3000115000045,3000115000046,17000300000099,17000300000099,3000115000000,3000115000047,-1,0,17,6.7115865,5.680334,13860,36.10937,21.581522,3.336909,41204,4,2,0,27.18298,-31.52279,209.65002,97,5.680334,0.012840149,137.93417,135.74223,0.30734485,0.09042545,0.0,0.075735696,0.4846099,0.0,0.0025770997,5.036122E-4,0.0,3.1073517E-4,0.0013677871,12.490892,0.0,43.09696,9.0671E-4,0.008717951,-21.236458,-21.27193,-21.47053,-21.683651,-22.546309,99.0,99.0,99.0,99.0,99.0,-18.998617,-19.261496,-19.694857,-20.241673,-21.979921,0.117444426,125
3000115000047,3000115000049,3000115000046,3000115000047,16000300000102,16000300000102,3000115000000,3000115000048,-1,0,16,7.272188,4.0450864,13860,36.0861,21.60538,3.2450507,41204,4,2,0,34.92946,-34.45027,184.77888,69,4.0450864,0.010693588,127.547554,123.32732,0.2943991,0.047235735,0.0,0.021834161,0.3208233,0.0,0.0016217238,1.9956616E-4,0.0,5.41826E-5,6.106185E-4,4.6225386,0.0,42.154408,0.001578977,0.00456613,-20.405752,-20.428846,-20.612461,-20.824694,-21.677477,99.0,99.0,99.0,99.0,99.0,-19.552494,-19.719006,-20.026348,-20.37915,-21.5158,0.10575514,51
3000115000048,3000115000049,3000115000047,3000115000048,15000300000151,15000300000151,3000115000000,3000115000049,-1,0,15,7.8832035,3.0122986,13860,36.08089,21.607615,3.149788,41204,4,2,0,35.332825,-31.74122,195.97452,40,3.0122986,0.009029103,119.78341,131.59863,0.15598089,0.032629754,0.0,0.03235837,0.2891037,0.0,0.0010275207,1.1657347E-4,0.0,8.0353006E-5,4.92908E-4,4.611787,0.0,42.820774,0.0010194053,0.0076727765,-20.235346,-20.239305,-20.40938,-20.586468,-21.383305,99.0,99.0,99.0,99.0,99.0,-19.183157,-19.341766,-19.647701,-19.984232,-21.114277,0.062278204,432
3000115000049,3000115000049,3000115000048,3000115000049,14000300000146,14000300000146,3000115000000,-1,-1,0,14,8.549912,2.3237731,13860,36.046307,21.633083,3.0712142,41204,4,2,0,36.43944,-40.72225,183.1154,28,2.3237731,0.007704903,113.88938,143.5027,0.11142155,0.019336432,0.0,0.033967055,0.22929275,0.0,6.362678E-4,4.2099993E-5,0.0,6.429177E-5,2.7504726E-4,7.3691535,0.0,42.82307,3.0033212E-4,0.0072035855,-20.649843,-20.552525,-20.629667,-20.69497,-21.100885,99.0,99.0,99.0,99.0,99.0,-17.185146,-17.325144,-17.678743,-18.1348,-19.824821,0.013517414,588
3000115000050,3000115000057,3000115000037,3000115000038,25000300000140,25000300000140,3000115000000,3000115000051,-1,2,25,3.575905,35.803318,13871,36.242695,21.5628,4.2962546,41425,4,2,0,-30.011307,-93.4007,223.86934,25,1.6352477,0.009080137,88.00666,83.93745,0.06641686,0.01246231,0.0,0.0,0.0,0.0,4.152747E-4,3.322248E-5,0.0,0.0,0.0,0.104410395,0.0,42.938103,0.003343492,0.0083323615,-17.377167,-17.5885,-17.885578,-18.1737,-19.102701,99.0,99.0,99.0,99.0,99.0,-17.335928,-17.556404,-17.860483,-18.155836,-19.097685,0.62573296,474
3000115000051,3000115000057,3000115000050,3000115000039,24000300000255,24000300000255,3000115000000,3000115000052,-1,2,24,3.8656828,30.553314,13871,36.238033,21.518023,4.226889,41425,4,2,0,65.64793,212.39427,9.351467,25,1.6352477,0.009080137,88.00666,83.93745,0.07132833,0.011774462,0.0,0.0,0.0,0.0,4.0852322E-4,2.9113575E-5,0.0,0.0,0.0,0.150907,0.0,42.938103,0.003343492,0.0083323615,-17.581459,-17.749006,-18.016626,-18.289978,-19.18845,99.0,99.0,99.0,99.0,99.0,-17.527193,-17.708778,-17.986298,-18.268959,-19.182898,0.49904275,829
3000115000052,3000115000057,3000115000051,3000115000040,23000300000238,23000300000238,3000115000000,3000115000053,-1,2,23,4.1794686,26.680359,13871,36.22598,21.489975,4.1518755,41425,4,2,0,27.280354,-116.642204,260.29483,25,1.6352477,0.009080137,88.00666,83.93745,0.07792788,0.010850196,0.0,0.0,0.0,0.0,3.9557312E-4,2.4140529E-5,0.0,0.0,0.0,0.21241187,0.0,42.938103,0.003343492,0.0083323615,-17.778719,-17.90876,-18.149237,-18.407282,-19.271023,99.0,99.0,99.0,99.0,99.0,-17.741833,-17.87962,-18.126354,-18.390932,-19.266449,0.38771942,254
3000115000053,3000115000057,3000115000052,3000115000041,22000300000194,22000300000194,3000115000000,3000115000054,-1,2,22,4.5195556,22.893469,13871,36.17638,21.537474,3.9357164,41425,4,2,0,121.06415,58.66261,389.27747,25,1.6352477,0.009080137,88.00666,83.93745,0.08654508,0.009643363,0.0,0.0,0.0,0.0,3.7253526E-4,1.8511657E-5,0.0,0.0,0.0,0.2915249,0.0,42.938103,0.003343492,0.0083323615,-17.921415,-18.028849,-18.253933,-18.50159,-19.33428,99.0,99.0,99.0,99.0,99.0,-17.881704,-17.997452,-18.229166,-18.483501,-19.328575,0.2906856,941
3000115000054,3000115000057,3000115000053,3000115000042,21000300000171,21000300000171,3000115000000,3000115000055,-1,2,21,4.888449,17.213135,13860,36.1378,21.499054,3.7620914,41205,4,2,0,12.812971,31.992167,261.21786,25,1.6352477,0.009080137,88.00666,83.93745,0.09749137,0.008110345,0.0,0.0,0.0,0.0,3.3425223E-4,1.2631267E-5,0.0,0.0,0.0,0.39058816,0.0,42.938103,0.003343492,0.0083323615,-17.959587,-18.033482,-18.241562,-18.474129,-19.26404,99.0,99.0,99.0,99.0,99.0,-17.919237,-18.002237,-18.217165,-18.4564,-19.258326,0.20670246,858
3000115000055,3000115000057,3000115000054,3000115000043,20000300000171,20000300000171,3000115000000,3000115000056,-1,2,20,5.2888336,14.631165,13860,36.155937,21.51062,3.6641896,41205,4,2,0,-84.28682,-72.126854,90.782875,25,1.6352477,0.009080137,88.00666,83.93745,0.11103312,0.0062138345,0.0,0.0,0.0,0.0,2.7448163E-4,7.101156E-6,0.0,0.0,0.0,0.51151454,0.0,42.938103,0.003343492,0.0083323615,-17.925379,-17.951601,-18.134523,-18.339243,-19.05156,99.0,99.0,99.0,99.0,99.0,-17.908077,-17.937838,-18.123629,-18.3314,-19.049223,0.1344573,715
3000115000056,3000115000057,3000115000055,3000115000044,19000300000154,19000300000154,3000115000000,3000115000057,-1,2,19,5.7238646,11.360668,13860,36.18462,21.559603,3.6661656,41205,4,2,0,-14.257999,-37.832203,-17.238976,25,1.6352477,0.009080137,88.00666,83.93745,0.12737697,0.003924892,0.0,0.0,0.0,0.0,1.86272E-4,2.6826674E-6,0.0,0.0,0.0,0.65560055,0.0,42.938103,0.003343492,0.0083323615,-17.734608,-17.69998,-17.83261,-17.961954,-18.476372,99.0,99.0,99.0,99.0,99.0,-17.725243,-17.69261,-17.82682,-17.957804,-18.475143,0.07261794,167
3000115000057,3000115000057,3000115000056,3000115000050,18000300000776,18000300000776,3000115000000,-1,-1,0,18,6.1968336,1.6352477,13860,36.21094,21.569654,3.6730874,41205,4,2,0,-6.1469,-42.326035,86.37538,25,1.6352477,0.009080137,88.00666,83.93745,0.14663754,0.0012274699,0.0,0.08838217,0.029612355,0.0,6.2624E-5,2.3705167E-7,0.0,1.4512532E-6,2.913859E-7,0.3250721,0.0,42.938103,0.003343492,0.0083323615,-16.965158,-16.731422,-16.69548,-16.610258,-16.503378,99.0,99.0,99.0,99.0,99.0,-16.96277,-16.729502,-16.693928,-16.609104,-16.502972,0.020364957,776
3000115000058,3000115000068,3000115000034,3000115000035,28000300000224,28000300000224,3000115000000,3000115000059,-1,2,28,2.8311827,89.93863,13871,36.25455,21.607298,4.5924687,41425,4,2,0,-36.274006,-132.63048,-106.83395,31,2.6680367,0.013036205,93.818886,101.06406,0.044757996,0.036046203,0.0,0.0,0.0,0.0,6.280245E-4,1.8266488E-4,0.0,0.0,0.0,0.032890156,0.0,41.36101,0.0024063203,0.003988041,-17.651428,-18.119724,-18.584318,-18.978603,-20.181353,99.0,99.0,99.0,99.0,99.0,-17.451246,-17.956621,-18.45274,-18.882765,-20.153223,1.1076288,907
3000115000059,3000115000068,3000115000058,3000115000036,27000300000190,27000300000190,3000115000000,3000115000060,-1,2,27,3.060419,84.00009,13871,36.294884,21.592318,4.5941806,41425,4,2,0,4.4480696,83.409996,118.491,31,2.6680367,0.013036205,93.818886,101.06406,0.046655267,0.035780497,0.0,0.0,0.0,0.0,6.4038014E-4,1.7897956E-4,0.0,0.0,0.0,0.06464698,0.0,41.36101,0.0024063203,0.003988041,-17.860476,-18.237461,-18.636229,-18.98318,-20.072544,99.0,99.0,99.0,99.0,99.0,-17.670925,-18.085472,-18.514648,-18.895102,-20.046932,0.9208948,117
3000115000060,3000115000068,3000115000059,3000115000037,26000300000178,26000300000178,3000115000000,3000115000061,-1,2,26,3.3080978,60.418102,13871,36.23339,21.545166,4.450894,41425,4,2,0,207.49112,59.864986,428.06134,31,2.6680367,0.013036205,93.818886,101.06406,0.050148066,0.035291336,0.0,0.0,0.0,0.0,6.616713E-4,1.7240368E-4,0.0,0.0,0.0,0.121563464,0.0,41.36101,0.0024063203,0.003988041,-18.108902,-18.414011,-18.770119,-19.096663,-20.15361,99.0,99.0,99.0,99.0,99.0,-17.90288,-18.248953,-18.638256,-19.001276,-20.125969,0.7504147,403
3000115000061,3000115000068,3000115000060,3000115000038,25000300000140,25000300000140,3000115000000,3000115000062,-1,2,25,3.575905,35.803318,13868,36.157227,21.479486,4.241566,41411,4,2,0,2.6834257,132.53236,261.587,31,2.6680367,0.013036205,93.818886,101.06406,0.056284174,0.034431983,0.0,0.0,0.0,0.0,6.948446E-4,1.6145564E-4,0.0,0.0,0.0,0.21900748,0.0,41.36101,0.0024063203,0.003988041,-18.371838,-18.611874,-18.929588,-19.237494,-20.26057,99.0,99.0,99.0,99.0,99.0,-18.16022,-18.444365,-18.79686,-19.142126,-20.233307,0.5969167,419
3000115000062,3000115000068,3000115000061,3000115000039,24000300000255,24000300000255,3000115000000,3000115000063,-1,2,24,3.8656828,30.553314,13868,36.181858,21.445986,4.136032,41411,4,2,0,-64.4878,-3.7301753,123.09711,31,2.6680367,0.013036205,93.818886,101.06406,0.06658633,0.032989174,0.0,0.0,0.0,0.0,7.397821E-4,1.4460526E-4,0.0,0.0,0.0,0.37862372,0.0,41.36101,0.0024063203,0.003988041,-18.64386,-18.822746,-19.103403,-19.3923,-20.375807,99.0,99.0,99.0,99.0,99.0,-18.42165,-18.647331,-18.964859,-19.293213,-20.347713,0.46090868,225
3000115000063,3000115000068,3000115000062,3000115000040,23000300000238,23000300000238,3000115000000,3000115000064,-1,2,23,4.1794686,26.680359,13871,36.219448,21.495296,4.0714035,41425,4,2,0,-89.373085,-236.43794,125.74854,31,2.6680367,0.013036205,93.818886,101.06406,0.08314461,0.030670207,0.0,0.0,0.0,0.0,7.8818906E-4,1.2089749E-4,0.0,0.0,0.0,0.6292289,0.0,41.36101,0.0024063203,0.003988041,-18.907896,-19.035755,-19.284828,-19.55546,-20.496649,99.0,99.0,99.0,99.0,99.0,-18.689093,-18.864809,-19.150835,-19.460499,-20.47013,0.34251103,890
3000115000064,3000115000068,3000115000063,3000115000041,22000300000194,22000300000194,3000115000000,3000115000065,-1,2,22,4.5195556,22.893469,13871,36.21444,21.596342,4.0533094,41425,4,2,0,65.801544,-85.69299,-13.763452,31,2.6680367,0.013036205,93.818886,101.06406,0.1086714,0.0270952,0.0,0.0,0.0,0.0,8.1674196E-4,9.0851914E-5,0.0,0.0,0.0,1.0070541,0.0,41.36101,0.0024063203,0.003988041,-19.140734,-19.22887,-19.451279,-19.704517,-20.6023,99.0,99.0,99.0,99.0,99.0,-18.859125,-19.010757,-19.279837,-19.581017,-20.561878,0.24141891,989
3000115000065,3000115000068,3000115000064,3000115000051,21000300000172,21000300000171,3000115000000,3000115000066,-1,1,21,4.888449,17.213135,13871,36.17027,21.61487,4.068593,41425,4,2,0,68.73208,-24.666893,37.185944,31,2.6680367,0.013036205,93.818886,101.06406,0.14648464,0.021799486,0.0,0.0,0.0,0.0,7.802664E-4,5.742688E-5,0.0,0.0,0.0,1.554972,0.0,41.36101,0.0024063203,0.003988041,-19.260038,-19.322514,-19.530302,-19.76634,-20.62661,99.0,99.0,99.0,99.0,99.0,-19.0776,-19.176466,-19.413708,-19.681143,-20.599699,0.15718211,912
3000115000066,3000115000068,3000115000065,3000115000052,20000300001149,20000300001149,3000115000000,3000115000067,-1,0,20,5.2888336,2.840167,13871,36.14051,21.630594,4.055532,41425,4,2,0,81.0661,-12.396451,58.29963,40,2.840167,0.012474083,98.95496,100.52327,0.2003958,0.014249273,0.0,0.009324194,0.23307845,0.0,6.0714764E-4,2.676775E-5,0.0,8.060214E-6,1.07986365E-4,2.2033596,0.0,41.36101,0.0017849606,0.003988041,-19.30233,-19.293076,-19.453676,-19.620346,-20.330328,99.0,99.0,99.0,99.0,99.0,-18.97299,-19.032042,-19.246874,-19.46737,-20.280264,0.09071375,810
3000115000067,3000115000068,3000115000066,3000115000053,19000300001012,19000300001012,3000115000000,3000115000068,-1,0,19,5.7238646,1.8073791,13871,36.106323,21.650267,4.026828,41424,4,2,0,70.785355,-8.849787,62.50974,34,1.8073791,0.01004251,87.977875,99.1216,0.17751022,0.0043896064,0.0,0.010254936,0.09694241,0.0,2.1491156E-4,2.9795099E-6,0.0,2.327236E-6,1.0813639E-5,0.72762275,0.0,41.6602,0.003485676,0.005010341,-17.959837,-17.901688,-18.019854,-18.13451,-18.621267,99.0,99.0,99.0,99.0,99.0,-17.944893,-17.89015,-18.010921,-18.128168,-18.619402,0.068206415,781
3000115000068,3000115000068,3000115000067,3000115000054,18000300001074,18000300001074,3000115000000,-1,-1,0,18,6.1968336,1.2909851,13871,36.066605,21.659206,4.0243096,41424,4,2,0,74.580185,-10.925973,63.611034,27,1.2909851,0.00839212,81.338234,85.59492,0.1345224,0.0013958542,0.0,0.030891944,0.040619213,0.0,7.086492E-5,3.60033E-7,0.0,1.2510487E-6,9.900024E-7,0.36966553,0.0,42.31542,0.0026295125,0.0068966364,-17.142426,-16.917702,-16.892967,-16.82276,-16.790014,99.0,99.0,99.0,99.0,99.0,-17.13744,-16.913692,-16.889744,-16.820381,-16.78922,0.02169894,964
3000115000069,3000115000098,3000115000029,3000115000030,33000300000391,33000300000391,3000115000000,3000115000070,-1,2,33,1.9126327,124.537025,13871,36.7209,21.553667,5.3310084,41429,4,2,0,113.99942,53.18319,86.25544,74,6.3688617,0.027910212,99.06479,138.73456,0.058262758,0.78115445,0.024741122,0.0,0.0,7.05381E-5,0.0017252091,0.008502392,1.0439168E-4,0.0,0.0,0.019494852,0.0,44.769268,0.0030288098,0.025557773,-19.754002,-20.467602,-21.075138,-21.580393,-22.99969,-16.201935,-16.84067,-17.402323,-17.850302,-19.086636,-19.227888,-20.024353,-20.70977,-21.308878,-22.916964,2.220828,48
3000115000070,3000115000098,3000115000069,3000115000031,32000300000399,32000300000399,3000115000000,3000115000071,-1,2,32,2.0700274,108.270615,13871,36.59561,21.543856,5.132435,41429,4,2,0,164.29146,5.803484,346.3554,74,6.3688617,0.027910212,99.06479,138.73456,0.059760816,0.78094465,0.024741122,0.0,0.0,7.05381E-5,0.0017583903,0.008496199,1.0439168E-4,0.0,0.0,0.04179047,0.0,44.769268,0.0030288098,0.025557773,-19.936443,-20.62086,-21.211004,-21.701218,-23.108496,-16.330639,-16.955915,-17.509834,-17.952238,-19.187546,-19.395151,-20.165583,-20.835814,-21.422272,-23.023304,1.9627476,579
3000115000071,3000115000098,3000115000070,3000115000032,31000300000376,31000300000376,3000115000000,3000115000072,-1,2,31,2.2394855,97.512405,13871,36.530228,21.55876,5.0398927,41429,4,2,0,51.912937,-8.69146,300.40503,74,6.3688617,0.027910212,99.06479,138.73456,0.06281069,0.7805175,0.024741122,0.0,0.0,7.05381E-5,0.001825106,0.0084837135,1.0439168E-4,0.0,0.0,0.08605582,0.0,44.769268,0.0030288098,0.025557773,-20.168413,-20.82057,-21.395018,-21.877546,-23.296127,-16.506157,-17.11039,-17.652992,-18.08821,-19.318068,-19.598906,-20.342127,-21.00064,-21.584003,-23.206177,1.718111,869
3000115000072,3000115000098,3000115000071,3000115000033,30000300000340,30000300000340,3000115000000,3000115000073,-1,2,30,2.422044,93.72552,13871,36.433575,21.54566,4.851981,41425,4,2,0,23.145395,-165.17459,156.67079,74,6.3688617,0.027910212,99.06479,138.73456,0.06875729,0.77968466,0.024741122,0.0,0.0,7.05381E-5,0.0019521303,0.008459808,1.0439168E-4,0.0,0.0,0.17025344,0.0,44.769268,0.0030288098,0.025557773,-20.390211,-20.982197,-21.518213,-21.973602,-23.344664,-16.692524,-17.263065,-17.78732,-18.213408,-19.443285,-19.84835,-20.528296,-21.144943,-21.696472,-23.260275,1.4872277,874
3000115000073,3000115000098,3000115000072,3000115000060,29000300000269,29000300000268,3000115000000,3000115000074,-1,1,29,2.6188614,92.5206,13871,36.397522,21.546846,4.813273,41425,4,2,0,87.33788,34.993633,183.02179,74,6.3688617,0.027910212,99.06479,138.73456,0.07986554,0.7781289,0.024741122,0.0,0.0,7.05381E-5,0.0021795908,0.00841656,1.0439168E-4,0.0,0.0,0.32374358,0.0,44.769268,0.0030288098,0.025557773,-20.633535,-21.158854,-21.654182,-22.083914,-23.417454,-16.896374,-17.431623,-17.936434,-18.35543,-19.593618,-20.011093,-20.637438,-21.224888,-21.764467,-23.319786,1.2703574,952
3000115000074,3000115000098,3000115000073,3000115000061,28000300000225,28000300000224,3000115000000,3000115000075,-1,1,28,2.8311827,89.93863,13871,36.343582,21.52759,4.6777883,41425,4,2,0,150.08469,-23.812618,337.3075,121,10.41395,0.031156454,119.89572,177.8118,0.09975252,0.7753438,0.024741122,0.0,0.0,7.05381E-5,0.0025594966,0.008343024,1.0439168E-4,0.0,0.0,1.0968204,0.024087049,44.769268,0.0038308387,0.025557773,-20.896841,-21.352407,-21.804867,-22.209917,-23.508455,-17.146902,-17.638857,-18.115782,-18.516272,-19.720722,-20.463287,-20.990744,-21.50841,-21.990229,-23.441008,1.0677583,775
3000115000075,3000115000089,3000115000074,3000115000062,26000300000179,26000300000178,3000115000000,3000115000076,3000115000090,1,26,3.3080978,60.418102,13871,36.073612,21.64325,4.304848,41424,4,2,0,248.22714,-76.31319,181.41109,165,14.200841,0.030880671,140.63184,189.0357,0.17076845,0.73381925,0.0,0.0,0.0,0.0,0.0041095815,0.007849548,0.0,0.0,0.0,14.077823,0.0,44.769268,0.0012513838,0.025557773,-21.777369,-21.997189,-22.325691,-22.66379,-23.843536,99.0,99.0,99.0,99.0,99.0,-18.76112,-19.232407,-19.815886,-20.518967,-22.912464,0.70805776,412
3000115000076,3000115000089,3000115000075,3000115000063,25000300000141,25000300000140,3000115000000,3000115000077,-1,1,25,3.575905,35.803318,13871,35.949066,21.68657,4.218855,41424,4,2,0,215.07758,-65.37071,150.13562,325,27.971352,0.0365172,181.50056,186.21796,0.8813686,0.63430035,0.0,0.0,0.0,0.0,0.010860657,0.006221905,0.0,0.0,0.0,12.500917,0.0,44.769268,0.0044832765,0.025557773,-21.843925,-22.013153,-22.302486,-22.601675,-23.701712,99.0,99.0,99.0,99.0,99.0,-20.858377,-21.208256,-21.649918,-22.121906,-23.559313,0.6321027,311
3000115000077,3000115000089,3000115000076,3000115000064,24000300000270,24000300000270,3000115000000,3000115000078,-1,0,24,3.8656828,30.209051,13871,35.82524,21.708044,4.1463284,41424,4,2,0,201.32841,-38.42851,141.85164,373,30.209051,0.035295,191.85889,200.00322,1.4694144,0.55194503,0.0,2.5892975,0.371603,0.0,0.012621412,0.0053815423,0.0,0.0095717795,0.0020110696,13.233879,0.0,44.769268,0.00496423,0.025557773,-21.951115,-22.061954,-22.310999,-22.573496,-23.620995,99.0,99.0,99.0,99.0,99.0,-21.120127,-21.398325,-21.782623,-22.192083,-23.511953,0.5551229,750
3000115000078,3000115000089,3000115000077,3000115000065,23000300000228,23000300000228,3000115000000,3000115000079,-1,0,23,4.1794686,25.389374,13871,35.726105,21.724628,4.060605,41424,4,2,0,186.20006,-28.349594,130.86263,305,25.389374,0.031335715,186.6707,186.20256,1.0487746,0.47089088,0.0,2.2008145,0.44644094,0.0,0.009818232,0.0046785567,0.0,0.008239281,0.0025116303,10.378161,0.0,44.746265,0.0039637894,0.024590798,-21.799103,-21.907269,-22.158297,-22.425398,-23.486437,99.0,99.0,99.0,99.0,99.0,-20.832384,-21.123957,-21.527346,-21.964949,-23.351377,0.4916301,99
3000115000079,3000115000089,3000115000078,3000115000066,22000300000236,22000300000236,3000115000000,3000115000080,-1,0,22,4.5195556,18.762316,13871,35.633377,21.73853,3.986139,41424,3,2,0,168.29784,-21.189198,127.10712,249,18.762316,0.026617333,174.11288,181.1403,0.6365524,0.41192663,0.0,1.4540814,0.5372417,0.0,0.0076919305,0.004078075,0.0,0.0071529327,0.0031288143,12.760422,0.0,44.612675,0.0021700256,0.024524445,-21.791733,-21.885105,-22.135935,-22.407934,-23.469122,99.0,99.0,99.0,99.0,99.0,-19.600023,-19.986511,-20.498312,-21.106493,-22.971296,0.41666576,710
3000115000080,3000115000089,3000115000079,3000115000067,21000300000216,21000300000216,3000115000000,3000115000081,-1,0,21,4.888449,13.081982,13871,35.603138,21.759579,3.945165,41424,3,2,0,167.36993,-21.25115,130.68823,210,13.081982,0.02214684,159.38625,163.80803,0.5807963,0.3448244,0.0,0.57512903,0.56697434,0.0,0.007587824,0.0032192715,0.0,0.0042577074,0.0033472301,7.6396365,0.0,44.19745,0.0030580705,0.021158533,-21.456018,-21.594437,-21.867195,-22.16088,-23.243057,99.0,99.0,99.0,99.0,99.0,-20.055544,-20.406288,-20.861347,-21.379892,-22.945707,0.35940263,126
3000115000081,3000115000089,3000115000080,3000115000068,20000300000133,20000300000133,3000115000000,3000115000082,-1,0,20,5.2888336,12.307391,13860,35.509438,21.766651,3.888952,41204,3,2,0,156.62949,-23.691706,122.42798,209,12.307391,0.020336803,161.3287,172.63997,0.54389,0.30772996,0.0,0.4664309,0.6041461,0.0,0.0068890573,0.0027454644,0.0,0.003390501,0.0033229848,6.763987,0.0,44.14006,0.0031988851,0.018462008,-21.498522,-21.622723,-21.88262,-22.170065,-23.226057,99.0,99.0,99.0,99.0,99.0,-20.267487,-20.579556,-21.003849,-21.493301,-22.974504,0.27910337,396
3000115000082,3000115000089,3000115000081,3000115000069,19000300000170,19000300000170,3000115000000,3000115000083,-1,0,19,5.7238646,10.413946,13860,35.42797,21.770945,3.8288267,41204,3,2,0,127.0898,-20.846487,97.10717,144,10.413946,0.018003805,157.72316,165.2515,0.5083759,0.2774622,0.0,0.27319786,0.6925615,0.0,0.0064811795,0.0023676103,0.0,0.002054478,0.0037000063,14.777761,0.0,43.838375,0.0014858585,0.014386116,-21.871634,-21.942812,-22.17925,-22.447495,-23.460073,99.0,99.0,99.0,99.0,99.0,-19.048569,-19.37209,-19.861597,-20.497244,-22.631767,0.19622877,608
3000115000083,3000115000089,3000115000082,3000115000070,18000300000142,18000300000142,3000115000000,3000115000084,-1,0,18,6.1968336,9.209027,13860,35.35604,21.78418,3.7529066,41204,3,2,0,113.01761,-24.77213,109.28258,112,9.209027,0.016154833,156.57614,166.85338,0.38029885,0.21666019,0.0,0.27662107,0.67952305,0.0,0.004783552,0.0016553728,0.0,0.0018937755,0.003070466,22.99843,0.0,43.908886,8.689274E-4,0.014090886,-21.965044,-22.009516,-22.227884,-22.474905,-23.4345,99.0,99.0,99.0,99.0,99.0,-18.412277,-18.701283,-19.172588,-19.797434,-22.098423,0.14024645,592
3000115000084,3000115000089,3000115000083,3000115000071,17000300000112,17000300000112,3000115000000,3000115000085,-1,0,17,6.7115865,7.3155823,13860,35.26239,21.801886,3.6911325,41204,3,2,0,126.405716,-34.449413,112.431244,91,7.3155823,0.013969958,150.07103,160.10823,0.54055417,0.12981828,0.0,0.029024417,0.5367027,0.0,0.0041810432,7.7936327E-4,0.0,1.8310834E-4,0.0016890261,19.473904,0.0,45.466667,8.675599E-4,0.014146373,-21.635517,-21.661356,-21.858932,-22.072916,-22.971188,99.0,99.0,99.0,99.0,99.0,-18.438496,-18.717268,-19.176447,-19.777107,-21.947561,0.113424145,11
3000115000085,3000115000089,3000115000084,3000115000072,16000300000066,16000300000066,3000115000000,3000115000086,-1,0,16,7.272188,5.680334,13860,35.202473,21.809002,3.6497378,41204,3,2,0,117.99977,-27.951498,102.71363,82,5.680334,0.011974907,142.83046,143.62773,0.32805297,0.062483415,0.0,0.21492018,0.35682482,0.0,0.0018009142,3.19047E-4,0.0,3.690801E-4,7.995587E-4,5.9410443,0.0,43.8317,0.0014394223,0.010900959,-20.766136,-20.790436,-20.97568,-21.183008,-22.042032,99.0,99.0,99.0,99.0,99.0,-19.621063,-19.830082,-20.179476,-20.57657,-21.829792,0.11109934,543
3000115000086,3000115000089,3000115000085,3000115000073,15000300000055,15000300000055,3000115000000,3000115000087,-1,0,15,7.8832035,3.2704954,13860,35.183548,21.82207,3.600135,41204,3,2,0,119.59376,-23.79122,100.96841,67,3.2704954,0.009280039,123.11241,128.02914,0.123033136,0.043711305,0.0,0.026850384,0.36037087,0.0,0.0011042376,2.1521302E-4,0.0,1.0383922E-4,8.7730517E-4,9.742608,0.0,42.608887,5.152367E-4,0.00675949,-20.697817,-20.69295,-20.867136,-21.060371,-21.926115,99.0,99.0,99.0,99.0,99.0,-17.529856,-17.796015,-18.247541,-18.837704,-20.931583,0.07142192,941
3000115000087,3000115000089,3000115000086,3000115000074,14000300000073,14000300000073,3000115000000,3000115000088,-1,0,14,8.549912,2.2377074,13883,35.143078,21.824234,3.5665045,41149,3,2,0,110.416145,-30.4668,90.679924,40,2.2377074,0.007608582,112.465614,133.02432,0.19068074,0.015628561,0.0,0.0045240037,0.16855335,0.0,6.628892E-4,3.5569206E-5,0.0,7.5131056E-6,1.1658453E-4,3.2647083,0.0,44.567844,0.0013113166,0.008036552,-19.574633,-19.573307,-19.740133,-19.914557,-20.66254,99.0,99.0,99.0,99.0,99.0,-18.977825,-19.087692,-19.351265,-19.625528,-20.572449,0.06512743,36
3000115000088,3000115000089,3000115000087,3000115000075,13000300000056,13000300000056,3000115000000,3000115000089,-1,0,13,9.277915,1.549182,13883,35.121674,21.837276,3.5135043,41149,3,2,0,108.51191,-24.176857,80.14428,32,1.549182,0.006255511,103.2024,110.41545,0.13959955,0.007062068,0.0,0.016485246,0.09929761,0.0,3.2221046E-4,9.210554E-6,0.0,9.180274E-6,3.108648E-5,1.7338946,0.0,42.43555,0.0017007937,0.004368819,-18.878874,-18.848074,-18.978516,-19.10307,-19.630478,99.0,99.0,99.0,99.0,99.0,-18.649364,-18.659485,-18.826273,-18.986002,-19.591522,0.04525607,983
3000115000089,3000115000089,3000115000088,3000115000076,12000300000036,12000300000036,3000115000000,-1,-1,0,12,10.073462,1.1188537,13883,35.072495,21.849815,3.4650428,41149,3,2,0,84.60978,-24.411636,89.922005,25,1.1188537,0.005210203,96.1013,98.446884,0.12053358,0.0029287734,0.0,0.010576162,0.05534744,0.0,1.428656E-4,1.8911768E-6,0.0,2.375969E-6,7.0132114E-6,1.35455,0.0,41.87192,9.869041E-4,0.002762928,-18.608349,-18.487278,-18.537199,-18.560438,-18.704706,99.0,99.0,99.0,99.0,99.0,-18.503149,-18.39911,-18.464369,-18.504118,-18.683455,0.014035401,217
3000115000090,3000115000098,3000115000074,3000115000062,26000300000179,26000300000178,3000115000000,3000115000091,-1,2,26,3.3080978,60.418102,13871,36.048916,21.660507,4.327465,41424,4,2,0,102.69308,-73.588326,150.08218,36,2.1516418,0.010643452,93.242455,90.67366,0.05158486,0.02436427,0.0,0.0,0.0,0.0,5.5966683E-4,1.0023588E-4,0.0,0.0,0.0,0.075203024,0.0,42.357655,0.0026247988,0.009072839,-17.650005,-17.963026,-18.322498,-18.645834,-19.678768,99.0,99.0,99.0,99.0,99.0,-17.27923,-17.656057,-18.072567,-18.462427,-19.624235,0.8147346,933
3000115000091,3000115000098,3000115000090,3000115000063,25000300000141,25000300000140,3000115000000,3000115000092,-1,2,25,3.575905,35.803318,13871,36.018864,21.655037,4.224053,41424,4,2,0,35.93359,0.50699055,161.5873,36,2.1516418,0.010643452,93.242455,90.67366,0.05538086,0.023832645,0.0,0.0,0.0,0.0,5.719038E-4,9.461573E-5,0.0,0.0,0.0,0.12851009,0.0,42.357655,0.0026247988,0.009072839,-17.883642,-18.135696,-18.458109,-18.76346,-19.764309,99.0,99.0,99.0,99.0,99.0,-17.511658,-17.83452,-18.21591,-18.587278,-19.712711,0.6609471,721
3000115000092,3000115000098,3000115000091,3000115000064,24000300000270,24000300000270,3000115000000,3000115000093,-1,2,24,3.8656828,30.209051,13871,35.966682,21.67575,4.157566,41424,4,2,0,111.03426,-91.10344,44.787323,36,2.1516418,0.010643452,93.242455,90.67366,0.061426006,0.022986028,0.0,0.0,0.0,0.0,5.8751216E-4,8.621762E-5,0.0,0.0,0.0,0.21152286,0.0,42.357655,0.0026247988,0.009072839,-18.133884,-18.327845,-18.614746,-18.902336,-19.867817,99.0,99.0,99.0,99.0,99.0,-17.80092,-18.052917,-18.391422,-18.738869,-19.819435,0.52379906,956
3000115000093,3000115000098,3000115000092,3000115000065,23000300000228,23000300000228,3000115000000,3000115000094,-1,2,23,4.1794686,25.389374,13871,35.85939,21.73323,4.1105647,41424,4,2,0,283.6173,-110.432434,116.33249,36,2.1516418,0.010643452,93.242455,90.67366,0.070676535,0.021690508,0.0,0.0,0.0,0.0,6.0309545E-4,7.454414E-5,0.0,0.0,0.0,0.33587936,0.0,42.357655,0.0026247988,0.009072839,-18.376724,-18.519192,-18.773388,-19.043522,-19.970707,99.0,99.0,99.0,99.0,99.0,-18.043533,-18.244661,-18.550694,-18.880743,-19.922638,0.40314326,287
3000115000094,3000115000098,3000115000093,3000115000066,22000300000236,22000300000236,3000115000000,3000115000095,-1,2,22,4.5195556,18.762316,13871,35.648838,21.74448,4.02721,41424,3,2,0,443.41245,43.193768,211.18593,36,2.1516418,0.010643452,93.242455,90.67366,0.08430264,0.019782186,0.0,0.0,0.0,0.0,6.1016704E-4,5.959487E-5,0.0,0.0,0.0,0.5153851,0.0,42.357655,0.0026247988,0.009072839,-18.592997,-18.700607,-18.932951,-19.190866,-20.085857,99.0,99.0,99.0,99.0,99.0,-18.281397,-18.445593,-18.726776,-19.04028,-20.040657,0.2984161,92
3000115000095,3000115000098,3000115000094,3000115000067,21000300000216,21000300000216,3000115000000,3000115000096,-1,2,21,4.888449,13.081982,13860,35.440483,21.738792,3.8993075,41204,3,2,0,307.0411,13.560015,251.75175,36,2.1516418,0.010643452,93.242455,90.67366,0.10365455,0.017071968,0.0,0.0,0.0,0.0,5.929324E-4,4.2209664E-5,0.0,0.0,0.0,0.7654426,0.0,42.357655,0.0026247988,0.009072839,-18.74005,-18.823898,-19.042162,-19.289747,-20.152227,99.0,99.0,99.0,99.0,99.0,-18.396315,-18.54622,-18.818775,-19.126139,-20.100748,0.2086927,447
3000115000096,3000115000098,3000115000095,3000115000068,20000300000133,20000300000133,3000115000000,3000115000097,-1,2,20,5.2888336,12.307391,13860,35.31122,21.741299,3.753996,41204,3,2,0,197.41917,-25.212662,283.4122,36,2.1516418,0.010643452,93.242455,90.67366,0.13019258,0.013355337,0.0,0.0,0.0,0.0,5.2688183E-4,2.4333403E-5,0.0,0.0,0.0,1.1022375,0.0,42.357655,0.0026247988,0.009072839,-18.784426,-18.833456,-19.033947,-19.25823,-20.061392,99.0,99.0,99.0,99.0,99.0,-18.594488,-18.67655,-18.906662,-19.165203,-20.03384,0.13281414,600
3000115000097,3000115000098,3000115000096,3000115000077,19000300000690,19000300000690,3000115000000,3000115000098,-1,0,19,5.7238646,2.1516418,13860,35.20863,21.755463,3.60681,41204,3,2,0,179.84663,-12.304521,216.3927,36,2.1516418,0.010643452,93.242455,90.67366,0.16541114,0.008423008,0.0,0.021555534,0.15211558,0.0,3.7875512E-4,9.096046E-6,0.0,1.3950687E-5,4.1514395E-5,1.4456481,0.0,42.357655,0.0026247988,0.009072839,-18.637442,-18.620337,-18.769663,-18.918278,-19.52434,99.0,99.0,99.0,99.0,99.0,-18.507507,-18.515667,-18.686186,-18.857609,-19.506203,0.06972293,925
3000115000098,3000115000098,3000115000097,3000115000078,18000300000755,18000300000755,3000115000000,-1,-1,0,18,6.1968336,1.8934448,13883,35.144424,21.766745,3.5437572,41149,3,2,0,186.94162,-8.685486,161.11415,33,1.8934448,0.009534885,92.41417,95.13322,0.1876309,0.0024749918,0.0,0.06596789,0.053630486,0.0,1.2396528E-4,6.95062E-7,0.0,3.7300135E-6,1.8723772E-6,0.6554547,0.0,42.75765,0.002330974,0.007350772,-17.857893,-17.619122,-17.580372,-17.485632,-17.382336,99.0,99.0,99.0,99.0,99.0,-17.836725,-17.60173,-17.566278,-17.475267,-17.379095,0.016103392,47
3000115000099,3000115000115,3000115000027,3000115000028,35000300000476,35000300000476,3000115000000,3000115000100,-1,2,35,1.6302707,158.10263,13871,36.986687,21.627256,5.6907477,41429,4,2,0,237.96948,26.408426,191.98592,39,2.1516418,0.013764029,81.99402,92.95854,0.017009797,0.028259074,0.0,0.0,0.0,0.0,3.1647517E-4,1.6642228E-4,0.0,0.0,0.0,2.5246678E-7,0.0,0.0,0.0010918502,0.013764029,-16.099348,-16.79406,-17.389866,-17.868877,-19.170788,99.0,99.0,99.0,99.0,99.0,-15.592051,-16.369215,-17.041342,-17.611359,-19.093288,2.7626045,413
3000115000100,3000115000115,3000115000099,3000115000029,34000300000441,34000300000441,3000115000000,3000115000101,-1,2,34,1.766336,145.70918,13871,36.8055,21.568861,5.445022,41429,4,2,0,134.77435,-12.688911,638.2802,39,2.1516418,0.013764029,81.99402,92.95854,0.017009797,0.028259074,0.0,0.0,0.0,0.0,3.1647575E-4,1.6642228E-4,0.0,0.0,0.0,2.975182E-7,0.0,0.0,0.0010918502,0.013764029,-16.208822,-16.883457,-17.46685,-17.936966,-19.225697,99.0,99.0,99.0,99.0,99.0,-15.701525,-16.458612,-17.118326,-17.679447,-19.148197,2.4784548,243
3000115000101,3000115000115,3000115000100,3000115000030,33000300000391,33000300000391,3000115000000,3000115000102,-1,2,33,1.9126327,124.537025,13871,36.73559,21.581726,5.221909,41429,4,2,0,149.31172,19.681425,179.04204,39,2.1516418,0.013764029,81.99402,92.95854,0.017009808,0.028259074,0.0,0.0,0.0,0.0,3.164763E-4,1.6642228E-4,0.0,0.0,0.0,1.3186831E-6,0.0,0.0,0.0010918502,0.013764029,-16.317669,-16.97142,-17.541836,-18.001926,-19.276285,99.0,99.0,99.0,99.0,99.0,-15.810369,-16.546576,-17.193312,-17.744406,-19.198786,2.206935,905
3000115000102,3000115000115,3000115000101,3000115000031,32000300000399,32000300000399,3000115000000,3000115000103,-1,2,32,2.0700274,108.270615,13871,36.602943,21.53027,5.225169,41429,4,2,0,204.54552,90.87211,-6.33914,39,2.1516418,0.013764029,81.99402,92.95854,0.017009905,0.028259065,0.0,0.0,0.0,0.0,3.1647735E-4,1.6642202E-4,0.0,0.0,0.0,7.690239E-6,0.0,0.0,0.0010918502,0.013764029,-16.470806,-17.110588,-17.673197,-18.126358,-19.398907,99.0,99.0,99.0,99.0,99.0,-15.963496,-16.685736,-17.324667,-17.868834,-19.321407,1.9482958,500
3000115000103,3000115000115,3000115000102,3000115000032,31000300000376,31000300000376,3000115000000,3000115000104,-1,2,31,2.2394855,97.512405,13871,36.52529,21.517365,5.1413827,41429,4,2,0,104.28451,-21.950546,290.07474,39,2.1516418,0.013764029,81.99402,92.95854,0.017010463,0.028258987,0.0,0.0,0.0,0.0,3.164836E-4,1.6642055E-4,0.0,0.0,0.0,4.1729785E-5,0.0,0.0,0.0010918502,0.013764029,-16.658598,-17.271288,-17.818409,-18.259106,-19.517532,99.0,99.0,99.0,99.0,99.0,-16.151255,-16.846415,-17.469864,-18.00157,-19.440027,1.7026677,441
3000115000104,3000115000115,3000115000103,3000115000033,30000300000340,30000300000340,3000115000000,3000115000105,-1,2,30,2.422044,93.72552,13871,36.462017,21.56202,4.8632545,41425,4,2,0,283.17102,-42.21158,612.8647,39,2.1516418,0.013764029,81.99402,92.95854,0.017013349,0.028258583,0.0,0.0,0.0,0.0,3.1651594E-4,1.6641305E-4,0.0,0.0,0.0,2.0606873E-4,0.0,0.0,0.0010918502,0.013764029,-16.868538,-17.454939,-17.992077,-18.435553,-19.741795,99.0,99.0,99.0,99.0,99.0,-16.360945,-17.029905,-17.643414,-18.17793,-19.66426,1.4701086,372
3000115000105,3000115000115,3000115000104,3000115000034,29000300000268,29000300000268,3000115000000,3000115000106,-1,2,29,2.6188614,92.5206,13871,36.29033,21.5313,4.6535206,41425,4,2,0,217.01833,50.404922,199.16196,39,2.1516418,0.013764029,81.99402,92.95854,0.017026797,0.028256698,0.0,0.0,0.0,0.0,3.16667E-4,1.66378E-4,0.0,0.0,0.0,9.246987E-4,0.0,0.0,0.0010918502,0.013764029,-17.116224,-17.667246,-18.180746,-18.60865,-19.8861,99.0,99.0,99.0,99.0,99.0,-16.607763,-17.241644,-17.831669,-18.35074,-19.808489,1.2505975,500
3000115000106,3000115000115,3000115000105,3000115000035,28000300000224,28000300000224,3000115000000,3000115000107,-1,2,28,2.8311827,89.93863,13871,36.23904,21.563433,4.5800457,41425,4,2,0,-46.19095,-178.10071,51.498875,39,2.1516418,0.013764029,81.99402,92.95854,0.017083606,0.02824874,0.0,0.0,0.0,0.0,3.1730405E-4,1.6623017E-4,0.0,0.0,0.0,0.0037814896,0.0,0.0,0.0010918502,0.013764029,-17.323692,-17.799637,-18.255527,-18.637318,-19.797073,99.0,99.0,99.0,99.0,99.0,-16.81195,-17.371763,-17.904749,-18.378195,-19.719118,1.0441614,600
3000115000107,3000115000115,3000115000106,3000115000036,27000300000190,27000300000190,3000115000000,3000115000108,-1,2,27,3.060419,84.00009,13871,36.308342,21.630182,4.5628543,41425,4,2,0,-18.58806,22.169422,48.41494,39,2.1516418,0.013764029,81.99402,92.95854,0.017301738,0.028218193,0.0,0.0,0.0,0.0,3.19738E-4,1.6566426E-4,0.0,0.0,0.0,0.0141279595,0.0,0.0,0.0010918502,0.013764029,-17.555199,-17.950031,-18.35226,-18.702782,-19.808357,99.0,99.0,99.0,99.0,99.0,-17.038368,-17.517612,-17.997631,-18.440758,-19.729502,0.85100865,792
3000115000108,3000115000115,3000115000107,3000115000037,26000300000178,26000300000178,3000115000000,3000115000109,-1,2,26,3.3080978,60.418102,13871,36.262352,21.563486,4.507771,41425,4,2,0,152.32228,150.24936,217.21878,39,2.1516418,0.013764029,81.99402,92.95854,0.018065052,0.028111296,0.0,0.0,0.0,0.0,3.2810046E-4,1.6370679E-4,0.0,0.0,0.0,0.04835863,0.0,0.0,0.0010918502,0.013764029,-17.844238,-18.160173,-18.516527,-18.846582,-19.921663,99.0,99.0,99.0,99.0,99.0,-17.356337,-17.756847,-18.187918,-18.604939,-19.849627,0.6719794,999
3000115000109,3000115000115,3000115000108,3000115000038,25000300000140,25000300000140,3000115000000,3000115000110,-1,2,25,3.575905,35.803318,13871,36.18761,21.496565,4.2525196,41425,4,2,0,87.79397,116.83518,531.1556,39,2.1516418,0.013764029,81.99402,92.95854,0.020506024,0.02776944,0.0,0.0,0.0,0.0,3.5332478E-4,1.5766942E-4,0.0,0.0,0.0,0.15211372,0.0,0.0,0.0010918502,0.013764029,-18.198965,-18.431078,-18.740673,-19.049198,-20.086098,99.0,99.0,99.0,99.0,99.0,-17.636797,-17.968042,-18.364162,-18.772644,-20.003897,0.5091106,67
3000115000110,3000115000115,3000115000109,3000115000039,24000300000255,24000300000255,3000115000000,3000115000111,-1,2,24,3.8656828,30.553314,13868,36.12677,21.440773,4.0165906,41410,4,2,0,143.0924,78.537476,360.78363,39,2.1516418,0.013764029,81.99402,92.95854,0.027661491,0.026767325,0.0,0.0,0.0,0.0,4.1593134E-4,1.4161624E-4,0.0,0.0,0.0,0.44116345,0.0,0.0,0.0010918502,0.013764029,-18.60264,-18.758331,-19.027498,-19.315662,-20.306618,99.0,99.0,99.0,99.0,99.0,-17.990486,-18.259945,-18.625433,-19.022749,-20.220947,0.36634332,173
3000115000111,3000115000115,3000115000110,3000115000055,23000300001875,23000300001875,3000115000000,3000115000112,-1,0,23,4.1794686,2.1516418,13859,36.046787,21.424181,3.81586,41190,4,2,0,97.35187,17.619377,339.8368,39,2.1516418,0.013764029,81.99402,92.95854,0.04695482,0.024065312,0.0,0.0,0.32084504,0.0,5.246696E-4,1.0693842E-4,0.0,0.0,6.2750967E-4,1.1839383,0.0,0.0,0.0010918502,0.013764029,-19.012144,-19.092316,-19.316654,-19.57077,-20.497562,99.0,99.0,99.0,99.0,99.0,-18.394989,-18.584352,-18.904364,-19.268806,-20.408081,0.25062314,946
3000115000112,3000115000115,3000115000111,3000115000056,22000300001454,22000300001454,3000115000000,3000115000113,-1,0,22,4.5195556,2.5819702,13859,35.974064,21.434086,3.6440763,41190,4,2,0,98.28994,6.777147,314.82645,44,2.5819702,0.013742091,89.89162,90.82278,0.0948849,0.017338686,0.0,0.0039771553,0.27964166,0.0,5.7424407E-4,5.1910887E-5,0.0,7.4775717E-6,2.789298E-4,0.8912319,0.0,41.05463,0.0020125126,0.0066462164,-18.932919,-18.991615,-19.192013,-19.42578,-20.27712,99.0,99.0,99.0,99.0,99.0,-18.679338,-18.791254,-19.03335,-19.310455,-20.239779,0.1806729,445
3000115000113,3000115000115,3000115000112,3000115000057,21000300001437,21000300001437,3000115000000,3000115000114,-1,0,21,4.888449,2.4098387,13859,35.955376,21.445673,3.4797728,41190,4,2,0,94.06026,-5.141084,298.99612,37,2.4098387,0.0126013355,90.68922,88.8544,0.11222643,0.012652035,0.0,0.0037301185,0.24719201,0.0,4.8508123E-4,2.7098982E-5,0.0,4.4079065E-6,1.4930851E-4,1.6149756,0.0,40.925575,0.0016205952,0.0046884017,-19.047491,-19.076256,-19.263256,-19.466688,-20.251053,99.0,99.0,99.0,99.0,99.0,-18.798008,-18.874,-19.100935,-19.346006,-20.211372,0.096811,992
3000115000114,3000115000115,3000115000113,3000115000058,20000300001577,20000300001577,3000115000000,3000115000115,-1,0,20,5.2888336,1.8934448,13859,35.875114,21.431986,3.3536465,41190,4,2,0,91.35368,-6.779738,271.74356,28,1.8934448,0.010897116,86.44513,87.5004,0.13844593,0.004810478,0.0,0.034957707,0.118348286,0.0,2.2522833E-4,3.890972E-6,0.0,8.07077E-6,1.5992977E-5,1.060896,0.0,42.4197,0.0018054054,0.01006279,-18.431751,-18.33723,-18.426653,-18.503471,-18.92757,99.0,99.0,99.0,99.0,99.0,-18.338097,-18.263369,-18.368328,-18.460537,-18.913366,0.039026856,879
3000115000115,3000115000115,3000115000114,3000115000059,19000300001847,19000300001847,3000115000000,-1,-1,0,19,5.7238646,0.516394,13859,35.821747,21.441006,3.2231371,41190,4,2,0,85.64765,-2.1908906,263.4522,22,0.516394,0.0066143363,57.945198,74.75364,0.061899677,6.314534E-5,0.0,0.0052039074,0.0041347654,0.0,3.3112647E-6,1.389104E-9,0.0,7.243357E-9,3.541556E-9,0.015347292,0.0,40.960365,0.0040405947,0.004958564,-13.942068,-13.635439,-13.536444,-13.341115,-12.961049,99.0,99.0,99.0,99.0,99.0,-13.942011,-13.63539,-13.536404,-13.341083,-12.961035,0.011402578,186
3000115000116,3000115000135,3000115000015,3000115000016,47000300000764,47000300000764,3000115000000,3000115000117,-1,2,47,0.5641766,256.30356,13865,38.142998,21.572067,7.5030956,41469,4,2,0,246.72905,-80.59942,523.5065,27,0.9467224,0.014009321,53.910423,55.463192,0.06578325,0.0,0.0,0.0,0.0,0.0,0.0,0.0,0.0,0.0,0.0,0.0,0.0,41.310642,0.0064484314,0.013547325,99.0,99.0,99.0,99.0,99.0,99.0,99.0,99.0,99.0,99.0,99.0,99.0,99.0,99.0,99.0,0.0,384
3000115000117,3000115000135,3000115000116,3000115000017,46000300000695,46000300000695,3000115000000,3000115000118,-1,2,46,0.6235901,249.67651,13865,38.037342,21.596418,7.275003,41468,4,2,0,228.13147,-29.56899,495.25577,27,0.9467224,0.014009321,53.910423,55.463192,0.06578325,0.0,0.0,0.0,0.0,0.0,0.0,0.0,0.0,0.0,0.0,0.0,0.0,41.310642,0.0064484314,0.013547325,99.0,99.0,99.0,99.0,99.0,99.0,99.0,99.0,99.0,99.0,99.0,99.0,99.0,99.0,99.0,0.0,900
3000115000118,3000115000135,3000115000117,3000115000128,45000300000688,45000300000686,3000115000000,3000115000119,-1,2,45,0.6871088,237.45518,13865,37.93553,21.600624,7.052859,41468,4,2,0,211.22614,12.943473,461.73636,27,0.9467224,0.014009321,53.910423,55.463192,0.06578325,0.0,0.0,0.0,0.0,0.0,0.0,0.0,0.0,0.0,0.0,0.0,0.0,41.310642,0.0064484314,0.013547325,99.0,99.0,99.0,99.0,99.0,99.0,99.0,99.0,99.0,99.0,99.0,99.0,99.0,99.0,99.0,0.0,44
3000115000119,3000115000135,3000115000118,3000115000129,44000300000697,44000300000695,3000115000000,3000115000120,-1,2,44,0.75503564,231.60272,13865,37.83907,21.584032,6.844522,41468,4,2,0,194.53304,54.201916,409.6695,27,0.9467224,0.014009321,53.910423,55.463192,0.06578325,0.0,0.0,0.0,0.0,0.0,0.0,0.0,0.0,0.0,0.0,0.0,0.0,41.310642,0.0064484314,0.013547325,99.0,99.0,99.0,99.0,99.0,99.0,99.0,99.0,99.0,99.0,99.0,99.0,99.0,99.0,99.0,0.0,41
3000115000120,3000115000135,3000115000119,3000115000130,43000300000713,43000300000712,3000115000000,3000115000121,-1,2,43,0.8276991,236.33633,13865,37.746674,21.552336,6.656477,41464,4,2,0,173.85027,84.61397,358.02423,27,0.9467224,0.014009321,53.910423,55.463192,0.06578325,0.0,0.0,0.0,0.0,0.0,0.0,0.0,0.0,0.0,0.0,0.0,0.0,41.310642,0.0064484314,0.013547325,99.0,99.0,99.0,99.0,99.0,99.0,99.0,99.0,99.0,99.0,99.0,99.0,99.0,99.0,99.0,0.0,652
3000115000121,3000115000135,3000115000120,3000115000131,42000300000694,42000300000693,3000115000000,3000115000122,-1,2,42,0.9054624,240.12323,13865,37.6621,21.497143,6.4903336,41464,4,2,0,163.5608,131.45354,297.29257,27,0.9467224,0.014009321,53.910423,55.463192,0.06578325,0.0,0.0,0.0,0.0,0.0,0.0,0.0,0.0,0.0,0.0,0.0,0.0,41.310642,0.0064484314,0.013547325,99.0,99.0,99.0,99.0,99.0,99.0,99.0,99.0,99.0,99.0,99.0,99.0,99.0,99.0,99.0,0.0,749
3000115000122,3000115000135,3000115000121,3000115000132,41000300000605,41000300000604,3000115000000,3000115000123,-1,2,41,0.98870814,244.68471,13866,37.580406,21.422615,6.3626614,41450,4,2,0,155.81964,152.16098,196.07791,27,0.9467224,0.014009321,53.910423,55.463192,0.06578325,0.0,0.0,0.0,0.0,0.0,0.0,0.0,0.0,0.0,0.0,0.0,0.0,41.310642,0.0064484314,0.013547325,99.0,99.0,99.0,99.0,99.0,99.0,99.0,99.0,99.0,99.0,99.0,99.0,99.0,99.0,99.0,0.0,785
3000115000123,3000115000135,3000115000122,3000115000133,40000300000571,40000300000570,3000115000000,3000115000124,-1,2,40,1.0778745,242.44699,13866,37.495255,21.346119,6.2957897,41450,4,2,0,171.98732,127.45012,62.173347,27,0.9467224,0.014009321,53.910423,55.463192,0.06578325,0.0,0.0,0.0,0.0,0.0,0.0,0.0,0.0,0.0,0.0,0.0,0.0,41.310642,0.0064484314,0.013547325,99.0,99.0,99.0,99.0,99.0,99.0,99.0,99.0,99.0,99.0,99.0,99.0,99.0,99.0,99.0,0.0,850
3000115000124,3000115000135,3000115000123,3000115000134,39000300000533,39000300000531,3000115000000,3000115000125,-1,2,39,1.173417,231.94699,13866,37.393112,21.309643,6.302394,41450,4,2,0,210.23303,-24.879845,-70.81917,27,0.9467224,0.014009321,53.910423,55.463192,0.06578325,0.0,0.0,0.0,0.0,0.0,0.0,0.0,0.0,0.0,0.0,0.0,0.0,41.310642,0.0064484314,0.013547325,99.0,99.0,99.0,99.0,99.0,99.0,99.0,99.0,99.0,99.0,99.0,99.0,99.0,99.0,99.0,0.0,811
3000115000125,3000115000135,3000115000124,3000115000135,38000300000477,38000300000476,3000115000000,3000115000126,-1,2,38,1.2758462,220.24205,13866,37.2892,21.40609,6.340016,41450,4,2,0,163.22287,-344.12216,-25.602613,27,0.9467224,0.014009321,53.910423,55.463192,0.06578325,0.0,0.0,0.0,0.0,0.0,0.0,0.0,0.0,0.0,0.0,0.0,0.0,41.310642,0.0064484314,0.013547325,99.0,99.0,99.0,99.0,99.0,99.0,99.0,99.0,99.0,99.0,99.0,99.0,99.0,99.0,99.0,0.0,900
3000115000126,3000115000135,3000115000125,3000115000136,37000300000475,37000300000474,3000115000000,3000115000127,-1,2,37,1.3857181,189.68874,13865,37.224064,21.65632,6.2982793,41464,4,2,0,60.522858,-439.318,190.79854,27,0.9467224,0.014009321,53.910423,55.463192,0.06578325,0.0,0.0,0.0,0.0,0.0,0.0,0.0,0.0,0.0,0.0,0.0,0.0,41.310642,0.0064484314,0.013547325,99.0,99.0,99.0,99.0,99.0,99.0,99.0,99.0,99.0,99.0,99.0,99.0,99.0,99.0,99.0,0.0,145
3000115000127,3000115000135,3000115000126,3000115000137,36000300000459,36000300000458,3000115000000,3000115000128,-1,2,36,1.5036365,169.9797,13865,37.187428,21.859074,6.179098,41464,4,2,0,77.12774,-305.23758,208.0034,27,0.9467224,0.014009321,53.910423,55.463192,0.06578325,0.0,0.0,0.0,0.0,0.0,0.0,0.0,0.0,0.0,0.0,0.0,0.0,41.310642,0.0064484314,0.013547325,99.0,99.0,99.0,99.0,99.0,99.0,99.0,99.0,99.0,99.0,99.0,99.0,99.0,99.0,99.0,0.0,550
3000115000128,3000115000135,3000115000127,3000115000138,35000300001072,35000300001072,3000115000000,3000115000129,-1,2,35,1.6302707,22.979534,13865,37.14213,22.013887,6.065474,41464,4,2,0,65.89642,-231.85919,206.60884,27,0.9467224,0.014009321,53.910423,55.463192,0.06578325,0.0,0.0,0.0,0.0,0.0,0.0,0.0,0.0,0.0,0.0,0.0,0.0,41.310642,0.0064484314,0.013547325,99.0,99.0,99.0,99.0,99.0,99.0,99.0,99.0,99.0,99.0,99.0,99.0,99.0,99.0,99.0,0.0,934
3000115000129,3000115000135,3000115000128,3000115000139,34000300001079,34000300001079,3000115000000,3000115000130,-1,2,34,1.766336,21.602484,13870,37.103462,22.124409,5.948162,41457,4,2,0,75.77414,-158.00008,201.3304,27,0.9467224,0.014009321,53.910423,55.463192,0.06578325,0.0,0.0,0.0,0.0,0.0,0.0,0.0,0.0,0.0,0.0,0.0,0.0,41.310642,0.0064484314,0.013547325,99.0,99.0,99.0,99.0,99.0,99.0,99.0,99.0,99.0,99.0,99.0,99.0,99.0,99.0,99.0,0.0,488
3000115000130,3000115000135,3000115000129,3000115000140,33000300001068,33000300001068,3000115000000,3000115000131,-1,2,33,1.9126327,20.655762,13871,37.050785,22.193552,5.8396444,41429,4,2,0,111.5704,-92.11573,180.42084,27,0.9467224,0.014009321,53.910423,55.463192,0.06578325,0.0,0.0,0.0,0.0,0.0,0.0,0.0,0.0,0.0,0.0,0.0,0.0,41.310642,0.0064484314,0.013547325,99.0,99.0,99.0,99.0,99.0,99.0,99.0,99.0,99.0,99.0,99.0,99.0,99.0,99.0,99.0,0.0,484
3000115000131,3000115000135,3000115000130,3000115000141,32000300001010,32000300001010,3000115000000,3000115000132,-1,2,32,2.0700274,19.364777,13871,36.962307,22.240463,5.7350025,41429,4,2,0,215.86142,-78.22274,170.4585,27,0.9467224,0.014009321,53.910423,55.463192,0.06578325,0.0,0.0,0.0,0.0,0.0,0.0,0.0,0.0,0.0,0.0,0.0,0.0,41.310642,0.0064484314,0.013547325,99.0,99.0,99.0,99.0,99.0,99.0,99.0,99.0,99.0,99.0,99.0,99.0,99.0,99.0,99.0,0.0,963
3000115000132,3000115000135,3000115000131,3000115000142,31000300001067,31000300001067,3000115000000,3000115000133,-1,2,31,2.2394855,18.590185,13871,36.80028,22.274487,5.621714,41429,4,2,0,304.72104,-88.19998,247.03711,27,0.9467224,0.014009321,53.910423,55.463192,0.06578325,0.0,0.0,0.0,0.0,0.0,0.0,0.0,0.0,0.0,0.0,0.0,0.0,41.310642,0.0064484314,0.013547325,99.0,99.0,99.0,99.0,99.0,99.0,99.0,99.0,99.0,99.0,99.0,99.0,99.0,99.0,99.0,0.0,414
3000115000133,3000115000135,3000115000132,3000115000143,30000300000940,30000300000940,3000115000000,3000115000134,-1,2,30,2.422044,18.848381,13871,36.648045,22.34779,5.479931,41429,4,2,0,227.66438,-144.76501,260.0206,27,0.9467224,0.014009321,53.910423,55.463192,0.06578325,0.0,0.0,0.0,0.0,0.0,0.0,0.0,0.0,0.0,0.0,0.0,0.0,41.310642,0.0064484314,0.013547325,99.0,99.0,99.0,99.0,99.0,99.0,99.0,99.0,99.0,99.0,99.0,99.0,99.0,99.0,99.0,0.0,178
3000115000134,3000115000135,3000115000133,3000115000144,29000300000885,29000300000885,3000115000000,3000115000135,-1,2,29,2.6188614,17.47133,13871,36.528034,22.432148,5.3227406,41429,4,2,0,196.05528,-154.62596,284.58063,27,0.9467224,0.014009321,53.910423,55.463192,0.06578325,0.0,0.0,0.0,0.0,0.0,0.0,0.0,0.0,0.0,0.0,0.0,0.0,41.310642,0.0064484314,0.013547325,99.0,99.0,99.0,99.0,99.0,99.0,99.0,99.0,99.0,99.0,99.0,99.0,99.0,99.0,99.0,0.0,315
3000115000135,3000115000135,3000115000134,3000115000157,28000300004143,28000300004143,3000115000000,-1,-1,0,28,2.8311827,0.9467224,13871,36.470318,22.561918,5.162224,41431,4,2,0,137.27913,-189.80626,284.15686,27,0.9467224,0.014009321,53.910423,55.463192,0.06578325,0.0,0.0,0.015737802,0.0,0.0,0.0,0.0,0.0,0.0,0.0,0.0,0.0,41.310642,0.0064484314,0.013547325,99.0,99.0,99.0,99.0,99.0,99.0,99.0,99.0,99.0,99.0,99.0,99.0,99.0,99.0,99.0,0.0,169
