haloID,subHaloID,lastProgenitorId,treeId,snapNum,redshift,firstProgenitorId,nextProgenitorId,descendantId,firstHaloInFOFgroupId,nextHaloInFOFgroupId,np,m_Mean200,m_Crit200,m_TopHat,phKey,x,y,z,zIndex,ix,iy,iz,velX,velY,velZ,velDisp,vMax,spinX,spinY,spinZ,mostBoundID,fileNr,subhaloIndex,halfmassRadius,random
7002537000000,63000700003079,7002537000020,7002537000000,63,0.0,7002537000001,-1,-1,7002537000000,-1,28,2.4959044,1.8073791,2.2377074,29600,8.386851,29.237312,35.918743,141186,0,3,4,34.352364,-98.096985,-132.44025,23.171648,48.359688,0.09292032,0.022137538,0.1411668,16238253,7,3079,0.02777389,15
7002537000001,62000700003105,7002537000020,7002537000000,62,0.019932542,7002537000002,-1,7002537000000,7002537000001,-1,28,2.4959044,1.8073791,2.1516418,29600,8.382242,29.262386,35.94687,141186,0,3,4,34.622284,-99.05148,-133.98132,23.197868,49.47578,0.09566047,0.023193903,0.14093697,16238243,7,3105,0.027086822,454
7002537000002,61000700003043,7002537000020,7002537000000,61,0.041403063,7002537000003,-1,7002537000001,7002537000002,-1,29,2.3237731,1.6352477,2.1516418,29600,8.373158,29.289675,35.976288,141186,0,3,4,35.216553,-99.00496,-135.3984,22.326202,49.46652,0.121120244,0.054356873,0.22181383,16238243,7,3043,0.027574055,112
7002537000003,60000700003112,7002537000020,7002537000000,60,0.064493395,7002537000004,-1,7002537000002,7002537000003,-1,29,2.2377074,1.549182,2.065576,29607,8.367992,29.319523,36.01043,141200,0,3,4,35.586063,-99.805374,-136.69287,22.243006,50.394875,0.12417929,0.055771116,0.22296332,16238246,7,3112,0.032281775,622
7002537000004,59000700003306,7002537000020,7002537000000,59,0.08928783,7002537000005,-1,7002537000003,7002537000004,-1,26,2.2377074,1.4631164,1.8073791,29607,8.359699,29.343315,36.04661,141200,0,3,4,35.45677,-102.69734,-136.71228,23.358763,50.281216,0.11482397,-0.015106884,0.08204796,16238253,7,3306,0.03294223,344
7002537000005,58000700003141,7002537000020,7002537000000,58,0.11588337,7002537000006,-1,7002537000004,7002537000005,-1,28,2.1516418,0.9467224,1.7213135,29607,8.348471,29.376823,36.08551,141200,0,3,4,36.398388,-101.89925,-137.41605,20.810232,38.8374,0.12582107,-0.022535034,0.08785509,16238243,7,3141,0.038386166,240
7002537000006,57000700003096,7002537000020,7002537000000,57,0.14438343,7002537000007,-1,7002537000005,7002537000006,-1,29,2.3237731,1.7213135,2.1516418,29607,8.346509,29.38061,36.096504,141200,0,3,4,38.86455,-101.8786,-137.88155,20.286919,43.066467,0.12314991,-0.16234143,0.082010955,16238253,7,3096,0.032978028,69
7002537000007,56000700003199,7002537000020,7002537000000,56,0.17489761,7002537000008,-1,7002537000006,7002537000007,-1,28,2.1516418,1.3770508,1.9795104,29607,8.331187,29.42796,36.16498,141204,0,3,4,39.72872,-103.53126,-140.33595,21.626917,43.66223,0.09928064,-0.16798355,0.031757575,16238243,7,3199,0.036415495,272
7002537000008,55000700002816,7002537000020,7002537000000,55,0.20754863,7002537000009,-1,7002537000007,7002537000008,-1,33,2.2377074,1.4631164,1.9795104,29607,8.325234,29.45058,36.203865,141204,0,3,4,40.00628,-106.40321,-138.84186,24.535881,49.00858,0.3169101,-0.11231037,0.09711751,16238246,7,2816,0.036688183,203
7002537000009,54000700002759,7002537000020,7002537000000,54,0.24246909,7002537000010,-1,7002537000008,7002537000009,-1,33,2.4098387,1.2909851,1.8934448,29607,8.310656,29.479134,36.242126,141204,0,3,4,38.710102,-107.853424,-140.02867,25.053461,51.455788,0.27224365,0.13851154,0.066810936,16238248,7,2759,0.037674744,388
7002537000010,53000700002613,7002537000020,7002537000000,53,0.2798018,7002537000011,-1,7002537000009,7002537000010,-1,37,1.9795104,1.3770508,1.7213135,29607,8.303037,29.510748,36.278923,141204,0,3,4,39.083702,-111.62632,-142.59685,24.251495,45.216736,0.43965015,0.068539284,0.23896384,16238248,7,2613,0.04554062,108
7002537000011,52000700002550,7002537000020,7002537000000,52,0.31970343,7002537000012,-1,7002537000010,7002537000011,-1,39,2.065576,1.2909851,1.4631164,29607,8.294263,29.54717,36.32301,141204,0,3,4,40.772892,-111.81674,-142.48972,23.89985,42.695614,0.48097485,0.0503202,0.252075,16238243,7,2550,0.04656346,672
7002537000012,51000700002545,7002537000020,7002537000000,51,0.36234027,7002537000013,-1,7002537000011,7002537000012,-1,40,1.7213135,1.032788,1.2909851,29607,8.285651,29.583193,36.37581,141204,0,3,4,41.297153,-113.71018,-143.27032,23.79704,43.621765,0.51651603,0.02775703,0.27053225,16238242,7,2545,0.050384432,515
7002537000013,50000700003030,7002537000020,7002537000000,50,0.40789944,7002537000014,-1,7002537000012,7002537000013,-1,32,2.3237731,1.2909851,1.8934448,29607,8.228252,29.66752,36.448345,141204,0,3,4,40.509632,-110.69164,-141.21101,25.114767,44.49734,0.34971762,0.06355094,0.19791481,16238243,7,3030,0.039354004,575
7002537000014,49000700002582,7002537000020,7002537000000,49,0.45657724,7002537000015,-1,7002537000013,7002537000014,-1,38,2.4098387,2.3237731,2.3237731,29607,8.230723,29.691725,36.5085,141204,0,3,4,42.966793,-114.048416,-144.1731,28.233332,52.683952,0.4474866,0.03466124,0.20931493,16238246,7,2582,0.032026947,659
7002537000015,48000700002751,7002537000020,7002537000000,48,0.5085914,7002537000016,-1,7002537000014,7002537000015,-1,35,3.0122986,1.2049193,2.7541015,29607,8.216234,29.714287,36.546436,141204,0,3,4,45.008595,-114.60029,-144.391,32.451904,62.59193,0.400787,0.13996468,0.2948059,16238246,7,2751,0.035957552,458
7002537000016,47000700002612,7002537000020,7002537000000,47,0.5641766,7002537000017,-1,7002537000015,7002537000016,-1,35,2.7541015,2.2377074,2.6680357,29607,8.19154,29.754545,36.62329,141204,0,3,4,43.42296,-117.74173,-144.07703,30.401075,51.063164,0.49816307,0.07019782,0.24296488,16238253,7,2612,0.03168705,355
7002537000017,46000700002820,7002537000020,7002537000000,46,0.6235901,7002537000018,-1,7002537000016,7002537000017,-1,32,2.5819702,1.9795104,2.4959044,29607,8.145348,29.815763,36.709366,141204,0,3,4,45.218422,-117.368965,-143.35999,29.871315,49.44699,0.44351336,0.07996295,0.27503413,16238249,7,2820,0.027692258,462
7002537000018,45000700003495,7002537000020,7002537000000,45,0.6871088,7002537000019,-1,7002537000017,7002537000018,-1,27,2.065576,1.1188537,1.9795104,29607,8.128502,29.894564,36.74997,141204,0,3,4,45.78871,-123.68193,-145.18272,30.976913,46.910202,0.22257915,0.029616075,0.24784869,16238246,7,3495,0.031223016,843
7002537000019,44000700003245,7002537000020,7002537000000,44,0.75503564,7002537000020,-1,7002537000018,7002537000019,-1,29,1.4631164,1.2049193,1.4631164,29607,8.096063,29.966883,36.850956,141204,0,3,4,43.939632,-123.075966,-139.87793,27.6355,46.062325,0.3531413,-0.0058022374,0.20079486,16238229,7,3245,0.031613436,896
7002537000020,43000700003251,7002537000020,7002537000000,43,0.8276991,-1,-1,7002537000019,7002537000020,-1,29,1.2909851,1.1188537,1.2909851,29607,8.077365,30.023188,36.927593,141204,0,3,4,42.358593,-121.91665,-137.13733,25.555634,44.292534,0.35265157,-0.012197795,0.19810033,16238229,7,3251,0.03155841,98
