galaxyID,lastProgenitorId,descendantId,haloID,subHaloID,fofID,treeId,firstProgenitorId,nextProgenitorId,type,snapnum,redshift,centralMvir,phkey,x,y,z,zIndex,ix,iy,iz,velX,velY,velZ,np,mvir,rvir,vvir,vmax,coldGas,stellarMass,bulgeMass,hotGas,ejectedMass,blackHoleMass,metalsColdGas,metalsStellarMass,metalsBulgeMass,metalsHotGas,metalsEjectedMass,sfr,sfrBulge,xrayLum,diskRadius,coolingRadius,mag_b,mag_v,mag_r,mag_i,mag_k,mag_bBulge,mag_vBulge,mag_rBulge,mag_iBulge,mag_kBulge,mag_bDust,mag_vDust,mag_rDust,mag_iDust,mag_kDust,massWeightedAge,random
7001609000000,7001609000019,-1,7001609000000,63000700002078,63000700002078,7001609000000,7001609000001,-1,0,63,0.0,0.86065674,30195,26.151009,28.429556,43.60669,147338,2,3,4,187.90924,51.17424,-130.55496,47,0.86065674,0.033326507,33.326527,41.774384,0.12464887,0.007788968,0.0,0.0,0.05082767,0.0,3.3813954E-4,9.967369E-6,0.0,0.0,5.908904E-5,0.0027621416,0.0,0.0,0.01889686,0.033326507,-15.201472,-15.736021,-16.243113,-16.64827,-17.73533,99.0,99.0,99.0,99.0,99.0,-15.200796,-15.73548,-16.242682,-16.647957,-17.73524,2.7942624,624
7001609000001,7001609000019,7001609000000,7001609000001,62000700002195,62000700002195,7001609000000,7001609000002,-1,0,62,0.019932542,0.774591,30195,26.11525,28.422895,43.63274,147338,2,3,4,187.97093,50.567715,-130.83997,43,0.774591,0.032014474,32.25767,41.016598,0.12486506,0.0077586905,0.0,0.0,0.05064175,0.0,3.3713115E-4,9.885439E-6,0.0,0.0,5.8585847E-5,0.0030116918,0.0,0.0,0.01942909,0.032014474,-15.328854,-15.842485,-16.336815,-16.734554,-17.811716,99.0,99.0,99.0,99.0,99.0,-15.328217,-15.841974,-16.336407,-16.734259,-17.81163,2.541218,834
7001609000002,7001609000019,7001609000001,7001609000002,61000700002235,61000700002235,7001609000000,7001609000003,-1,0,61,0.041403063,1.032788,30195,26.069849,28.412115,43.65326,147338,2,3,4,188.92528,50.269127,-133.96837,43,1.032788,0.035040777,35.603172,41.72643,0.12511177,0.007724121,0.0,9.8176395E-5,0.05042957,0.0,3.359763E-4,9.7923685E-6,0.0,1.16125314E-7,5.801431E-5,0.001663203,0.0,37.2106,0.018098434,0.00285156,-15.478786,-15.965505,-16.442291,-16.830383,-17.888968,99.0,99.0,99.0,99.0,99.0,-15.47807,-15.964924,-16.441824,-16.830046,-17.888868,2.2761128,93
7001609000003,7001609000019,7001609000002,7001609000003,60000700002396,60000700002396,7001609000000,7001609000004,-1,0,60,0.064493395,1.1188537,30195,25.998909,28.410234,43.68604,147338,2,3,4,187.64023,51.05599,-132.87415,40,1.1188537,0.03576789,36.678364,43.699432,0.12525232,0.0077041998,0.0,0.0,0.052280962,0.0,3.3530756E-4,9.73896E-6,0.0,0.0,6.0018883E-5,0.017077206,0.0,0.0,0.0148514835,0.03576789,-15.867205,-16.252163,-16.67449,-17.033335,-18.046772,99.0,99.0,99.0,99.0,99.0,-15.865379,-16.250864,-16.673521,-17.032652,-18.04658,1.993769,180
7001609000004,7001609000019,7001609000003,7001609000004,59000700002321,59000700002321,7001609000000,7001609000005,-1,0,59,0.08928783,1.9795104,30195,25.967424,28.396456,43.711548,147338,2,3,4,188.74661,51.74415,-135.1824,39,1.9795104,0.042968404,44.511707,45.03069,0.12677097,0.0074915118,0.0,0.0,0.050974973,0.0,3.2811388E-4,9.179516E-6,0.0,0.0,5.657791E-5,0.027005643,0.0,0.0,0.012271658,0.042968404,-16.083685,-16.41906,-16.8099,-17.149385,-18.124748,99.0,99.0,99.0,99.0,99.0,-16.081863,-16.417675,-16.808828,-17.148617,-18.124527,1.746762,850
7001609000005,7001609000019,7001609000004,7001609000005,58000700002299,58000700002299,7001609000000,7001609000006,-1,0,58,0.11588337,1.7213135,30195,25.922709,28.384123,43.74263,147338,2,3,4,187.50354,50.163204,-136.23691,39,1.7213135,0.040708177,42.644115,44.482075,0.12926035,0.0071428777,0.0,0.0,0.048834234,0.0,3.1603535E-4,8.303475E-6,0.0,0.0,5.1183364E-5,0.04355599,0.0,0.0,0.0114939455,0.040708177,-16.299181,-16.57944,-16.932966,-17.24767,-18.168568,99.0,99.0,99.0,99.0,99.0,-16.297209,-16.577902,-16.93176,-17.246801,-18.168312,1.5140638,994
7001609000006,7001609000019,7001609000005,7001609000006,57000700002428,57000700002428,7001609000000,7001609000007,-1,0,57,0.14438343,1.8073791,30195,25.876144,28.383427,43.79242,147338,2,3,4,186.90134,52.36009,-138.57628,35,1.8073791,0.041038096,43.521214,47.12556,0.13340908,0.0065618553,0.0,0.0,0.045266546,0.0,2.9513068E-4,6.9542493E-6,0.0,0.0,4.2857115E-5,0.049757868,0.0,0.0,0.011330582,0.041038096,-16.387455,-16.632011,-16.956396,-17.249903,-18.110538,99.0,99.0,99.0,99.0,99.0,-16.385242,-16.630333,-16.955097,-17.24897,-18.110256,1.313089,679
7001609000007,7001609000019,7001609000006,7001609000007,56000700002517,56000700002517,7001609000000,7001609000008,-1,0,56,0.17489761,1.8934448,30195,25.819763,28.367914,43.82248,147338,2,3,4,188.24187,51.746243,-141.67415,36,1.8934448,0.041306015,44.40068,46.723778,0.13829106,0.0058781407,0.0,0.0,0.041068293,0.0,2.6931884E-4,5.5372943E-6,0.0,0.0,3.4100904E-5,0.07405341,0.0,0.0,0.010244403,0.041306015,-16.560577,-16.745157,-17.026312,-17.292126,-18.086977,99.0,99.0,99.0,99.0,99.0,-16.55787,-16.743132,-17.024754,-17.291006,-18.086626,1.1160161,77
7001609000008,7001609000019,7001609000007,7001609000008,55000700002516,55000700002516,7001609000000,7001609000009,-1,0,55,0.20754863,2.1516418,30195,25.756023,28.328953,43.88191,147338,2,3,4,190.22763,53.409615,-146.64467,36,2.1516418,0.042680483,46.56293,48.640564,0.14575315,0.004833082,0.0,0.0,0.034651272,0.0,2.2744344E-4,3.7161776E-6,0.0,0.0,2.2794322E-5,0.09930662,0.0,0.0,0.009557087,0.042680483,-16.635612,-16.763893,-17.00643,-17.248257,-17.9856,99.0,99.0,99.0,99.0,99.0,-16.63387,-16.762527,-17.005352,-17.24748,-17.985363,0.9806909,843
7001609000009,7001609000019,7001609000008,7001609000009,54000700002830,54000700002830,7001609000000,7001609000010,-1,0,54,0.24246909,1.3770508,30195,25.702497,28.303518,43.898483,147336,2,3,4,192.21632,51.68962,-145.46622,32,1.3770508,0.03638473,40.344593,45.01005,0.15600003,0.0033980154,0.0,0.0,0.025839455,0.0,1.6540427E-4,1.8577244E-6,0.0,0.0,1.1162145E-5,0.115524076,0.0,0.0,0.00954385,0.03638473,-16.504065,-16.577208,-16.787159,-17.004398,-17.673643,99.0,99.0,99.0,99.0,99.0,-16.502653,-16.576134,-16.78633,-17.00381,-17.673464,0.9723458,200
7001609000010,7001609000019,7001609000009,7001609000010,53000700002809,53000700002809,7001609000000,7001609000011,-1,0,53,0.2798018,0.9467224,30195,25.634695,28.277895,43.949535,147340,2,3,4,191.10558,48.851482,-143.06828,34,0.9467224,0.03173407,35.81941,47.189697,0.16816996,0.0016936258,0.0,0.0,0.015373902,0.0,8.5317515E-5,5.512816E-7,0.0,0.0,2.8505742E-6,0.03544792,0.0,0.0,0.016960138,0.03173407,-15.249182,-15.351561,-15.596592,-15.835907,-16.537828,99.0,99.0,99.0,99.0,99.0,-15.24907,-15.351477,-15.596528,-15.835862,-16.537815,1.4138303,384
7001609000011,7001609000019,7001609000010,7001609000011,52000700002718,52000700002718,7001609000000,7001609000012,-1,0,52,0.31970343,2.4959044,30195,25.572145,28.279001,44.02604,147340,2,3,4,190.69717,47.901814,-144.00981,34,2.4959044,0.043274,49.80471,50.886986,0.108687826,0.001161263,0.0,0.07149079,0.012197735,0.0,5.8687692E-5,3.273915E-7,0.0,2.2520969E-7,1.459984E-6,0.0,0.0,41.481625,0.012118458,0.042503882,-13.605712,-14.035527,-14.47797,-14.826632,-15.743613,99.0,99.0,99.0,99.0,99.0,-13.605621,-14.035452,-14.477909,-14.826588,-15.743601,1.6173632,826
7001609000012,7001609000019,7001609000011,7001609000012,51000700002731,51000700002731,7001609000000,7001609000013,-1,0,51,0.36234027,1.1188537,30195,25.491243,28.251236,44.093773,147340,2,3,4,191.17609,45.833538,-144.37439,34,1.1188537,0.03265297,38.38798,45.665344,0.09955492,0.001161263,0.0,3.8729817E-5,0.014284778,0.0,5.8658E-5,3.273915E-7,0.0,5.1005022E-9,1.7097885E-6,6.789286E-4,0.0,36.537613,0.013547582,0.0010660298,-13.928014,-14.298061,-14.693469,-15.006423,-15.831004,99.0,99.0,99.0,99.0,99.0,-13.927933,-14.297996,-14.693416,-15.006384,-15.830994,1.2510897,81
7001609000013,7001609000019,7001609000012,7001609000013,50000700002697,50000700002697,7001609000000,7001609000014,-1,0,50,0.40789944,0.6885254,30195,25.421549,28.240126,44.159595,147340,2,3,4,194.17424,44.13488,-145.19502,37,0.6885254,0.027348224,32.905266,44.54488,0.099629104,0.0011507933,0.0,1.2656617E-4,0.014976877,0.0,5.8150734E-5,3.2125328E-7,0.0,1.4969261E-8,1.7713485E-6,0.0,0.0,37.361073,0.018752888,0.0023943626,-14.247924,-14.508398,-14.812643,-15.073477,-15.775702,99.0,99.0,99.0,99.0,99.0,-14.247883,-14.508365,-14.812616,-15.073458,-15.775697,0.8901596,671
7001609000014,7001609000019,7001609000013,7001609000014,49000700003000,49000700003000,7001609000000,7001609000015,-1,0,49,0.45657724,0.86065674,30194,25.33609,28.233316,44.236725,147333,2,3,4,199.41623,42.35061,-154.25752,30,0.86065674,0.028968781,35.745373,40.026417,0.0996251,0.0011507933,0.0,0.0,0.01772651,0.0,5.8150265E-5,3.2125328E-7,0.0,0.0,2.096554E-6,0.016005524,0.0,0.0,0.012185657,0.028968781,-15.003039,-15.09726,-15.297733,-15.503249,-16.090643,99.0,99.0,99.0,99.0,99.0,-15.00293,-15.097173,-15.297664,-15.503199,-16.090628,0.51636595,859
7001609000015,7001609000019,7001609000014,7001609000015,48000700003476,48000700003476,7001609000000,7001609000016,-1,0,48,0.5085914,0.86065674,30194,25.252018,28.224056,44.299286,147333,2,3,4,203.23924,41.8342,-160.82971,25,0.86065674,0.028444476,36.07331,40.955444,0.101412356,9.0048934E-4,0.0,0.0,0.016189558,0.0,4.5906352E-5,1.9241959E-7,0.0,1.323489E-23,1.2953941E-6,0.04706392,0.0,0.0,0.009373983,0.028444476,-15.402561,-15.397064,-15.54581,-15.717108,-16.244446,99.0,99.0,99.0,99.0,99.0,-15.402442,-15.396969,-15.5457325,-15.717052,-16.24443,0.23095033,163
7001609000016,7001609000019,7001609000015,7001609000016,47000700003881,47000700003881,7001609000000,7001609000017,-1,0,47,0.5641766,1.8073797,30194,25.141264,28.167881,44.365105,147333,2,3,4,201.52698,42.48964,-162.10603,21,1.8073797,0.035711367,46.654274,37.17901,0.10667945,1.6283411E-4,0.0,0.0,0.0116600925,0.0,8.511764E-6,4.076239E-9,0.0,0.0,5.437588E-8,0.010399785,0.0,0.0,0.007077405,0.035711367,-14.603075,-14.35696,-14.307548,-14.2052965,-14.035408,99.0,99.0,99.0,99.0,99.0,-14.603037,-14.35693,-14.307523,-14.205277,-14.0354,0.02851945,576
7001609000017,7001609000019,7001609000016,7001609000017,46000700003812,46000700003812,7001609000000,7001609000018,-1,0,46,0.6235901,0.9467224,30194,25.080244,28.19859,44.421196,147333,2,3,4,198.86697,41.590115,-157.65942,23,0.9467224,0.028177323,38.012936,39.43133,0.01786318,0.0,0.0,0.015106242,0.0,0.0,0.0,0.0,0.0,0.0,0.0,0.0,0.0,40.440083,0.010386233,0.017470509,99.0,99.0,99.0,99.0,99.0,99.0,99.0,99.0,99.0,99.0,99.0,99.0,99.0,99.0,99.0,0.0,978
7001609000018,7001609000019,7001609000017,7001609000018,45000700003972,45000700003972,7001609000000,7001609000019,-1,0,45,0.6871088,0.516394,30194,24.992239,28.19699,44.51221,147333,2,3,4,198.76242,41.76869,-158.2838,22,0.516394,0.022496939,31.41947,35.462463,0.01642943,0.0,0.0,0.0,0.0,0.0,0.0,0.0,0.0,0.0,0.0,0.0,0.0,0.0,0.012811908,0.022496939,99.0,99.0,99.0,99.0,99.0,99.0,99.0,99.0,99.0,99.0,99.0,99.0,99.0,99.0,99.0,0.0,941
7001609000019,7001609000019,7001609000018,7001609000019,44000700003949,44000700003949,7001609000000,-1,-1,0,44,0.75503564,0.6885254,30194,24.898956,28.182869,44.5703,147333,2,3,4,196.7517,40.892315,-157.2469,22,0.6885254,0.024153527,35.013836,38.112446,0.0019843099,0.0,0.0,0.014900703,0.0,0.0,0.0,0.0,0.0,0.0,0.0,0.0,0.0,40.510574,0.0114309965,0.01954014,99.0,99.0,99.0,99.0,99.0,99.0,99.0,99.0,99.0,99.0,99.0,99.0,99.0,99.0,99.0,0.0,161
