galaxyID,lastProgenitorId,descendantId,haloID,subHaloID,fofID,treeId,firstProgenitorId,nextProgenitorId,type,snapnum,redshift,centralMvir,phkey,x,y,z,zIndex,ix,iy,iz,velX,velY,velZ,np,mvir,rvir,vvir,vmax,coldGas,stellarMass,bulgeMass,hotGas,ejectedMass,blackHoleMass,metalsColdGas,metalsStellarMass,metalsBulgeMass,metalsHotGas,metalsEjectedMass,sfr,sfrBulge,xrayLum,diskRadius,coolingRadius,mag_b,mag_v,mag_r,mag_i,mag_k,mag_bBulge,mag_vBulge,mag_rBulge,mag_iBulge,mag_kBulge,mag_bDust,mag_vDust,mag_rDust,mag_iDust,mag_kDust,massWeightedAge,random
7003057000000,7003057000020,-1,7003057000000,63000700003615,63000700003615,7003057000000,7003057000001,-1,0,63,0.0,0.86065674,32356,7.25902,9.846853,51.69137,148825,0,1,5,-194.09909,-17.722563,-120.67955,23,0.86065674,0.033326507,33.326527,33.95337,0.054694604,0.0041962103,0.0,0.0,0.027357817,0.0,1.7612308E-4,6.2671947E-6,0.0,0.0,2.5332425E-5,0.009531696,0.0,0.0,0.0075820815,0.033326507,-14.687741,-15.052938,-15.479182,-15.851249,-16.892025,99.0,99.0,99.0,99.0,99.0,-14.68397,-15.050066,-15.476968,-15.84967,-16.89158,4.949122,914
7003057000001,7003057000020,7003057000000,7003057000001,62000700003642,62000700003642,7003057000000,7003057000002,-1,0,62,0.019932542,0.9467224,32356,7.277686,9.8577,51.729965,148825,0,1,5,-195.63277,-17.585176,-121.55909,23,0.9467224,0.034229174,34.489197,37.88395,0.055440634,0.004091729,0.0,0.0,0.02671627,0.0,1.729904E-4,5.936242E-6,0.0,0.0,2.3297056E-5,0.010826583,0.0,0.0,0.007377951,0.034229174,-14.68655,-15.044468,-15.467826,-15.837266,-16.87366,99.0,99.0,99.0,99.0,99.0,-14.683193,-15.041886,-15.465822,-15.835834,-16.87325,4.8086433,628
7003057000002,7003057000020,7003057000001,7003057000002,61000700003541,61000700003541,7003057000000,7003057000003,-1,0,61,0.041403063,1.032788,32356,7.318341,9.886923,51.774494,148829,0,1,5,-196.67177,-17.994328,-122.011604,24,1.032788,0.035040777,35.603172,37.68098,0.056327984,0.0039674565,0.0,0.0,0.025953198,0.0,1.691684E-4,5.5561327E-6,0.0,0.0,2.0958585E-5,0.009729321,0.0,0.0,0.0074137733,0.035040777,-14.566569,-14.949961,-15.3894825,-15.7659445,-16.811747,99.0,99.0,99.0,99.0,99.0,-14.562991,-14.947257,-15.387401,-15.764461,-16.811323,4.6790047,516
7003057000003,7003057000020,7003057000002,7003057000003,60000700003714,60000700003714,7003057000000,7003057000004,-1,0,60,0.064493395,0.86065674,32356,7.3608823,9.888381,51.80336,148829,0,1,5,-196.80956,-18.093689,-123.47972,23,0.86065674,0.0327727,33.60693,37.334362,0.05715993,0.0038509236,0.0,1.4521976E-4,0.025237778,0.0,1.6549049E-4,5.212777E-6,0.0,1.0844389E-7,1.8846491E-5,0.0,0.0,37.406063,0.009634787,0.0031283232,-14.082132,-14.624056,-15.140109,-15.55521,-16.644073,99.0,99.0,99.0,99.0,99.0,-14.080566,-14.622765,-15.139065,-15.55445,-16.643852,4.528294,361
7003057000004,7003057000020,7003057000003,7003057000004,59000700003548,59000700003548,7003057000000,7003057000005,-1,0,59,0.08928783,0.60245967,32356,7.4078536,9.894768,51.832157,148829,0,1,5,-198.84177,-17.696348,-122.98878,24,0.60245967,0.028902756,29.940863,37.50071,0.057156645,0.0038509236,0.0,0.0,0.02831012,0.0,1.6548806E-4,5.212777E-6,0.0,2.646978E-23,2.1140782E-5,0.00726089,0.0,0.0,0.00887475,0.028902756,-14.549562,-14.945027,-15.386362,-15.763253,-16.803265,99.0,99.0,99.0,99.0,99.0,-14.547377,-14.94331,-15.385008,-15.762278,-16.80298,4.2289805,501
7003057000005,7003057000020,7003057000004,7003057000005,58000700003573,58000700003573,7003057000000,7003057000006,-1,0,58,0.11588337,0.60245967,32356,7.459718,9.901968,51.860695,148829,0,1,5,-198.38914,-17.281626,-122.46304,24,0.60245967,0.028688267,30.052582,37.848827,0.057825964,0.0037571876,0.0,0.0,0.027734548,0.0,1.6246467E-4,4.9456107E-6,0.0,-2.646978E-23,1.9497813E-5,0.007861809,0.0,0.0,0.008870087,0.028688267,-14.579896,-14.965247,-15.40093,-15.775313,-16.81258,99.0,99.0,99.0,99.0,99.0,-14.578023,-14.963766,-15.399759,-15.774468,-16.812334,4.020301,469
7003057000006,7003057000020,7003057000005,7003057000006,57000700003590,57000700003590,7003057000000,7003057000007,-1,0,57,0.14438343,1.032788,32356,7.5408893,9.857358,51.88266,148829,0,1,5,-199.7629,-17.337156,-123.052895,24,1.032788,0.0340545,36.11506,36.97952,0.058574818,0.0036523135,0.0,0.0,0.027090585,0.0,1.590146E-4,4.6561936E-6,0.0,0.0,1.7717643E-5,0.011648279,0.0,0.0,0.007476099,0.0340545,-14.671202,-15.02619,-15.445971,-15.8105,-16.832623,99.0,99.0,99.0,99.0,99.0,-14.668201,-15.023873,-15.444163,-15.809202,-16.832243,3.8104775,589
7003057000007,7003057000020,7003057000006,7003057000007,56000700003721,56000700003721,7003057000000,7003057000008,-1,0,56,0.17489761,1.1188537,32356,7.5941806,9.865499,51.92642,148829,0,1,5,-201.67076,-15.5233,-123.981224,23,1.1188537,0.03466199,37.258884,40.982864,0.05971769,0.003492256,0.0,0.0,0.026107779,0.0,1.5361438E-4,4.2336846E-6,0.0,0.0,1.5116279E-5,0.0041182633,0.0,0.0,0.008055699,0.03466199,-14.259197,-14.724213,-15.202736,-15.5967865,-16.654545,99.0,99.0,99.0,99.0,99.0,-14.257367,-14.72273,-15.201546,-15.595923,-16.654293,3.6471367,526
7003057000008,7003057000020,7003057000007,7003057000008,55000700003792,55000700003792,7003057000000,7003057000009,-1,0,55,0.20754863,1.2909851,32356,7.645141,9.873338,51.96799,148829,0,1,5,-201.57864,-15.36295,-123.499535,23,1.2909851,0.035998113,39.272697,40.90337,0.060132675,0.0034341381,0.0,0.0,0.025750913,0.0,1.5161274E-4,4.0857453E-6,0.0,0.0,1.4206964E-5,0.0043089176,0.0,0.0,0.0077191764,0.035998113,-14.288176,-14.758995,-15.240266,-15.635134,-16.69838,99.0,99.0,99.0,99.0,99.0,-14.286039,-14.757299,-15.238917,-15.634159,-16.698093,3.3667634,991
7003057000009,7003057000020,7003057000008,7003057000009,54000700003764,54000700003764,7003057000000,7003057000010,-1,0,54,0.24246909,1.032788,32356,7.7146873,9.870966,52.013985,148829,0,1,5,-203.53868,-15.590467,-124.18883,23,1.032788,0.033057723,36.655495,39.194485,0.06057729,0.0033718708,0.0,0.0,0.025368568,0.0,1.4944488E-4,3.9305264E-6,0.0,0.0,1.3252829E-5,0.004160556,0.0,0.0,0.008289424,0.033057723,-14.288909,-14.776443,-15.265716,-15.662887,-16.731838,99.0,99.0,99.0,99.0,99.0,-14.287087,-14.774985,-15.264554,-15.6620455,-16.73159,3.0783527,130
7003057000010,7003057000020,7003057000009,7003057000010,53000700003943,53000700003943,7003057000000,7003057000011,-1,0,53,0.2798018,1.7213135,32356,7.7628183,9.911217,52.039436,148829,0,1,5,-204.15816,-15.898323,-122.59338,22,1.7213135,0.03873215,43.71839,44.50979,0.06089351,0.0033104876,0.0,0.009397667,0.024247404,0.0,1.4722685E-4,3.7808024E-6,0.0,1.9600504E-6,1.198235E-5,0.0,0.0,40.179916,0.009621142,0.019154698,-14.123799,-14.702125,-15.230189,-15.644463,-16.74121,99.0,99.0,99.0,99.0,99.0,-14.122557,-14.7011,-15.229361,-15.643861,-16.741035,2.7775013,83
7003057000011,7003057000020,7003057000010,7003057000011,52000700003863,52000700003863,7003057000000,7003057000012,-1,0,52,0.31970343,1.3770508,32411,7.8411007,9.904786,52.102005,149268,0,1,5,-202.35442,-16.033276,-122.76565,23,1.3770508,0.035492316,40.848656,45.311165,0.060305595,0.0033104876,0.0,2.2360617E-4,0.028245347,0.0,1.4710076E-4,3.7808024E-6,0.0,1.1049954E-7,1.39580125E-5,0.0,0.0,37.811478,0.009032741,0.0033676939,-14.287142,-14.829139,-15.33494,-15.735076,-16.797117,99.0,99.0,99.0,99.0,99.0,-14.285746,-14.827989,-15.334009,-15.734399,-16.796919,2.4165754,932
7003057000012,7003057000020,7003057000011,7003057000012,51000700003885,51000700003885,7003057000000,7003057000013,-1,0,51,0.36234027,1.549182,32411,7.9243608,9.90449,52.138203,149268,0,1,5,-202.45436,-15.931949,-122.7246,23,1.549182,0.036394224,42.786324,48.11501,0.06029803,0.0033104876,0.0,2.706598E-4,0.033078153,0.0,1.4709702E-4,3.7808024E-6,0.0,1.3375202E-7,1.634624E-5,0.0,0.0,37.990944,0.008599201,0.0038473133,-14.533797,-15.021954,-15.49946,-15.886808,-16.931395,99.0,99.0,99.0,99.0,99.0,-14.532257,-15.020684,-15.498433,-15.886062,-16.931175,2.050302,654
7003057000013,7003057000020,7003057000012,7003057000013,50000700003689,50000700003689,7003057000000,7003057000014,-1,0,50,0.40789944,1.7213135,32411,8.000627,9.916705,52.17659,149268,0,1,5,-201.44247,-14.303309,-123.04987,25,1.7213135,0.03711725,44.659313,47.929024,0.06028806,0.0033104876,0.0,0.0,0.03894448,0.0,1.4709208E-4,3.7808024E-6,0.0,0.0,1.9245204E-5,0.016833205,0.0,0.0,0.0063034096,0.03711725,-15.168004,-15.514846,-15.922131,-16.272972,-17.28406,99.0,99.0,99.0,99.0,99.0,-15.164203,-15.5119095,-15.919828,-16.27131,-17.283558,1.679703,608
7003057000014,7003057000020,7003057000013,7003057000014,49000700004073,49000700004073,7003057000000,7003057000015,-1,0,49,0.45657724,1.6352477,32411,8.088448,9.927069,52.223133,149268,0,1,5,-201.63457,-14.108936,-120.23355,22,1.6352477,0.03587964,44.272873,49.14845,0.062157087,0.0030486712,0.0,2.5287032E-4,0.032353476,0.0,1.3766953E-4,3.1730976E-6,0.0,1.2256842E-7,1.537309E-5,3.0445543E-4,0.0,38.01339,0.0073685437,0.0038057459,-14.811972,-15.251735,-15.692003,-16.046577,-17.017164,99.0,99.0,99.0,99.0,99.0,-14.810094,-15.250191,-15.690756,-16.045671,-17.0169,1.4334614,890
7003057000015,7003057000020,7003057000014,7003057000015,48000700004090,48000700004090,7003057000000,7003057000016,-1,0,48,0.5085914,1.7213135,32411,8.163426,9.937217,52.275715,149268,0,1,5,-200.96303,-13.92726,-120.61791,22,1.7213135,0.035837796,45.44952,52.40846,0.0620348,0.00304391,0.0,0.0034714206,0.03786561,0.0,1.3723689E-4,3.1625623E-6,0.0,2.4731914E-6,1.7333132E-5,6.942574E-4,0.0,39.76358,0.0071296124,0.014967036,-15.208166,-15.54379,-15.914529,-16.233805,-17.127,99.0,99.0,99.0,99.0,99.0,-15.206161,-15.54214,-15.913197,-16.232836,-17.126719,1.0595949,771
7003057000016,7003057000020,7003057000015,7003057000016,47000700004184,47000700004184,7003057000000,7003057000017,-1,0,47,0.5641766,1.7213135,32411,8.249652,9.935325,52.322525,149268,0,1,5,-199.39049,-13.123375,-120.21424,21,1.7213135,0.035135273,45.90165,53.31005,0.06187948,0.003033029,0.0,0.0,0.043924235,0.0,1.3667533E-4,3.1385046E-6,0.0,-1.0587912E-22,1.9819254E-5,0.0717491,0.0,0.0,0.0047671925,0.035135273,-16.18535,-16.338024,-16.601213,-16.858913,-17.655981,99.0,99.0,99.0,99.0,99.0,-16.177914,-16.332195,-16.596582,-16.855513,-17.654833,0.68609834,409
7003057000017,7003057000020,7003057000016,7003057000017,46000700004123,46000700004123,7003057000000,7003057000018,-1,0,46,0.6235901,1.549182,32411,8.323996,9.930432,52.363438,149268,0,1,5,-198.64656,-12.255982,-119.97203,22,1.549182,0.033204198,44.794502,45.843895,0.06990099,0.0019096211,0.0,0.0,0.037026122,0.0,9.17275E-5,1.196319E-6,0.0,5.293956E-23,7.582551E-6,0.042194612,0.0,0.0,0.0062399935,0.033204198,-15.679398,-15.8022,-16.037003,-16.26951,-16.970917,99.0,99.0,99.0,99.0,99.0,-15.677712,-15.800875,-16.035952,-16.268751,-16.970684,0.5966322,493
7003057000018,7003057000020,7003057000017,7003057000018,45000700004161,45000700004161,7003057000000,7003057000019,-1,0,45,0.6871088,0.9467224,32411,8.421307,9.9662895,52.404385,149268,0,1,5,-199.10666,-11.941041,-120.07871,22,0.9467224,0.027534079,38.4544,41.280773,0.07459769,0.001251851,0.0,0.0,0.032987177,0.0,6.217539E-5,5.002321E-7,0.0,0.0,3.2112873E-6,0.037133478,0.0,0.0,0.0073356456,0.027534079,-15.42715,-15.492129,-15.68243,-15.882267,-16.480972,99.0,99.0,99.0,99.0,99.0,-15.426559,-15.491664,-15.682062,-15.882003,-16.480894,0.4330231,708
7003057000019,7003057000020,7003057000018,7003057000019,44000700004363,44000700004363,7003057000000,7003057000020,-1,0,44,0.75503564,0.774591,32411,8.508972,9.961203,52.453636,149268,0,1,5,-199.58026,-8.491416,-118.71338,20,0.774591,0.02512068,36.415855,38.036686,0.07869903,6.7746005E-4,0.0,0.0,0.029460208,0.0,3.4576373E-5,1.413617E-7,0.0,0.0,9.3806517E-7,0.029552298,0.0,0.0,0.008400939,0.02512068,-14.991748,-14.99806,-15.152416,-15.328328,-15.865013,99.0,99.0,99.0,99.0,99.0,-14.991616,-14.997953,-15.152329,-15.328265,-15.864995,0.2661567,68
7003057000020,7003057000020,7003057000019,7003057000020,43000700004390,43000700004390,7003057000000,-1,-1,0,43,0.8276991,1.721314,32411,8.647954,9.943823,52.556892,149268,0,1,5,-197.32379,-8.205952,-117.57516,20,1.721314,0.031919308,48.158535,35.896877,0.0816637,2.2543895E-4,0.0,0.014509129,0.022047445,0.0,1.1736382E-5,1.3473042E-8,0.0,5.9341545E-8,5.601423E-8,0.014956249,0.0,40.59586,0.0065755798,0.018979492,-14.659867,-14.488777,-14.491706,-14.478696,-14.507123,99.0,99.0,99.0,99.0,99.0,-14.659823,-14.488742,-14.491678,-14.478675,-14.507117,0.05480956,483
