haloID,subHaloID,lastProgenitorId,treeId,snapNum,redshift,firstProgenitorId,nextProgenitorId,descendantId,firstHaloInFOFgroupId,nextHaloInFOFgroupId,np,m_Mean200,m_Crit200,m_TopHat,phKey,x,y,z,zIndex,ix,iy,iz,velX,velY,velZ,velDisp,vMax,spinX,spinY,spinZ,mostBoundID,fileNr,subhaloIndex,halfmassRadius,random
111000000,63000000000568,111000128,111000000,63,0.0,111000001,-1,-1,111000000,-1,1250,114.63947,88.81977,103.106674,3979,5.819452,19.240297,0.15958601,8275,0,2,0,-166.02042,-27.504473,6.0833254,98.37134,187.44577,-0.55547637,-0.30935398,-0.03151302,2379464,0,568,0.073089026,174
111000001,62000000000564,111000128,111000000,62,0.019932542,111000002,-1,111000000,111000001,-1,1239,113.60669,88.56158,101.98782,3979,5.8577337,19.244295,0.15696785,8275,0,2,0,-167.62569,-27.13202,6.0211697,99.829666,187.76884,-0.383271,-0.35084996,-0.109273456,2379449,0,564,0.07231834,42
111000002,61000000000584,111000128,111000000,61,0.041403063,111000003,-1,111000001,111000002,-1,1190,112.5739,89.68043,102.676346,3976,5.8906956,19.254492,0.1529273,8282,0,2,0,-167.34491,-28.213549,5.112061,101.663826,186.75266,-0.55311316,-0.222357,-0.04972566,2379640,0,584,0.06687957,779
111000003,60000000000575,111000128,111000000,60,0.064493395,111000004,-1,111000002,111000003,-1,1174,110.42226,89.16403,103.02061,3976,5.931728,19.263407,0.15059216,8282,0,2,0,-167.78177,-27.828789,4.596596,103.63963,187.79701,-0.46858284,-0.16488303,-0.1426056,2379449,0,575,0.06617378,980
111000004,59000000000591,111000128,111000000,59,0.08928783,111000005,-1,111000003,111000004,-1,1186,109.045204,90.799286,102.93454,3976,5.972893,19.272211,0.14920892,8282,0,2,0,-168.9207,-28.430706,5.2016673,104.12001,189.91167,-0.25364646,-0.2539307,-0.19691879,17303976,0,591,0.06609544,678
111000005,58000000000562,111000128,111000000,58,0.11588337,111000006,-1,111000004,111000005,-1,1177,108.70094,92.348465,103.19274,3976,6.014819,19.280117,0.15043063,8282,0,2,0,-168.49124,-28.32044,4.468303,105.358734,192.01062,-0.14653832,-0.21117051,-0.14767152,2379449,0,562,0.06529381,624
111000006,57000000000580,111000128,111000000,57,0.14438343,111000007,-1,111000005,111000006,-1,1165,106.89356,92.77879,102.07388,3976,6.0684137,19.28705,0.14762115,8282,0,2,0,-170.03607,-30.096384,3.8431365,104.120155,186.37239,-0.15710215,-0.23010455,-0.1255014,2379449,0,580,0.06713068,352
111000007,56000000000572,111000128,111000000,56,0.17489761,111000008,-1,111000006,111000007,-1,1138,105.00012,92.5206,99.57798,3976,6.1143737,19.300377,0.1435262,8282,0,2,0,-170.52837,-29.417849,3.016076,104.556656,183.22151,-0.22081812,-0.13339403,-0.18572319,2379449,0,572,0.06552822,582
111000008,55000000000573,111000128,111000000,55,0.20754863,111000009,-1,111000007,111000008,-1,1095,103.19274,90.71322,97.7706,3976,6.169749,19.30295,0.14432132,8282,0,2,0,-170.72292,-29.42437,1.44543,107.6888,189.73111,-0.21988216,-0.13651879,-0.049743496,2379640,0,573,0.06047677,118
111000009,54000000000540,111000128,111000000,54,0.24246909,111000010,-1,111000008,111000009,-1,1088,100.95503,89.59436,96.479614,3976,6.2202725,19.313295,0.150647,8282,0,2,0,-173.93483,-30.968458,1.2294875,109.41658,192.29962,0.008107368,-0.21410011,-0.043639332,2379449,0,540,0.057426307,562
111000010,53000000000567,111000128,111000000,53,0.2798018,111000011,-1,111000009,111000010,-1,1079,99.061584,87.70092,95.18863,3976,6.2780757,19.333818,0.15045482,8282,0,2,0,-172.51463,-31.737398,-0.9441826,107.058525,191.1812,-0.112005375,-0.14182785,-0.05430436,2379640,0,567,0.059641007,10
111000011,52000000000554,111000099,111000000,52,0.31970343,111000012,111000100,111000010,111000011,111000100,1009,97.42634,84.34436,91.91814,3976,6.335542,19.337927,0.15097213,8282,0,2,0,-171.06795,-26.499918,-1.0647609,103.0713,184.39592,0.12939449,-0.05050016,0.13764994,2379657,0,554,0.057649307,962
111000012,51000000000559,111000099,111000000,51,0.36234027,111000013,-1,111000011,111000012,-1,1026,94.24191,80.557465,89.68043,3976,6.4063907,19.35077,0.14848389,8282,0,2,0,-172.55626,-29.318226,-0.8079904,102.57249,187.17934,-0.01708278,-0.032347184,-0.3074933,2379640,0,559,0.05809027,627
111000013,50000000000594,111000099,111000000,50,0.40789944,111000014,-1,111000012,111000013,111000101,950,91.315674,77.45911,86.92633,3976,6.467855,19.353014,0.15295476,8282,0,2,0,-174.39836,-27.44067,-2.8830314,104.182785,188.10292,-0.13097699,0.09220178,0.38550922,2377154,0,594,0.05453843,889
111000014,49000000000529,111000099,111000000,49,0.45657724,111000015,-1,111000013,111000014,111000102,949,89.33617,76.51238,83.827965,3976,6.5423365,19.364555,0.1537775,8282,0,2,0,-173.57019,-26.364073,-1.747471,100.19802,183.02687,-0.17921633,-0.02470655,0.30248705,2379668,0,529,0.05789986,227
111000015,48000000000521,111000099,111000000,48,0.5085914,111000016,-1,111000014,111000015,-1,932,88.217316,73.93041,82.96731,3976,6.617699,19.376453,0.15514295,8282,0,2,0,-175.6621,-28.8078,-0.27788848,101.18487,185.6376,-0.14675078,-0.14327416,0.36493412,17304033,0,521,0.05689958,541
111000016,47000000000487,111000099,111000000,47,0.5641766,111000017,-1,111000015,111000016,111000104,1003,88.991905,75.47959,84.34436,3976,6.689758,19.387423,0.16060793,8282,0,2,0,-176.00813,-28.592075,-0.51743394,103.770546,188.23059,-0.22323805,-0.21310845,0.32701674,2379142,0,487,0.060690265,745
111000017,46000000000484,111000099,111000000,46,0.6235901,111000018,-1,111000016,111000017,111000105,1013,93.811584,76.34025,88.217316,3976,6.754714,19.3985,0.16464172,8282,0,2,0,-172.54042,-29.946815,-2.9820557,107.68742,184.6884,-0.45346433,-0.57553476,0.13218589,2379142,0,484,0.057250008,76
111000018,45000000000482,111000099,111000000,45,0.6871088,111000019,-1,111000017,111000018,111000106,1041,98.286995,81.84845,94.84437,3976,6.8412814,19.414423,0.16882686,8283,0,2,0,-173.6316,-32.525764,-4.7562723,110.15102,185.7305,-0.4818087,-0.558121,0.17703314,2379695,0,482,0.0579399,339
111000019,44000000000462,111000099,111000000,44,0.75503564,111000020,-1,111000018,111000019,111000107,1042,100.18044,90.110756,97.85667,3976,6.934864,19.42956,0.16758981,8283,0,2,0,-170.23763,-36.08979,-2.9419863,116.39352,191.44264,-0.49877447,-0.2492318,0.09635804,2379643,0,462,0.05593605,893
111000020,43000000000443,111000099,111000000,43,0.8276991,111000021,-1,111000019,111000020,111000108,1095,103.106674,94.24191,101.81569,3976,7.012889,19.459196,0.17038424,8283,0,2,0,-168.15749,-35.122467,-7.591292,119.16246,191.99487,-0.8041798,-0.24715793,-0.05760885,2379643,0,443,0.057562407,275
111000021,42000000000411,111000075,111000000,42,0.9054624,111000022,111000076,111000020,111000021,111000076,1111,101.38536,96.479614,100.7829,3976,7.1080246,19.49179,0.17431581,8283,0,2,0,-169.04005,-24.618256,-5.979595,118.52987,193.51772,-0.8161197,0.08090662,-0.11803136,2379398,0,411,0.062217347,739
111000022,41000000000420,111000054,111000000,41,0.98870814,111000023,111000055,111000021,111000022,111000109,931,92.348465,84.25829,91.48781,3976,7.191043,19.510908,0.17870153,8283,0,2,0,-153.45744,-36.775635,-9.623991,134.51408,204.53392,-0.58980066,0.18575335,0.7050494,2379528,0,420,0.041595835,461
111000023,40000000000410,111000054,111000000,40,1.0778745,111000024,-1,111000022,111000023,111000110,836,80.90173,76.16812,80.2132,3975,7.2421346,19.552757,0.18546562,8393,0,2,0,-142.18376,-40.138065,-4.686358,118.096275,185.80327,-0.68470824,0.107444346,0.40346646,2378867,0,410,0.04737777,229
111000024,39000000000414,111000054,111000000,39,1.173417,111000025,-1,111000023,111000024,111000079,588,67.38942,47.50825,66.95909,3975,7.2902703,19.59864,0.1848465,8393,0,2,0,-122.113945,-64.6126,-12.809139,99.94768,172.71626,0.14043091,0.01381225,0.47280473,2379528,0,414,0.041840665,175
111000025,38000000000421,111000054,111000000,38,1.2758462,111000026,-1,111000024,111000025,111000080,539,43.1189,39.676273,43.1189,3975,7.362593,19.631378,0.19605678,8393,0,2,0,-120.54728,-59.462776,-15.387279,93.61471,163.98048,0.40819567,-0.061496124,0.4719811,2379612,0,421,0.04070006,252
111000026,37000000000593,111000054,111000000,37,1.3857181,111000027,-1,111000025,111000026,-1,452,39.15988,36.57791,39.418076,3975,7.424318,19.658468,0.20298083,8393,0,2,0,-124.63045,-59.462555,-17.415073,95.99381,161.02998,0.32147533,-0.038344428,0.3289503,2379643,0,593,0.034683652,835
111000027,36000000000608,111000054,111000000,36,1.5036365,111000028,-1,111000026,111000027,-1,409,35.02873,33.307415,35.114796,3975,7.4881077,19.696932,0.21253991,8393,0,2,0,-120.49253,-55.529327,-17.44087,96.31804,162.00078,0.56257117,-0.08602474,0.28222787,2379643,0,608,0.030460976,912
111000028,35000000000545,111000054,111000000,35,1.6302707,111000029,-1,111000027,111000028,-1,427,34.082005,31.930365,35.803318,3975,7.5374546,19.73927,0.233085,8393,0,2,0,-118.10332,-51.692284,-18.691658,93.186386,164.44011,0.42071593,-0.04380123,0.50108373,2379643,0,545,0.033473216,230
111000029,34000000000541,111000054,111000000,34,1.766336,111000030,-1,111000028,111000029,-1,386,32.79102,31.758232,32.963154,3975,7.610085,19.764095,0.24087346,8393,0,2,0,-116.96794,-46.900753,-19.711817,95.80885,161.35612,0.36876208,-0.17742144,0.5064406,2379445,0,541,0.028373078,199
111000030,33000000000518,111000054,111000000,33,1.9126327,111000031,-1,111000029,111000030,-1,368,30.381182,29.864788,30.81151,3975,7.667049,19.799974,0.2493557,8393,0,2,0,-118.631454,-47.984203,-23.497282,101.93437,171.24333,0.31631738,-0.17099111,0.39108217,2379136,0,518,0.025788615,135
111000031,32000000000522,111000054,111000000,32,2.0700274,111000032,-1,111000030,111000031,-1,324,27.110687,26.766424,27.799212,3975,7.7136536,19.841204,0.26751631,8393,0,2,0,-115.615135,-44.24744,-25.488894,97.15842,162.80788,0.34383562,-0.12541443,0.27527773,2378896,0,522,0.023226963,545
111000032,31000000000541,111000054,111000000,31,2.2394855,111000033,-1,111000031,111000032,-1,286,23.84019,23.237732,24.184454,3975,7.7735286,19.860292,0.28351206,8393,0,2,0,-110.87927,-42.840004,-30.466276,94.52739,161.8916,0.33067355,-0.07341016,0.23225343,2379672,0,541,0.02153526,586
111000033,30000000000441,111000054,111000000,30,2.422044,111000034,-1,111000032,111000033,-1,309,22.807404,22.377075,23.754126,3960,7.8403144,19.86326,0.30854705,8832,0,2,0,-110.62075,-38.852444,-27.334188,94.678505,166.22176,0.24665713,-0.12315094,0.33313662,2379143,0,441,0.02430403,939
111000034,29000000000419,111000054,111000000,29,2.6188614,111000035,-1,111000033,111000034,-1,286,22.46314,21.774614,23.237732,3960,7.8868566,19.894567,0.33193535,8832,0,2,0,-102.39347,-32.653275,-34.61549,95.40972,155.23224,0.114258684,-0.040784627,0.3269635,2379440,0,419,0.02340593,283
111000035,28000000000368,111000054,111000000,28,2.8311827,111000036,-1,111000034,111000035,-1,255,22.635271,22.204943,23.151665,3960,7.9724827,19.899586,0.345043,8832,0,2,0,-97.38678,-29.055794,-34.669838,100.67232,162.08838,0.082605235,-0.0770134,0.3544985,2379173,0,368,0.018550865,962
111000036,27000000000348,111000054,111000000,27,3.060419,111000037,-1,111000035,111000036,-1,242,20.655762,20.311499,20.741827,3960,8.035976,19.912476,0.37265006,8832,0,2,0,-96.49589,-25.368479,-29.907547,101.228264,162.03943,0.12813458,0.030603122,0.39648372,2379173,0,348,0.017846966,293
111000037,26000000000310,111000054,111000000,26,3.3080978,111000038,-1,111000036,111000037,-1,235,17.385265,17.041002,18.50412,3960,8.067641,19.919226,0.3917752,8832,0,2,0,-86.69141,-23.271276,-30.234123,94.14841,153.82124,-0.023387,-0.10438908,0.37009323,2379681,0,310,0.018718816,57
111000038,25000000000264,111000054,111000000,25,3.575905,111000039,-1,111000037,111000038,-1,223,13.770508,13.770508,14.028705,3960,8.126637,19.937052,0.40947723,8832,0,2,0,-90.71705,-17.862747,-32.99079,92.45015,157.1902,-0.18711609,-0.20007157,0.38653436,2379681,0,264,0.016947627,737
111000039,24000000000378,111000050,111000000,24,3.8656828,111000040,111000051,111000038,111000039,-1,134,11.963128,11.790997,12.479523,3960,8.183913,19.932608,0.42610762,8832,0,2,0,-90.98215,-14.473407,-18.644684,93.41734,153.52922,0.0884898,0.10712133,-0.044411693,2379136,0,378,0.010748283,799
111000040,23000000000341,111000050,111000000,23,4.1794686,111000041,-1,111000039,111000040,-1,121,9.725421,9.725421,10.241815,3960,8.248154,19.922718,0.43264493,8832,0,2,0,-87.55779,-15.791445,-23.98488,76.55378,131.28235,0.26494053,0.24046172,-0.041021705,2379078,0,341,0.014714956,907
111000041,22000000000833,111000046,111000000,22,4.5195556,111000042,111000047,111000040,111000041,-1,46,3.5286925,3.442627,4.0450864,3960,8.221689,20.025896,0.45571733,8832,0,2,0,-48.061882,-57.275925,-29.772196,60.69176,105.65291,0.14269546,0.10455995,-0.1333319,2379173,0,833,0.008956976,97
111000042,21000000000585,111000046,111000000,21,4.888449,111000043,-1,111000041,111000042,-1,52,4.217218,4.217218,4.3893495,3960,8.255686,20.03094,0.5112573,8832,0,2,0,-59.123753,-53.42374,-20.171442,67.44485,109.31109,0.09916851,0.11700159,-0.005021833,2379670,0,585,0.010186466,589
111000043,20000000000510,111000046,111000000,20,5.2888336,111000044,-1,111000042,111000043,-1,50,4.131152,4.0450864,4.217218,3960,8.296132,20.048382,0.50757164,8832,0,2,0,-69.1486,-49.39213,-28.726397,67.849594,115.42349,0.0920069,0.05965635,-0.0015881703,2379670,0,510,0.008166836,574
111000044,19000000000403,111000046,111000000,19,5.7238646,111000045,-1,111000043,111000044,-1,46,3.7008238,3.7008238,3.8729553,3960,8.3541975,20.063795,0.5469817,8832,0,2,0,-68.38732,-42.624195,-30.773409,71.856865,113.71603,0.01467553,0.042715576,-0.008763935,2379680,0,403,0.008376843,607
111000045,18000000000501,111000046,111000000,18,6.1968336,111000046,-1,111000044,111000045,-1,31,1.9795104,1.9795104,2.2377074,3960,8.369752,20.108725,0.5460984,8832,0,2,0,-67.24005,-26.312807,-41.468037,63.4106,92.72421,0.046096876,-0.036943603,-0.025220998,2379670,0,501,0.0071737096,887
111000046,17000000000426,111000046,111000000,17,6.7115865,-1,-1,111000045,111000046,-1,27,0.9467224,0.9467224,1.3770508,3960,8.430794,20.142735,0.60361934,8832,0,2,0,-55.344032,-26.268616,-36.697926,55.863945,85.05221,-0.06857312,-0.021195782,0.046027984,2379605,0,426,0.007843636,996
111000047,22000000000512,111000050,111000000,22,4.5195556,111000048,-1,111000040,111000047,-1,72,6.196728,6.196728,6.36886,3960,8.311739,19.895077,0.43443534,8832,0,2,0,-105.76065,22.014925,-23.051096,73.59426,122.71238,-0.03786702,0.02826195,-0.10376314,2379694,0,512,0.010147949,921
111000048,21000000000520,111000050,111000000,21,4.888449,111000049,-1,111000047,111000048,-1,58,4.733612,4.733612,4.905743,3960,8.371987,19.857908,0.42422602,8832,0,2,0,-103.94763,26.069332,-19.174498,67.77803,117.88829,-0.0032810457,0.03928677,-0.13195127,2379697,0,520,0.009715756,817
111000049,20000000000481,111000050,111000000,20,5.2888336,111000050,-1,111000048,111000049,-1,51,3.7008238,3.7008238,3.9590209,3960,8.436524,19.829193,0.43751356,8832,0,2,0,-80.88128,23.344843,-23.409874,63.85838,101.292175,0.06062267,0.09528804,-0.038521368,2379697,0,481,0.009519434,199
111000050,19000000000480,111000050,111000000,19,5.7238646,-1,-1,111000049,111000050,-1,42,1.8073791,1.8073791,1.8073791,3960,8.489492,19.817015,0.4365421,8832,0,2,0,-70.71705,27.752317,-24.005651,56.034374,91.94711,0.029381515,-0.01741703,-0.020960554,2379694,0,480,0.010673844,842
111000051,24000000001549,111000054,111000000,24,3.8656828,111000052,-1,111000038,111000051,-1,38,1.9795104,1.8934448,1.9795104,3960,8.052373,20.2085,0.5458272,8832,0,2,0,-70.739426,-88.15738,-94.64537,48.914158,79.29993,-0.23993404,-0.18172894,0.102629215,2379607,0,1549,0.013068732,324
111000052,23000000001415,111000054,111000000,23,4.1794686,111000053,-1,111000051,111000052,-1,36,1.549182,1.549182,1.549182,3960,8.093244,20.232584,0.59515774,8832,0,2,0,-81.58571,-75.350174,-84.62951,43.988678,74.990234,-0.18430313,-0.13453817,0.094242305,2379546,0,1415,0.013580285,277
111000053,22000000001565,111000054,111000000,22,4.5195556,111000054,-1,111000052,111000053,-1,28,0.774591,0.774591,0.774591,3960,8.159186,20.250397,0.6552282,8832,0,2,0,-78.670715,-65.91656,-86.8178,42.453926,73.22755,0.015285171,-0.24344921,0.09024749,2379526,0,1565,0.013370225,849
111000054,21000000001706,111000054,111000000,21,4.888449,-1,-1,111000053,111000054,-1,22,0.774591,0.774591,1.032788,3960,8.16373,20.3222,0.6625235,8832,0,2,0,-73.504845,-63.948666,-89.11083,41.6073,70.48304,-0.0836058,-0.028635042,0.0076048174,2379529,0,1706,0.010440642,455
111000055,41000000000423,111000075,111000000,41,0.98870814,111000056,-1,111000021,111000022,-1,21,0.0,0.0,0.0,3976,7.1253767,19.471382,0.18002456,8283,0,2,0,-211.3033,-230.69682,41.614258,47.647114,93.855835,-0.0049254564,0.028189527,0.0095735025,2379485,0,423,0.0062676673,91
111000056,40000000000413,111000075,111000000,40,1.0778745,111000057,-1,111000055,111000023,-1,35,0.0,0.0,0.0,3975,7.307065,19.591007,0.18584263,8393,0,2,0,-376.68964,-118.70955,-107.07179,56.829254,100.12555,-0.028184256,0.015694968,0.022136886,2380296,0,413,0.0074804653,663
111000057,39000000000416,111000075,111000000,39,1.173417,111000058,-1,111000056,111000024,111000111,77,0.0,0.0,0.0,3975,7.481795,19.633274,0.24577741,8393,0,2,0,-276.9412,-84.324715,-101.89265,58.62747,102.49194,0.017687328,0.044955347,0.008448185,2380296,0,416,0.014313989,689
111000058,38000000000423,111000075,111000000,38,1.2758462,111000059,-1,111000057,111000025,-1,92,0.0,0.0,0.0,3975,7.6141615,19.684992,0.30043113,8393,0,2,0,-239.54854,-65.56413,-95.41198,56.85712,109.28201,-0.0013255412,0.02038418,0.018247828,2379559,0,423,0.01799045,663
111000059,37000000001459,111000075,111000000,37,1.3857181,111000060,-1,111000058,111000059,-1,93,8.348371,8.004107,8.348371,3975,7.740217,19.715193,0.34433421,8393,0,2,0,-219.2696,-58.593365,-93.221855,58.823746,113.822205,-0.013054465,-0.01885658,0.010564778,2380288,0,1459,0.018033909,102
111000060,36000000001351,111000075,111000000,36,1.5036365,111000061,-1,111000059,111000060,-1,106,8.434436,8.090173,8.434436,3960,7.851145,19.746273,0.39551887,8832,0,2,0,-193.57631,-58.64318,-92.26734,57.68678,104.93188,0.10199036,-0.018482469,-0.08491231,2380045,0,1351,0.019717932,646
111000061,35000000001352,111000075,111000000,35,1.6302707,111000062,-1,111000060,111000061,-1,99,8.9508295,8.004107,9.122961,3960,7.954565,19.774763,0.4555936,8832,0,2,0,-181.5166,-49.65328,-92.58804,62.951126,116.50217,0.21146677,0.06501086,0.103965424,2380045,0,1352,0.016249353,458
111000062,34000000001274,111000075,111000000,34,1.766336,111000063,-1,111000061,111000062,-1,104,8.090173,7.9180417,8.090173,3960,8.0448,19.818121,0.51607615,8832,0,2,0,-172.87659,-45.00713,-86.8696,56.35099,101.71392,0.15648963,0.020031815,0.01579311,2380045,0,1274,0.022004638,255
111000063,33000000001313,111000075,111000000,33,1.9126327,111000064,-1,111000062,111000063,-1,100,7.4877133,7.3155823,7.573779,3960,8.144673,19.862452,0.57654494,8832,0,2,0,-166.20844,-36.94608,-77.57693,57.110317,103.19332,0.28114313,0.10724779,0.06964443,2380045,0,1313,0.021802546,107
111000064,32000000001392,111000075,111000000,32,2.0700274,111000065,-1,111000063,111000064,-1,85,6.799188,6.6270566,6.799188,3960,8.252865,19.882586,0.6366132,8832,0,2,0,-155.95917,-41.8671,-73.90609,58.31094,104.57484,0.20196041,0.07295519,-0.018886408,2379559,0,1392,0.015404191,680
111000065,31000000001349,111000075,111000000,31,2.2394855,111000066,-1,111000064,111000065,-1,83,6.799188,6.540991,7.057385,3960,8.335164,19.900696,0.67756635,8832,0,2,0,-146.13103,-45.552807,-70.195625,58.70101,109.84543,-0.0024017363,0.013459349,0.036708184,2379485,0,1349,0.013399309,119
111000066,30000000001306,111000075,111000000,30,2.422044,111000067,-1,111000065,111000066,-1,81,6.540991,6.4549255,6.6270566,3960,8.421256,19.905529,0.70539516,8832,0,2,0,-142.3281,-40.35531,-68.62379,60.192413,105.72673,-0.0050482624,0.026379064,0.0768928,2380288,0,1306,0.014893939,2
111000067,29000000001370,111000075,111000000,29,2.6188614,111000068,-1,111000066,111000067,-1,73,5.7664,5.7664,6.024597,3960,8.477732,19.94305,0.750867,8832,0,2,0,-138.39874,-42.606266,-64.17349,63.761368,110.15011,-0.021458024,0.11726709,0.049933683,2380288,0,1370,0.01186011,221
111000068,28000000001203,111000075,111000000,28,2.8311827,111000069,-1,111000067,111000068,-1,74,4.5614805,4.3893495,4.733612,3960,8.547189,19.980793,0.78119737,8832,0,2,0,-134.88696,-40.616848,-59.015198,54.125206,95.76277,-0.09343627,0.1687999,0.1567456,2379741,0,1203,0.01729548,383
111000069,27000000001561,111000075,111000000,27,3.060419,111000070,-1,111000068,111000069,-1,52,3.5286925,3.5286925,3.5286925,3960,8.625884,19.982891,0.8060237,8832,0,2,0,-118.58805,-45.002438,-45.569958,43.249245,85.82273,0.03510117,0.0056581,0.03244624,2379740,0,1561,0.014885496,209
111000070,26000000001499,111000075,111000000,26,3.3080978,111000071,-1,111000069,111000070,-1,48,3.442627,3.442627,3.6147583,3960,8.699858,20.018328,0.8284538,8832,0,2,0,-112.045364,-33.892147,-43.325764,49.924046,87.71029,0.054151732,-0.007547703,-0.11393808,2379491,0,1499,0.015205537,622
111000071,25000000001317,111000075,111000000,25,3.575905,111000072,-1,111000070,111000071,-1,51,3.7008238,3.7008238,3.9590209,3960,8.740033,20.024883,0.8279919,8832,0,2,0,-106.874405,-34.4308,-44.57534,61.0273,103.95806,0.09918475,0.03598417,-0.1266606,2380291,0,1317,0.009552577,686
111000072,24000000001173,111000075,111000000,24,3.8656828,111000073,-1,111000071,111000072,-1,50,3.5286925,3.5286925,3.5286925,3960,8.806087,20.03285,0.855142,8833,0,2,0,-110.29081,-33.166397,-43.864677,56.612503,95.46819,0.041450135,0.08308758,-0.14494896,2380291,0,1173,0.012565271,752
111000073,23000000001239,111000075,111000000,23,4.1794686,111000074,-1,111000072,111000073,-1,42,2.9262328,2.9262328,3.18443,3960,8.880885,20.05445,0.90059775,8833,0,2,0,-103.644745,-26.607086,-46.583015,56.37399,97.5886,0.10707223,0.03885479,0.028598431,2380294,0,1239,0.009072922,77
111000074,22000000001225,111000075,111000000,22,4.5195556,111000075,-1,111000073,111000074,-1,36,2.6680357,2.6680357,2.840167,3960,8.943212,20.090994,0.93365836,8833,1,2,0,-104.79577,-23.91723,-47.807526,52.719357,91.88348,0.010149105,-0.02023128,0.010371993,2380294,0,1225,0.008935297,878
111000075,21000000001871,111000075,111000000,21,4.888449,-1,-1,111000074,111000075,-1,20,1.549182,1.549182,1.7213135,3960,8.999302,20.127909,0.97849303,8837,1,2,0,-113.212814,-37.34013,-61.413647,55.98952,88.57597,0.019131714,0.06794526,0.012907189,2380286,0,1871,0.0054964074,397
111000076,42000000000412,111000099,111000000,42,0.9054624,111000077,-1,111000020,111000021,-1,23,0.0,0.0,0.0,3975,7.0928125,19.558918,0.18142784,8393,0,2,0,-137.87115,-111.88902,-16.283384,51.081234,86.41306,-0.094938286,-0.033639356,-0.11098777,17305727,0,412,0.006872938,24
111000077,41000000000422,111000099,111000000,41,0.98870814,111000078,-1,111000076,111000022,111000055,41,0.0,0.0,0.0,3975,7.1586742,19.576374,0.18254676,8393,0,2,0,-196.49966,71.381744,-3.7863264,68.457375,106.3051,0.004380729,0.03277691,-0.0072824564,17303988,0,422,0.008124374,856
111000078,40000000000412,111000099,111000000,40,1.0778745,111000079,-1,111000077,111000023,111000056,44,0.0,0.0,0.0,3976,7.2767234,19.469433,0.17625526,8283,0,2,0,-201.6114,168.60489,52.076912,65.37787,105.102394,0.02481311,0.18221717,0.026618522,17303979,0,412,0.010745142,760
111000079,39000000000415,111000099,111000000,39,1.173417,111000080,-1,111000078,111000024,111000057,134,0.0,0.0,0.0,3976,7.368341,19.403543,0.14769857,8283,0,2,0,-183.67174,82.90141,54.87165,68.87825,122.26184,-0.04369383,0.13639416,0.21545017,17303159,0,415,0.018684532,562
111000080,38000000000422,111000099,111000000,38,1.2758462,111000081,-1,111000079,111000025,111000058,156,0.0,0.0,0.0,3976,7.4622726,19.376757,0.112169184,8283,0,2,0,-172.04935,58.355587,50.259,72.62798,129.0217,-0.07244229,0.1717972,0.39170888,17304031,0,422,0.018569035,824
111000081,37000000001013,111000099,111000000,37,1.3857181,111000082,-1,111000080,111000081,-1,175,16.352478,15.31969,16.438543,3976,7.5632005,19.345015,0.081391014,8283,0,2,0,-161.00244,50.148293,44.5741,67.43306,121.02669,-0.06701982,0.20301665,0.55207044,17304033,0,1013,0.02291008,644
111000082,36000000000961,111000099,111000000,36,1.5036365,111000083,-1,111000081,111000082,-1,184,15.147558,14.372967,15.663952,3976,7.6630826,19.329552,0.053610265,8283,0,2,0,-157.35431,41.889244,40.24602,65.734314,119.28217,-0.19005853,-0.008650327,0.41157275,17303983,0,961,0.024853332,519
111000083,35000000000953,111000099,111000000,35,1.6302707,111000084,-1,111000082,111000083,-1,177,14.372967,13.942638,14.459033,3976,7.7431374,19.299646,0.051845886,8283,0,2,0,-152.3584,35.98298,32.26139,64.95413,119.83843,-0.01728697,0.12991372,0.33962387,17304033,0,953,0.025601445,123
111000084,34000000000900,111000099,111000000,34,1.766336,111000085,-1,111000083,111000084,-1,179,15.2336235,14.286901,15.836083,3959,7.8224897,19.275106,0.032680877,8722,0,2,0,-154.42924,31.723791,22.920975,70.27537,119.6234,-0.012139452,0.18938118,0.29161224,17303991,0,900,0.024218282,379
111000085,33000000000863,111000099,111000000,33,1.9126327,111000086,-1,111000084,111000085,-1,178,15.491821,14.545098,15.491821,28808,7.9272,19.285484,62.49764,158518,0,2,6,-151.55986,32.396,21.58777,75.80389,127.51309,0.16027115,0.23074016,0.22615293,17304043,0,863,0.022251904,108
111000086,32000000000822,111000099,111000000,32,2.0700274,111000087,-1,111000085,111000086,-1,173,16.09428,15.663952,16.180346,28808,8.000824,19.270012,62.47705,158518,0,2,6,-140.47177,27.247587,18.782223,77.61049,126.024376,-0.12178722,0.19792378,0.31790227,17304031,0,822,0.02104708,0
111000087,31000000000757,111000099,111000000,31,2.2394855,111000088,-1,111000086,111000087,-1,181,14.459033,14.200836,14.459033,3959,8.071768,19.281874,0.005694005,8722,0,2,0,-135.96854,29.55128,20.21972,76.624054,131.5493,-0.13209143,0.15067315,0.38024664,17303996,0,757,0.022314368,121
111000088,30000000000715,111000099,111000000,30,2.422044,111000089,-1,111000087,111000088,-1,174,11.016406,10.586078,11.5328,3959,8.168363,19.261341,0.042815976,8722,0,2,0,-133.97359,26.164448,16.491652,74.37146,114.59511,-0.07911659,0.13218859,0.53573984,17304031,0,715,0.027729008,59
111000089,29000000000797,111000099,111000000,29,2.6188614,111000090,-1,111000088,111000089,-1,134,10.672143,10.586078,10.758209,3959,8.22762,19.238281,0.025396723,8722,0,2,0,-134.41669,19.47201,10.737206,69.63564,116.49508,-0.027916593,0.37229422,0.37885422,2378881,0,797,0.021679468,799
111000090,28000000000721,111000099,111000000,28,2.8311827,111000091,-1,111000089,111000090,-1,130,10.155749,9.8975525,10.241815,28808,8.294055,19.212532,62.48687,158518,0,2,6,-132.44556,17.954233,10.203687,69.05371,116.15896,-0.015215203,0.3591766,0.34833875,17303982,0,721,0.020455286,856
111000091,27000000000729,111000099,111000000,27,3.060419,111000092,-1,111000090,111000091,-1,115,6.196728,5.9385314,6.540991,28808,8.354745,19.183054,62.454205,158518,0,2,6,-132.28514,21.371365,10.600442,62.64079,101.90254,-0.002640755,0.44858468,0.47037736,2378836,0,729,0.022272585,778
111000092,26000000000862,111000099,111000000,26,3.3080978,111000093,-1,111000091,111000092,-1,87,4.905743,4.8196774,5.3360715,28808,8.413529,19.152592,62.421124,158518,0,2,6,-112.19095,11.659644,28.689447,60.83449,100.414696,0.3441462,-0.14529783,0.12744947,17303982,0,862,0.016873328,673
111000093,25000000000695,111000099,111000000,25,3.575905,111000094,-1,111000092,111000093,-1,94,5.0778747,4.991809,5.0778747,28808,8.488003,19.14736,62.39021,158518,0,2,6,-113.108345,6.468177,24.902954,58.928883,109.68422,0.23077421,-0.1254532,0.09937123,17304038,0,695,0.015299807,921
111000094,24000000000664,111000099,111000000,24,3.8656828,111000095,-1,111000093,111000094,-1,83,4.3032837,4.3032837,4.3032837,28808,8.553898,19.126102,62.36287,158518,0,2,6,-115.639656,3.7815998,25.94619,61.190388,107.385544,0.4071998,-0.14207731,0.1715384,17304038,0,664,0.013779229,939
111000095,23000700000870,111000099,111000000,23,4.1794686,111000096,-1,111000094,111000095,-1,49,3.6147583,3.6147583,3.8729553,28808,8.602929,19.119179,62.338737,158518,0,2,6,-102.85528,25.582365,32.02385,60.935387,105.76192,0.05533092,0.039035775,0.078772865,17304038,7,870,0.009005338,666
111000096,22000700000904,111000099,111000000,22,4.5195556,111000097,-1,111000095,111000096,-1,41,2.065576,2.065576,2.1516418,28808,8.62186,19.095585,62.301525,158518,0,2,6,-88.86086,12.085661,30.555132,51.099293,86.4764,0.017473936,0.0041081486,0.17395775,17304031,7,904,0.01109003,298
111000097,21000700000932,111000099,111000000,21,4.888449,111000098,-1,111000096,111000097,-1,34,1.3770508,1.2909851,1.4631164,28808,8.685875,19.11813,62.321873,158518,0,2,6,-93.145996,7.375209,22.736246,47.418713,81.70683,0.0010536297,0.010467385,0.105460964,17304031,7,932,0.01232947,742
111000098,20000700001397,111000099,111000000,20,5.2888336,111000099,-1,111000097,111000098,-1,20,1.3770508,1.3770508,1.4631164,28808,8.7095375,19.086918,62.275455,158518,0,2,6,-82.55166,25.501732,25.391268,52.08046,90.62782,0.011787171,0.046195626,0.031214502,17304038,7,1397,0.005336893,201
111000099,19000700001082,111000099,111000000,19,5.7238646,-1,-1,111000098,111000099,-1,20,1.6352477,1.6352477,1.7213135,28808,8.758784,19.092443,62.268173,158518,0,2,6,-78.29223,13.043089,23.05907,54.923004,97.126236,0.04246058,0.0014418717,0.028432842,17303991,7,1082,0.0049529457,333
111000100,52000000000555,111000128,111000000,52,0.31970343,111000101,-1,111000010,111000011,-1,23,0.0,0.0,0.0,3976,6.4660735,19.382488,0.11586725,8282,0,2,0,-273.38303,-171.0245,33.749596,34.31655,63.398293,0.062112685,0.042522136,-0.12428594,17303119,0,555,0.011991298,612
111000101,50000000000595,111000128,111000000,50,0.40789944,111000102,-1,111000100,111000013,-1,37,0.0,0.0,0.0,3976,6.6225114,19.496855,0.11023142,8282,0,2,0,-189.84663,-127.21395,1.5568752,36.25243,72.770164,-0.021918805,0.055939957,-0.052541945,2377179,0,595,0.014105898,550
111000102,49000000000530,111000128,111000000,49,0.45657724,111000103,-1,111000101,111000014,-1,35,0.0,0.0,0.0,3975,6.6890287,19.53325,0.10617705,8392,0,2,0,-162.14761,-103.99685,-13.550507,33.48779,68.73502,0.04794745,0.015137251,-0.124687254,2377179,0,530,0.014647537,962
111000103,48000000002602,111000128,111000000,48,0.5085914,111000104,-1,111000102,111000103,-1,39,4.3032837,2.840167,3.6147583,3975,6.7541456,19.552595,0.115248844,8392,0,2,0,-133.91077,-78.85391,-23.165073,28.424717,57.43456,0.014386706,-0.005045037,0.057100974,17303118,0,2602,0.023477102,738
111000104,47000000000488,111000128,111000000,47,0.5641766,111000105,-1,111000103,111000016,-1,40,0.0,0.0,0.0,3975,6.811952,19.586304,0.14027083,8392,0,2,0,-106.0608,-52.587254,-36.606064,29.713413,59.7701,0.060998224,0.028686082,-0.04169366,17303118,0,488,0.030290809,757
111000105,46000000000485,111000128,111000000,46,0.6235901,111000106,-1,111000104,111000017,-1,37,0.0,0.0,0.0,3975,6.8449893,19.616997,0.14396612,8393,0,2,0,-79.697556,-12.441953,-48.508545,34.94178,71.98344,0.09333236,0.0017233449,-0.074672855,17303118,0,485,0.015797652,213
111000106,45000000000483,111000128,111000000,45,0.6871088,111000107,-1,111000105,111000018,-1,34,0.0,0.0,0.0,3975,6.8888807,19.615805,0.17339292,8393,0,2,0,-51.788826,42.453617,-56.284645,42.99342,77.88442,0.075268246,0.016115233,-0.009558045,17305691,0,483,0.012805417,516
111000107,44000000000463,111000128,111000000,44,0.75503564,111000108,-1,111000106,111000019,-1,31,0.0,0.0,0.0,3975,6.8979464,19.565939,0.18930839,8393,0,2,0,-28.36711,148.0616,-41.720066,41.654026,73.769226,0.094589695,0.019486824,-0.012431089,2379788,0,463,0.012726145,991
111000108,43000000000444,111000128,111000000,43,0.8276991,111000109,-1,111000107,111000020,-1,25,0.0,0.0,0.0,3976,6.941536,19.480219,0.1976271,8283,0,2,0,-118.16862,246.99443,33.3952,43.02396,79.53621,0.008101716,-0.032944445,0.07649941,17303118,0,444,0.009234378,89
111000109,41000000000421,111000128,111000000,41,0.98870814,111000110,-1,111000108,111000022,111000077,52,0.0,0.0,0.0,3976,7.1532755,19.271904,0.14624324,8283,0,2,0,-270.8305,126.15582,47.86363,40.71159,73.38991,-0.14064972,-0.26827034,0.074789755,17303118,0,421,0.019444996,606
111000110,40000000000411,111000128,111000000,40,1.0778745,111000111,-1,111000109,111000023,111000078,50,0.0,0.0,0.0,3976,7.3012753,19.211622,0.116537325,8283,0,2,0,-276.46173,89.150375,36.661907,39.83339,79.040695,-0.10949316,-0.23273759,0.025464578,17303157,0,411,0.018052172,951
111000111,39000000000417,111000128,111000000,39,1.173417,111000112,-1,111000110,111000024,-1,45,0.0,0.0,0.0,3976,7.4382544,19.16044,0.10795596,8283,0,2,0,-273.68375,63.195103,26.255537,48.72237,90.798996,-0.1478378,-0.12232767,0.023816915,2379795,0,417,0.010779646,401
111000112,38000000002050,111000128,111000000,38,1.2758462,111000113,-1,111000111,111000112,-1,51,4.5614805,4.3032837,4.5614805,3976,7.598071,19.148567,0.1014344,8283,0,2,0,-268.10724,36.232197,27.739603,39.10471,80.08484,-0.037834115,-0.18574427,-0.12805754,17303157,0,2050,0.015005229,498
111000113,37000000002362,111000128,111000000,37,1.3857181,111000114,-1,111000112,111000113,-1,46,3.7008238,3.18443,3.7008238,3976,7.734035,19.150812,0.08677348,8283,0,2,0,-258.8948,18.485994,22.610737,39.129852,77.498085,-0.17379,-0.18967539,-0.04968431,2379795,0,2362,0.018406948,808
111000114,36000000002780,111000128,111000000,36,1.5036365,111000115,-1,111000113,111000114,-1,40,3.18443,3.098364,3.18443,3959,7.883941,19.131279,0.0687392,8722,0,2,0,-243.29822,10.624728,20.235346,41.426777,83.29486,-0.13385364,-0.12848654,0.029245213,17303150,0,2780,0.01178251,906
111000115,35000000002819,111000128,111000000,35,1.6302707,111000116,-1,111000114,111000115,-1,38,3.2704954,3.0122986,3.2704954,3959,8.022653,19.139746,0.06398001,8722,0,2,0,-234.79985,-3.0120187,21.304796,41.029694,82.35252,-0.061248288,-0.17398448,0.16242485,2377179,0,2819,0.011954684,25
111000116,34000000002321,111000128,111000000,34,1.766336,111000117,-1,111000115,111000116,-1,45,3.7008238,3.6147583,3.7008238,3959,8.183206,19.134315,0.038389876,8722,0,2,0,-229.3704,-10.507853,20.04983,38.058777,73.25893,-0.056305423,-0.14741033,0.067111276,2379793,0,2321,0.017662505,728
111000117,33000000002326,111000128,111000000,33,1.9126327,111000118,-1,111000116,111000117,-1,43,3.7008238,3.442627,3.7008238,3959,8.307065,19.131453,0.0333047,8722,0,2,0,-213.03043,-15.025845,24.200779,41.581577,78.58683,-0.05639876,-0.13949156,0.1285898,17303094,0,2326,0.015439999,21
111000118,32000000002142,111000128,111000000,32,2.0700274,111000119,-1,111000117,111000118,-1,50,3.7008238,3.3565612,3.7008238,3959,8.410156,19.141169,0.02915063,8722,0,2,0,-202.68588,-20.38078,28.545885,46.423153,81.086555,-0.08188003,-0.060774725,0.08642934,17303099,0,2142,0.016143283,296
111000119,31000000002138,111000128,111000000,31,2.2394855,111000120,-1,111000118,111000119,-1,46,3.6147583,3.6147583,3.7868896,3959,8.536171,19.162432,0.0041826507,8722,0,2,0,-194.52931,-27.02026,29.543312,49.342297,89.23519,-0.13285902,-0.039858997,0.14595966,17303099,0,2138,0.013216442,712
111000120,30000000002134,111000128,111000000,30,2.422044,111000121,-1,111000119,111000120,-1,45,3.5286925,3.5286925,3.6147583,28808,8.660234,19.165686,62.48465,158518,0,2,6,-188.97005,-26.988289,31.38722,47.96447,81.82956,-0.172142,-0.072661206,0.15888685,17305680,0,2134,0.013854208,268
111000121,29000700002370,111000128,111000000,29,2.6188614,111000122,-1,111000120,111000121,-1,33,2.840167,2.840167,2.840167,28808,8.74544,19.18802,62.461693,158518,0,2,6,-190.26898,-35.16222,34.43916,52.207333,95.08532,-0.103902034,-0.15326254,0.09451805,17303088,7,2370,0.0077961637,217
111000122,28000000002367,111000128,111000000,28,2.8311827,111000123,-1,111000121,111000122,-1,35,2.2377074,2.2377074,2.2377074,28808,8.832925,19.221024,62.44109,158519,0,2,6,-179.05602,-33.876976,31.740515,44.60246,76.013626,-0.05255773,-0.15814315,0.13212517,17303103,0,2367,0.012019663,260
111000123,27000700003050,111000128,111000000,27,3.060419,111000124,-1,111000122,111000123,-1,23,1.6352477,1.549182,1.7213135,28808,8.947568,19.25595,62.438305,158519,1,2,6,-177.12794,-43.676018,12.976787,33.101784,72.18623,-0.0046778964,-0.040860645,-0.029541383,17303103,7,3050,0.008876119,742
111000124,26000700002572,111000128,111000000,26,3.3080978,111000125,-1,111000123,111000124,-1,26,1.7213135,1.7213135,1.7213135,28808,9.069541,19.276302,62.428505,158519,1,2,6,-163.59177,-41.4241,11.193967,34.129536,70.34749,3.0740682E-4,-0.047656808,-0.0036495693,17303090,7,2572,0.012743525,802
111000125,25000700002531,111000128,111000000,25,3.575905,111000126,-1,111000124,111000125,-1,24,1.8934448,1.8934448,1.8934448,28808,9.157062,19.299927,62.41156,158519,1,2,6,-160.21028,-40.703884,8.596528,35.589733,73.171364,0.005960497,-0.08097517,0.021701613,17303104,7,2531,0.010609436,539
111000126,24000700002284,111000128,111000000,24,3.8656828,111000127,-1,111000125,111000126,-1,24,1.3770508,1.3770508,1.3770508,28808,9.260548,19.31546,62.384377,158519,1,2,6,-152.50774,-41.10454,10.396339,41.09231,78.15721,0.037993584,-0.060801562,0.04353464,17303089,7,2284,0.0078772595,636
111000127,23000700002196,111000128,111000000,23,4.1794686,111000128,-1,111000126,111000127,-1,22,1.549182,1.549182,1.549182,28808,9.344643,19.367496,62.38227,158519,1,2,6,-147.37408,-36.98183,11.313965,43.914574,84.75991,0.0173295,-0.07622457,0.04114755,17303099,7,2196,0.0070405453,861
111000128,21000700001651,111000128,111000000,21,4.888449,-1,-1,111000127,111000128,-1,20,0.9467224,0.9467224,0.9467224,28808,9.467332,19.415087,62.396866,158519,1,2,6,-140.11624,-33.77149,12.110902,38.87723,69.65265,0.07198597,0.0033042629,-0.024463821,17303089,7,1651,0.008392422,179