haloID,subHaloID,lastProgenitorId,treeId,snapNum,redshift,firstProgenitorId,nextProgenitorId,descendantId,firstHaloInFOFgroupId,nextHaloInFOFgroupId,np,m_Mean200,m_Crit200,m_TopHat,phKey,x,y,z,zIndex,ix,iy,iz,velX,velY,velZ,velDisp,vMax,spinX,spinY,spinZ,mostBoundID,fileNr,subhaloIndex,halfmassRadius,random
17000000,63000000000276,17000264,17000000,63,0.0,17000001,-1,-1,17000000,-1,7733,738.8738,604.52527,680.09094,1469,27.694403,2.3643382,25.275175,23124,3,0,2,193.9791,-252.7333,235.51562,198.53827,366.0702,-0.8505329,-0.91812027,-0.6093944,894436,0,276,0.121444166,365
17000001,62000000000272,17000264,17000000,62,0.019932542,17000002,-1,17000000,17000001,-1,7724,732.93524,598.2425,677.0786,1469,27.653492,2.417934,25.228888,23124,3,0,2,194.79326,-251.15443,237.17398,198.90634,365.86118,-0.8892874,-0.9573436,-0.84464246,894436,0,272,0.12074594,138
17000002,61000000000282,17000264,17000000,61,0.041403063,17000003,-1,17000001,17000002,-1,7672,726.3082,587.7425,673.1196,1469,27.605135,2.4709048,25.177074,23124,3,0,2,194.72783,-247.95972,237.57065,196.57202,365.24335,-0.78299224,-1.033376,-0.9179783,894456,0,282,0.122260876,700
17000003,60000000000263,17000264,17000000,60,0.064493395,17000004,-1,17000002,17000003,-1,7614,720.8,578.1892,667.9557,1469,27.56195,2.5282714,25.12484,23124,3,0,2,193.76183,-245.33278,237.16081,194.09354,363.9222,-0.82386845,-1.0476737,-0.91152334,894456,0,263,0.1228862,334
17000004,59000000000289,17000264,17000000,59,0.08928783,17000005,-1,17000003,17000004,-1,7560,716.841,566.8285,660.1237,1469,27.521692,2.5819142,25.07037,23124,3,0,2,194.25246,-242.94478,238.552,191.19405,355.61032,-0.5607128,-0.9041629,-0.96920234,894498,0,289,0.12449805,623
17000005,58000000000268,17000262,17000000,58,0.11588337,17000006,17000263,17000004,17000005,-1,7494,709.78357,557.8777,651.6032,1469,27.464142,2.642719,25.007324,23124,3,0,2,190.66878,-236.26643,236.86928,191.22717,361.65784,-0.4536108,-0.8315604,-1.0691105,894498,0,268,0.12507229,49
17000006,57000000000284,17000262,17000000,57,0.14438343,17000007,-1,17000005,17000006,-1,7311,700.5746,548.4965,643.77124,1469,27.4109,2.7053087,24.939737,23124,3,0,2,191.2455,-235.11986,238.35236,191.34068,358.2505,-0.25609913,-0.9919081,-1.0401374,894498,0,284,0.11871625,219
17000007,56000000000236,17000262,17000000,56,0.17489761,17000008,-1,17000006,17000007,-1,7250,690.8491,547.11945,636.886,1469,27.362028,2.775741,24.869623,23124,3,0,2,191.80067,-232.36552,240.59546,191.77138,358.33533,-0.24893875,-1.0558717,-1.0490913,894498,0,236,0.118307106,557
17000008,55000000000231,17000262,17000000,55,0.20754863,17000009,-1,17000007,17000008,-1,7268,682.759,541.6973,628.88184,1442,27.296188,2.8465312,24.797495,23069,3,0,2,188.16093,-226.68788,240.18747,193.7525,363.01724,-0.05976786,-1.0084677,-1.0682995,894498,0,231,0.11723761,234
17000009,54000000000203,17000262,17000000,54,0.24246909,17000010,-1,17000008,17000009,-1,7189,676.9065,538.16864,624.8368,1442,27.239386,2.9218466,24.718548,23069,3,0,2,188.31035,-223.70924,242.29076,196.128,359.75467,0.20852353,-0.85847056,-0.65733814,894498,0,203,0.11267623,415
17000010,53000000000226,17000262,17000000,53,0.2798018,17000011,-1,17000009,17000010,-1,7102,667.09503,537.8244,622.85724,1442,27.174486,3.0012565,24.641169,23071,3,0,2,185.93817,-217.66493,242.22752,198.12206,361.71976,0.17971778,-1.0686276,-0.8515391,894498,0,226,0.11100628,361
17000011,52000000000199,17000262,17000000,52,0.31970343,17000012,-1,17000010,17000011,-1,6986,660.72614,551.4227,621.5663,1442,27.108421,3.0747724,24.552416,23071,3,0,2,183.03362,-211.65964,241.40112,199.27715,363.24512,-0.06402978,-0.9187781,-1.0606183,894498,0,199,0.10836933,842
17000012,51000000000203,17000233,17000000,51,0.36234027,17000013,17000234,17000011,17000012,17000234,6964,654.44336,557.4473,619.4146,1442,27.046036,3.157437,24.471537,23071,3,0,2,181.75513,-205.01279,239.7062,200.83226,363.43042,0.074321024,-0.95816475,-0.79631877,908868,0,203,0.11042349,932
17000013,50000000000208,17000233,17000000,50,0.40789944,17000014,-1,17000012,17000013,17000235,6847,647.98846,557.70557,623.80396,1442,26.985464,3.2240362,24.379944,23067,3,0,2,181.34781,-199.1216,240.06177,202.61505,358.92337,-0.39591002,-0.824964,-0.8321818,894436,0,208,0.1068206,369
17000014,49000000000191,17000233,17000000,49,0.45657724,17000015,-1,17000013,17000014,17000236,6647,634.0458,563.98834,614.07855,1442,26.91848,3.2976065,24.278757,23067,3,0,2,180.45901,-195.6335,240.47446,211.99712,367.97168,-0.45004147,-0.90838474,-0.71582574,894498,0,191,0.096099906,599
17000015,48000000000164,17000206,17000000,48,0.5085914,17000016,17000207,17000014,17000015,17000207,6401,618.38184,546.9473,597.2958,1442,26.850458,3.377985,24.17831,23067,3,0,2,177.96246,-192.17508,241.29251,219.67834,376.77185,-0.22967803,-0.75531954,-0.54502934,894436,0,164,0.08714693,560
17000016,47000000000162,17000206,17000000,47,0.5641766,17000017,-1,17000015,17000016,17000208,6113,599.4474,524.7424,573.972,1442,26.773014,3.4468145,24.065935,23067,2,0,2,179.2169,-186.8901,243.402,208.8643,358.7487,-0.51947886,-0.8832969,-0.33222446,910494,0,162,0.08985466,552
17000017,46000000000163,17000177,17000000,46,0.6235901,17000018,17000178,17000016,17000017,17000239,5813,572.5949,488.3366,548.5826,1442,26.691624,3.5395267,23.958317,23067,2,0,2,181.24548,-181.12715,240.76532,205.63794,362.03445,-0.43873835,-0.64540255,-0.41662562,894562,0,163,0.08552156,335
17000018,45000000000166,17000177,17000000,45,0.6871088,17000019,-1,17000017,17000018,17000240,5754,532.058,457.35297,511.6604,1442,26.61066,3.6287897,23.856642,23067,2,0,2,183.04616,-177.11662,239.96893,204.23526,366.17673,-0.25656682,-0.5270364,-0.6393916,894436,0,166,0.08424118,576
17000019,44000000000159,17000177,17000000,44,0.75503564,17000020,-1,17000018,17000019,17000181,5696,516.7383,438.93494,497.54565,1442,26.524302,3.7060297,23.73841,23067,2,0,2,181.52647,-175.09738,238.25937,200.2509,358.6641,0.5115223,0.1454383,-0.55627686,896012,0,159,0.08626285,724
17000020,43000000000155,17000171,17000000,43,0.8276991,17000021,17000172,17000019,17000020,17000182,5469,509.50876,446.25052,494.87762,1442,26.429794,3.7971861,23.616209,23067,2,0,2,180.20737,-166.72191,234.82712,199.43336,352.615,-0.13579607,-0.22723055,-0.5385128,894209,0,155,0.085791424,82
17000021,42000000000145,17000171,17000000,42,0.9054624,17000022,-1,17000020,17000021,17000183,5249,497.71777,457.8694,491.435,1442,26.3335,3.8830705,23.492975,23066,2,0,2,179.4332,-165.73538,238.7878,210.93843,361.3752,-0.40015444,-0.4713737,-0.489018,894498,0,145,0.0759364,222
17000022,41000000000152,17000171,17000000,41,0.98870814,17000023,-1,17000021,17000022,17000184,5038,475.77103,447.71362,471.46774,1488,26.241215,3.969079,23.37041,21420,2,0,2,174.23796,-158.44612,237.3904,221.3014,368.61432,-0.14820114,-0.26416367,-0.49585906,894498,0,152,0.07127717,906
17000023,40000000000132,17000171,17000000,40,1.0778745,17000024,-1,17000022,17000023,17000185,4829,459.84888,428.9513,456.4923,1488,26.154284,4.077007,23.242075,21420,2,0,2,173.05408,-156.23187,233.34996,218.28421,362.24307,0.0554623,-0.24317579,-0.30839863,894321,0,132,0.06866285,319
17000024,39000000000119,17000171,17000000,39,1.173417,17000025,-1,17000023,17000024,17000186,4690,426.7136,394.6111,425.68082,1488,26.070265,4.160974,23.111483,21420,2,0,2,167.13126,-152.11021,229.32011,214.53271,367.7574,0.22571152,-0.44261143,0.22691855,910343,0,119,0.06620175,483
17000025,38000000000118,17000171,17000000,38,1.2758462,17000026,-1,17000024,17000025,-1,3929,378.0865,356.57007,378.0865,1488,25.98814,4.242835,22.990746,21420,2,0,2,158.1256,-150.14754,222.32698,216.57246,360.7344,0.012352371,-0.45479462,-0.16293256,894498,0,118,0.056259774,955
17000026,37000000000110,17000171,17000000,37,1.3857181,17000027,-1,17000025,17000026,-1,4040,355.19302,337.4635,356.65613,1488,25.897142,4.336415,22.86649,21420,2,0,2,156.6353,-140.60631,222.57114,208.15211,352.15604,0.42967755,-0.29679492,-0.41545004,910559,0,110,0.06115238,239
17000027,36000000000086,17000171,17000000,36,1.5036365,17000028,-1,17000026,17000027,-1,3841,335.39792,319.30365,338.84055,1488,25.816355,4.3980436,22.74003,21420,2,0,2,156.06717,-127.22982,222.56703,202.73517,344.17468,0.73336315,-0.19659464,-0.13705227,910560,0,86,0.06118322,515
17000028,35000000000096,17000157,17000000,35,1.6302707,17000029,17000158,17000027,17000028,17000158,3571,329.97577,318.78723,332.902,1488,25.71245,4.455755,22.617031,21420,2,0,2,158.65642,-121.91722,219.4009,209.57417,344.79965,0.3742019,-0.25571844,-0.68986875,894431,0,96,0.056053076,60
17000029,34000000000078,17000157,17000000,34,1.766336,17000030,-1,17000028,17000029,-1,3517,328.08234,317.32413,330.57825,1488,25.625069,4.5235057,22.496527,21420,2,0,2,158.6868,-119.753265,220.64694,224.73683,360.63602,0.29252592,-0.0813129,-0.42788658,894321,0,78,0.05090135,355
17000030,33000000000060,17000157,17000000,33,1.9126327,17000031,-1,17000029,17000030,-1,3683,322.22986,316.46347,325.4143,1488,25.540548,4.582444,22.365786,21416,2,0,2,152.86775,-109.60065,214.39009,230.36284,371.21518,0.5845913,-0.0249957,-0.28339195,910546,0,60,0.04973289,262
17000031,32000000000050,17000152,17000000,32,2.0700274,17000032,17000153,17000030,17000031,-1,3511,307.94296,301.8323,310.611,1488,25.466993,4.627017,22.241623,21416,2,0,2,149.799,-107.13583,215.68707,221.85396,360.5445,0.40050367,-0.30106303,0.12290947,894432,0,50,0.0511006,585
17000032,31000000000028,17000145,17000000,31,2.2394855,17000033,17000146,17000031,17000032,-1,3539,289.611,280.91837,298.56183,1489,25.364765,4.687322,22.12064,21409,2,0,2,141.3465,-95.49017,214.40417,211.01561,344.7709,-0.042265717,-0.39441398,0.04612136,894394,0,28,0.05636408,94
17000033,30000000000029,17000130,17000000,30,2.422044,17000034,17000131,17000032,17000033,17000131,3304,295.89377,286.25443,304.24216,1489,25.283264,4.7531757,21.98169,21409,2,0,2,137.1458,-97.66158,216.53561,217.69894,349.7417,0.290118,-0.0070304465,-0.011740696,910494,0,29,0.051230047,975
17000034,29000000000027,17000130,17000000,29,2.6188614,17000035,-1,17000033,17000034,-1,3110,287.02902,283.5864,292.19296,1489,25.206858,4.813859,21.86859,21409,2,0,2,135.90042,-96.26084,213.64067,241.96664,381.1005,0.21427216,-0.10206616,-0.086676195,910482,0,27,0.042162493,607
17000035,28000000000014,17000130,17000000,28,2.8311827,17000036,-1,17000034,17000035,17000132,3002,264.4798,260.86505,271.36505,1489,25.146244,4.8978076,21.758797,21411,2,0,2,119.09285,-92.76613,207.54082,230.84082,367.40564,0.19110881,0.12661642,-0.15698853,910523,0,14,0.04237207,966
17000036,27000000000009,17000106,17000000,27,3.060419,17000037,17000107,17000035,17000036,17000120,2642,222.65189,221.18878,227.72977,1489,25.09457,4.932146,21.640263,21411,2,0,2,121.703804,-90.14393,209.14745,211.499,349.44046,0.03332206,0.43067464,-0.77620393,910482,0,9,0.043595508,356
17000037,26000000000006,17000095,17000000,26,3.3080978,17000038,17000096,17000036,17000037,17000096,2099,182.80348,181.77069,186.41824,1489,25.040117,4.9335427,21.50701,21411,2,0,2,108.4706,-75.96558,208.14552,230.21709,357.18182,-0.07317603,0.5953759,-0.7807573,910482,0,6,0.031957354,337
17000038,25000000000010,17000073,17000000,25,3.575905,17000039,17000074,17000037,17000038,17000074,1703,150.1846,146.82803,155.00427,1490,24.999115,4.959827,21.37422,21383,2,0,2,81.71607,-52.191856,201.65309,199.80742,311.85916,0.097967386,0.49732322,-0.25793785,910545,0,10,0.03397766,501
17000039,24000000000020,17000061,17000000,24,3.8656828,17000040,17000062,17000038,17000039,17000070,1255,101.643555,100.26651,108.78701,1490,24.969236,4.9868565,21.265821,21383,2,0,2,54.738388,-41.263542,191.60571,175.1306,278.4202,-0.45832956,0.4434306,0.050459765,910545,0,20,0.031240506,257
17000040,23000000000009,17000061,17000000,23,4.1794686,17000041,-1,17000039,17000040,17000063,1121,80.12714,79.26648,83.91403,1490,24.9592,5.0240088,21.162157,21383,2,0,2,59.160828,-42.766376,179.53326,174.46645,278.38992,-0.6422127,0.61528397,-0.11453791,910509,0,9,0.026815357,151
17000041,22000000000005,17000061,17000000,22,4.5195556,17000042,-1,17000040,17000041,-1,978,67.73368,67.21729,71.6927,1490,24.932291,5.0440063,21.070322,21383,2,0,2,55.164894,-43.71401,168.13809,165.23799,267.91092,-0.5115651,0.8089477,-0.15828127,894463,0,5,0.025920885,176
17000042,21000000000007,17000061,17000000,21,4.888449,17000043,-1,17000041,17000042,-1,866,58.61072,57.750065,65.323845,1490,24.901863,5.034937,20.98789,21383,2,0,2,56.29493,-42.72982,163.55652,163.24487,259.46555,-0.67224807,0.7715973,-0.09901022,894366,0,7,0.024142956,322
17000043,20000000000004,17000059,17000000,20,5.2888336,17000044,17000060,17000042,17000043,-1,659,57.922195,57.664,60.073837,1490,24.857037,5.0296288,20.89383,21383,2,0,2,58.284203,-23.144522,155.62694,170.72894,272.99014,-0.5892427,0.44796133,-0.057477456,910435,0,4,0.018016811,124
17000044,19000000000002,17000059,17000000,19,5.7238646,17000045,-1,17000043,17000044,-1,658,49.315628,49.143497,50.69268,1490,24.818552,5.0385833,20.820553,21383,2,0,2,56.387928,-29.76262,143.23178,172.73418,277.07275,-0.8190928,0.5886006,0.012627272,910442,0,2,0.016357007,506
17000045,18000000000000,17000059,17000000,18,6.1968336,17000046,-1,17000044,17000045,-1,533,38.901684,38.471355,39.76234,1490,24.772564,5.026726,20.736225,21383,2,0,2,55.80745,-24.831657,127.15253,160.77144,265.30704,-0.52920806,0.33888915,0.027456285,894451,0,0,0.014714401,697
17000046,17000000000000,17000055,17000000,17,6.7115865,17000047,17000056,17000045,17000046,17000058,345,25.905767,25.819702,26.422161,1490,24.76076,5.076615,20.686708,21383,2,0,2,76.966415,-25.063463,132.37105,154.09062,251.01788,0.05126543,-0.07649204,0.17019667,894465,0,0,0.010324695,159
17000047,16000000000000,17000053,17000000,16,7.272188,17000048,17000054,17000046,17000047,-1,367,17.901659,17.901659,18.245922,1490,24.718483,5.0556283,20.625624,21383,2,0,2,47.40942,-27.587454,128.40897,131.16397,228.86485,-0.6583515,0.43842983,-0.02874037,894427,0,0,0.013855558,6
17000048,15000000000003,17000052,17000000,15,7.8832035,17000049,17000053,17000047,17000048,-1,162,10.586078,10.500011,11.102471,1490,24.70105,5.084503,20.591606,21383,2,0,2,52.018333,-27.59965,132.20255,114.14335,176.85141,-0.08778258,0.06970913,0.035057005,894427,0,3,0.0102672,170
17000049,14000000000008,17000050,17000000,14,8.549912,17000050,17000051,17000048,17000049,-1,70,2.7541015,2.7541015,2.840167,1490,24.625175,5.103491,20.601604,21383,2,0,2,64.94547,-39.199673,44.912052,78.13066,123.04808,0.14846309,-0.26786715,0.12539044,894435,0,8,0.011673126,594
17000050,13000000000007,17000050,17000000,13,9.277915,-1,-1,17000049,17000050,-1,43,0.774591,0.774591,0.774591,1490,24.596079,5.1030607,20.602375,21383,2,0,2,75.84455,-14.978252,43.47986,60.636158,107.774345,0.0155911185,-0.11389742,0.02678791,894435,0,7,0.0074581825,887
17000051,14000000000010,17000052,17000000,14,8.549912,17000052,-1,17000048,17000051,-1,65,3.442627,3.442627,3.8729553,1490,24.65292,5.0081263,20.41364,21379,2,0,2,49.247074,-8.055696,187.40134,84.811966,130.13704,0.08586103,-0.06803129,0.116526306,910494,0,10,0.0075187227,247
17000052,13000000000022,17000052,17000000,13,9.277915,-1,-1,17000051,17000052,-1,29,1.3770508,1.3770508,1.4631164,1490,24.584597,5.0173907,20.313362,21379,2,0,2,27.111094,0.55581,158.1251,64.004944,106.2625,-0.087164044,-0.092418194,0.21152371,910514,0,22,0.0070777033,183
17000053,15000000000128,17000053,17000000,15,7.8832035,-1,-1,17000047,17000053,-1,21,1.549182,1.549182,1.6352477,1490,24.792183,5.240925,20.708256,21383,2,0,2,-21.840845,-100.2056,42.68548,54.16088,87.49651,0.068480216,-0.010435175,-0.011459994,894386,0,128,0.0061150547,512
17000054,16000000000207,17000055,17000000,16,7.272188,17000055,-1,17000046,17000054,-1,24,0.774591,0.774591,0.9467224,1490,24.482235,4.877208,20.549536,21381,2,0,2,179.33022,67.70222,94.63152,54.20796,84.38586,0.09296984,0.017029615,0.006958209,894484,0,207,0.008330734,229
17000055,15000000000141,17000055,17000000,15,7.8832035,-1,-1,17000054,17000055,-1,24,1.1188537,1.1188537,1.2909851,1490,24.426052,4.830681,20.526865,21381,2,0,2,154.6559,46.740776,96.07799,52.876434,90.099174,0.080664374,-0.00453788,-0.015259846,894453,0,141,0.006267177,764
17000056,17000000000086,17000057,17000000,17,6.7115865,17000057,17000058,17000045,17000056,-1,37,3.0122986,3.0122986,3.5286925,1490,24.946892,5.2392154,20.819292,21383,2,0,2,-45.70694,-94.70645,-34.463463,69.08391,99.14391,-0.19084418,0.09650242,0.08812975,896118,0,86,0.008833615,784
17000057,15000000000093,17000057,17000000,15,7.8832035,-1,-1,17000056,17000057,-1,25,0.0,0.0,0.60245967,1490,24.941702,5.35218,20.865574,21383,2,0,2,8.928544,-92.51445,23.510313,57.759922,76.75052,0.013012845,0.105136864,-0.014036112,894217,0,93,0.008919262,663
17000058,17000000000001,17000059,17000000,17,6.7115865,17000059,-1,17000045,17000046,-1,46,0.0,0.0,0.0,1490,24.697147,4.856646,20.553354,21381,2,0,2,37.567467,104.66454,328.3872,79.586784,119.11914,-0.02747659,0.04065108,0.02000893,910473,0,1,0.006676676,844
17000059,15000000000089,17000059,17000000,15,7.8832035,-1,-1,17000058,17000059,-1,33,1.3770508,1.3770508,1.6352477,1490,24.658373,4.819162,20.282883,21377,2,0,2,31.601587,29.120958,263.94135,65.64127,96.58537,-0.15239593,0.028271968,-0.07887043,910474,0,89,0.0071289293,953
17000060,20000000000607,17000061,17000000,20,5.2888336,17000061,-1,17000042,17000060,-1,38,1.549182,1.549182,2.1516418,1490,24.733696,5.4344144,20.909674,21383,2,0,2,139.08313,-205.34335,210.48744,56.35497,90.03538,-0.058792863,0.113050885,-0.26569688,908878,0,607,0.010640523,64
17000061,18000000000638,17000061,17000000,18,6.1968336,-1,-1,17000060,17000061,-1,22,1.1188537,1.1188537,1.3770508,1490,24.559593,5.5829206,20.698744,21383,2,0,2,127.10023,-137.14874,213.27089,41.36875,77.62627,-0.120676935,-0.007828076,0.019818464,908876,0,638,0.007913803,129
17000062,24000000000022,17000069,17000000,24,3.8656828,17000063,17000070,17000038,17000039,-1,39,0.0,0.0,0.0,1490,24.883764,4.7331705,21.25904,21381,2,0,2,298.13373,209.47997,199.37389,77.01945,119.66263,0.035635576,-0.046977,-0.14165096,625116,0,22,0.006297778,274
17000063,23000000000010,17000069,17000000,23,4.1794686,17000064,-1,17000062,17000040,17000071,54,0.0,0.0,0.0,1490,24.733545,4.6315236,21.157223,21381,2,0,2,246.80186,119.9123,182.04733,59.790627,105.15026,0.021395318,-0.011723405,0.106354125,641014,0,10,0.010144027,3
17000064,22000000000465,17000069,17000000,22,4.5195556,17000065,-1,17000063,17000064,-1,65,2.6680357,2.6680357,3.9590209,1490,24.547253,4.603766,21.06717,21381,2,0,2,213.1196,84.47136,178.44235,55.48542,97.79235,0.0020342646,0.028648078,-0.07454011,625074,0,465,0.0148885865,12
17000065,21000000000559,17000069,17000000,21,4.888449,17000066,-1,17000064,17000065,-1,50,5.4221373,5.4221373,5.508203,1490,24.502588,4.564276,20.967958,21381,2,0,2,197.89677,72.55704,185.58813,63.381874,107.085724,0.023849305,0.09185231,-0.05137509,625124,0,559,0.010096926,908
17000066,20000000000332,17000069,17000000,20,5.2888336,17000067,-1,17000065,17000066,-1,60,4.733612,4.733612,4.905743,1490,24.38151,4.5054526,20.8923,21380,2,0,2,180.98335,59.82084,181.02719,75.38375,125.045235,0.07597357,0.046667226,0.069002695,641020,0,332,0.008529424,556
17000067,19000000000236,17000069,17000000,19,5.7238646,17000068,-1,17000066,17000067,-1,61,2.4959044,2.4959044,2.9262328,1490,24.262918,4.4885473,20.810665,21380,2,0,2,170.99898,48.252327,175.9922,70.23546,109.99438,-0.044072706,-0.06028472,-0.027049968,641020,0,236,0.011659227,211
17000068,18000000000512,17000069,17000000,18,6.1968336,17000069,-1,17000067,17000068,-1,27,1.8934448,1.8934448,1.9795104,1490,24.254913,4.422619,20.663046,21380,2,0,2,140.915,42.827457,199.31155,61.373188,93.95002,-0.0472356,0.024823848,-0.084610544,625124,0,512,0.006367862,406
17000069,16000000000129,17000069,17000000,16,7.272188,-1,-1,17000068,17000069,-1,33,0.0,0.0,0.0,1490,24.08956,4.3687973,20.45874,21376,2,0,2,140.7644,7.614677,190.50052,44.881084,83.76812,-0.038921718,0.09333152,-0.112698294,910429,0,129,0.009070066,766
17000070,24000000000021,17000073,17000000,24,3.8656828,17000071,-1,17000038,17000039,17000062,39,0.0,0.0,0.0,1490,25.103207,5.145234,21.39326,21383,2,0,2,-59.62553,-304.9494,106.63797,56.112453,89.85222,0.07985806,-0.017017977,0.11060412,908819,0,21,0.0108866,243
17000071,23000000000011,17000073,17000000,23,4.1794686,17000072,-1,17000070,17000040,-1,40,0.0,0.0,0.0,1490,25.126938,5.325937,21.341501,21383,2,0,2,-11.113458,-261.39954,183.37926,65.006195,112.22106,0.024234695,-0.007338482,0.0053462335,908812,0,11,0.0069035864,139
17000072,22000000000684,17000073,17000000,22,4.5195556,17000073,-1,17000071,17000072,-1,43,2.840167,2.7541015,3.0122986,1490,25.147852,5.474194,21.259026,21383,2,0,2,30.734797,-227.34962,217.45053,55.10623,87.21977,0.03525228,0.044691194,0.0029006545,908819,0,684,0.012007325,676
17000073,21000000000527,17000073,17000000,21,4.888449,-1,-1,17000072,17000073,-1,41,0.86065674,0.86065674,0.86065674,1490,25.15099,5.6183724,21.12039,21383,2,0,2,37.96227,-202.9506,241.79488,46.13052,76.26203,0.049242463,0.11894699,0.027061032,908821,0,527,0.01648561,897
17000074,25000000000011,17000095,17000000,25,3.575905,17000075,-1,17000037,17000038,-1,140,0.0,0.0,0.0,1490,24.814043,5.115934,21.418705,21383,2,0,2,356.46936,-253.27826,202.9907,94.3936,142.29861,0.061180905,-0.09819499,-0.5765193,639510,0,11,0.013940984,383
17000075,24000000000167,17000085,17000000,24,3.8656828,17000076,17000086,17000074,17000075,17000086,196,21.946747,21.602484,22.291008,1490,24.683743,5.2373433,21.308102,21383,2,0,2,255.9598,-215.20705,207.8126,89.443634,144.9154,0.09982915,-0.13740924,-0.10647112,626590,0,167,0.017978124,691
17000076,23000000000151,17000084,17000000,23,4.1794686,17000077,17000085,17000075,17000076,17000087,173,11.618866,11.618866,12.479523,1490,24.584196,5.3504014,21.188831,21383,2,0,2,226.0988,-198.02344,216.63805,89.554504,139.16281,0.20434706,-0.12430263,-0.07507923,626590,0,151,0.017811213,295
17000077,22000000000107,17000084,17000000,22,4.5195556,17000078,-1,17000076,17000077,17000088,175,9.295093,8.778699,9.553289,1490,24.458832,5.4358025,21.087479,21383,2,0,2,204.98346,-148.09622,216.01399,88.3717,136.60556,-0.0012659337,-0.41892275,0.0391673,639512,0,107,0.018509895,173
17000078,21000000000168,17000084,17000000,21,4.888449,17000079,-1,17000077,17000078,-1,122,5.508203,5.4221373,5.9385314,1490,24.341673,5.51963,20.973131,21382,2,0,2,183.01147,-168.4141,217.94508,74.51511,117.992775,0.06626678,0.048156373,0.41684866,626568,0,168,0.016675446,704
17000079,20000000000422,17000083,17000000,20,5.2888336,17000080,17000084,17000078,17000079,-1,54,3.442627,3.442627,3.7008238,1490,24.253183,5.6288633,20.85792,21382,2,0,2,169.47012,-173.63823,178.61833,64.40278,106.20833,0.096837856,0.011337375,-0.023296425,626568,0,422,0.010255959,554
17000080,19000000000526,17000083,17000000,19,5.7238646,17000081,-1,17000079,17000080,-1,35,3.18443,3.18443,3.2704954,1490,24.183899,5.709807,20.768826,21382,2,0,2,164.11635,-139.2894,165.87108,62.418022,96.52747,-0.029739078,0.05289056,-0.029376617,626592,0,526,0.0072754933,192
17000081,18000000000373,17000083,17000000,18,6.1968336,17000082,-1,17000080,17000081,-1,36,3.0122986,3.0122986,3.0122986,1490,24.092144,5.7807245,20.688513,21382,2,0,2,142.16917,-135.06279,149.42918,68.15119,115.46889,0.020181162,-0.088341445,-0.057798456,639508,0,373,0.0058696456,101
17000082,17000000000291,17000083,17000000,17,6.7115865,17000083,-1,17000081,17000082,-1,31,2.5819702,2.5819702,2.6680357,1490,23.995,5.851888,20.62516,21382,2,0,2,146.97195,-130.97432,140.50075,66.485245,114.414375,0.07422051,-0.0044375556,-0.074590355,626592,0,291,0.005200947,583
17000083,16000000000264,17000083,17000000,16,7.272188,-1,-1,17000082,17000083,-1,24,2.2377074,2.2377074,2.3237731,1493,23.923742,5.9304132,20.557228,21396,2,0,2,146.6836,-133.52844,157.21367,54.78279,100.09905,0.048858415,-0.0071113626,0.0019494715,626592,0,264,0.0063609644,746
17000084,20000000001438,17000084,17000000,20,5.2888336,-1,-1,17000078,17000084,-1,22,0.0,0.0,0.60245967,1490,24.377762,5.48936,20.883932,21382,2,0,2,207.80855,-56.74242,292.81168,41.57998,62.055233,-0.11609865,-0.16383763,0.11250546,626636,0,1438,0.012521142,864
17000085,23000000001738,17000085,17000000,23,4.1794686,-1,-1,17000075,17000085,-1,20,0.6885254,0.6885254,0.6885254,1490,24.79013,5.3180537,21.330227,21383,2,0,2,226.096,-117.23885,226.27113,33.07219,58.204845,0.007889867,0.14712244,0.08115996,624810,0,1738,0.012978806,150
17000086,24000000000168,17000095,17000000,24,3.8656828,17000087,-1,17000074,17000075,-1,29,0.0,0.0,0.0,1490,24.608284,5.350993,21.308002,21383,2,0,2,403.70645,-147.95686,177.07272,67.7329,104.503975,0.017833227,-0.09461872,-0.05660885,639442,0,168,0.006478894,219
17000087,23000000000152,17000095,17000000,23,4.1794686,17000088,-1,17000086,17000076,-1,41,0.0,0.0,0.0,1490,24.39553,5.4066796,21.184063,21382,2,0,2,329.41577,-105.159966,163.1659,59.574444,103.57515,0.07373074,0.024952402,0.09302582,639477,0,152,0.008411311,489
17000088,22000000000108,17000095,17000000,22,4.5195556,17000089,-1,17000087,17000077,-1,38,0.0,0.0,0.0,1490,24.241156,5.4542017,21.110783,21382,2,0,2,276.62238,-100.942535,152.4423,64.77863,111.16229,-0.011929228,-0.08557355,-0.043164246,626655,0,108,0.007371343,753
17000089,21000000000471,17000095,17000000,21,4.888449,17000090,-1,17000088,17000089,-1,64,4.5614805,4.4754148,4.5614805,1490,24.096338,5.5048785,21.05149,21382,2,0,2,250.09128,-80.94402,157.77995,66.08787,115.01148,0.023723321,-0.0924002,0.06635632,639442,0,471,0.009499535,549
17000090,20000000000381,17000095,17000000,20,5.2888336,17000091,-1,17000089,17000090,-1,58,3.6147583,3.5286925,4.131152,1490,23.983494,5.5829196,20.96798,21382,2,0,2,227.7982,-79.58862,151.68327,63.314575,107.3155,0.03596875,-0.053734865,0.008929528,639442,0,381,0.010377777,896
17000091,19000000000334,17000095,17000000,19,5.7238646,17000092,-1,17000090,17000091,-1,51,3.7868896,3.7868896,4.0450864,1490,23.848726,5.621916,20.873354,21382,2,0,2,212.52406,-74.91155,155.07912,65.51117,111.455795,0.052028846,-0.035163153,-0.0028852283,639477,0,334,0.009732934,410
17000092,18000000000236,17000095,17000000,18,6.1968336,17000093,-1,17000091,17000092,-1,48,3.098364,3.098364,3.2704954,1490,23.758602,5.631908,20.776707,21382,2,0,2,188.27443,-74.69583,154.25214,67.434425,112.94618,0.13455358,-0.037347656,-0.019490624,626659,0,236,0.00793847,286
17000093,17000000000259,17000095,17000000,17,6.7115865,17000094,-1,17000092,17000093,-1,34,2.840167,2.840167,2.840167,1490,23.667873,5.675855,20.707895,21382,2,0,2,190.39917,-64.98365,147.87227,71.49458,124.28114,-0.005323777,-0.08403703,-0.008553758,639477,0,259,0.005108265,942
17000094,16000000000206,17000095,17000000,16,7.272188,17000095,-1,17000093,17000094,-1,30,1.549182,1.549182,1.6352477,1490,23.558332,5.6808443,20.643286,21382,2,0,2,179.20773,-62.447014,154.82178,60.49516,98.18887,0.09934552,-0.020261563,-0.016068013,626653,0,206,0.006504009,796
17000095,15000000000176,17000095,17000000,15,7.8832035,-1,-1,17000094,17000095,-1,24,0.0,0.0,0.0,1490,23.479845,5.677427,20.570297,21382,2,0,2,159.32072,-59.345097,149.33963,50.566227,82.33732,0.042463556,-0.08295992,0.025500359,639447,0,176,0.007867665,507
17000096,26000000000007,17000106,17000000,26,3.3080978,17000097,-1,17000036,17000037,-1,65,0.0,0.0,0.0,1489,24.696138,5.1974764,21.601215,21411,2,0,2,420.4255,-148.05112,137.86209,61.59168,83.412315,0.020071615,0.03280751,-0.316092,626665,0,7,0.01971062,545
17000097,25000000000762,17000106,17000000,25,3.575905,17000098,-1,17000096,17000097,-1,76,2.9262328,2.9262328,3.0122986,1489,24.489832,5.297082,21.52549,21411,2,0,2,367.58783,-121.61655,142.97343,55.764534,87.0762,-0.039184775,-0.01617929,-0.39267412,639429,0,762,0.025340363,907
17000098,24000000000656,17000106,17000000,24,3.8656828,17000099,-1,17000097,17000098,-1,78,2.5819702,2.5819702,2.7541015,1490,24.286573,5.3509593,21.43755,21382,2,0,2,328.26355,-100.7551,139.85045,53.318233,84.766655,-0.0609665,-0.046471532,-0.43096325,626678,0,656,0.023425458,414
17000099,23000000000754,17000106,17000000,23,4.1794686,17000100,-1,17000098,17000099,-1,50,3.7008238,3.7008238,3.7868896,1490,24.108267,5.430437,21.320517,21382,2,0,2,313.7978,-107.86478,154.6906,56.5806,91.56392,0.027910484,0.123993225,-0.09028792,626676,0,754,0.01277447,803
17000100,22000000000679,17000106,17000000,22,4.5195556,17000101,-1,17000099,17000100,-1,48,4.131152,4.131152,4.131152,1490,23.930746,5.4451013,21.240627,21382,2,0,2,287.59625,-94.39024,156.40878,72.53439,102.15139,-0.08693513,0.09400678,-0.00150248,626665,0,679,0.010281108,417
17000101,21000000000599,17000106,17000000,21,4.888449,17000102,-1,17000100,17000101,-1,45,3.2704954,3.2704954,3.3565612,1490,23.780901,5.506116,21.131699,21382,2,0,2,285.3093,-92.68326,170.24426,67.89164,104.88605,-0.0357702,0.0648773,-0.01506587,626675,0,599,0.008926037,752
17000102,20000000000721,17000106,17000000,20,5.2888336,17000103,-1,17000101,17000102,-1,37,2.1516418,2.1516418,2.4098387,1490,23.648056,5.571028,21.042,21382,2,0,2,274.18637,-90.92974,193.21921,50.909504,91.86355,0.008287763,0.05941401,-0.02769682,626662,0,721,0.009426251,665
17000103,19000000000757,17000106,17000000,19,5.7238646,17000104,-1,17000102,17000103,-1,30,1.8934448,1.8934448,2.065576,1490,23.516794,5.6235757,20.93134,21382,2,0,2,251.92795,-96.698654,190.12029,54.104836,91.43343,-5.7832967E-5,0.0871482,-0.031426493,626662,0,757,0.0073680836,360
17000104,18000000000679,17000106,17000000,18,6.1968336,17000105,-1,17000103,17000104,-1,25,2.1516418,2.1516418,2.1516418,1069,23.36279,5.6824827,20.829582,20943,2,0,2,238.2135,-84.020775,187.90822,58.53038,107.372894,-0.02500237,0.007644458,-0.031952977,626673,0,679,0.0052496674,820
17000105,17000000000436,17000106,17000000,17,6.7115865,17000106,-1,17000104,17000105,-1,26,1.8073791,1.8073791,1.8073791,1069,23.242308,5.7119207,20.71667,20943,2,0,2,229.9238,-81.68637,189.97676,57.20985,102.250046,-0.007854689,0.049984142,-0.025439778,626665,0,436,0.005948962,133
17000106,16000000000347,17000106,17000000,16,7.272188,-1,-1,17000105,17000106,-1,22,1.032788,1.032788,1.032788,1069,23.127567,5.7233076,20.648726,20943,2,0,2,217.22345,-77.67834,188.19006,45.321827,78.15827,-0.024181616,0.042025384,-0.019185735,626665,0,347,0.0074648857,552
17000107,27000000001946,17000110,17000000,27,3.060419,17000108,17000111,17000035,17000107,-1,32,2.4959044,2.2377074,2.4959044,1489,24.692709,4.9843497,21.72925,21411,2,0,2,447.1282,-34.123863,114.423874,41.729195,70.92654,-0.01126853,0.05881207,0.20003553,624984,0,1946,0.012811071,678
17000108,26000000002480,17000110,17000000,26,3.3080978,17000109,-1,17000107,17000108,-1,25,1.7213135,1.549182,2.065576,1489,24.494019,4.999077,21.644957,21411,2,0,2,350.31088,-10.674818,134.67741,39.31992,71.86943,-0.07690909,0.08578336,-0.014345717,624984,0,2480,0.013244438,231
17000109,25000000002757,17000110,17000000,25,3.575905,17000110,-1,17000108,17000109,-1,20,1.549182,1.549182,1.549182,1489,24.2865,5.035179,21.582867,21410,2,0,2,303.33932,-13.9946165,142.63455,35.630413,69.10376,-0.10626922,0.04202924,0.06595221,641117,0,2757,0.009041282,736
17000110,24000000002140,17000110,17000000,24,3.8656828,-1,-1,17000109,17000110,-1,27,0.0,0.0,0.60245967,1490,24.126799,5.0491905,21.468672,21382,2,0,2,287.951,-21.09122,152.41154,37.361473,66.10978,-0.06208943,0.12660415,0.12485165,624984,0,2140,0.015045271,985
17000111,27000000000012,17000119,17000000,27,3.060419,17000112,17000120,17000035,17000036,-1,24,0.0,0.0,0.0,1489,25.359686,5.063654,21.738722,21411,2,0,2,-84.187775,-278.37628,56.68633,55.633892,100.33211,-0.031031208,0.012984328,-0.059889585,909058,0,12,0.005381339,421
17000112,26000000000347,17000119,17000000,26,3.3080978,17000113,-1,17000111,17000121,-1,39,0.0,0.0,0.0,1489,25.373579,5.216421,21.68525,21411,2,0,2,-22.5784,-287.64688,134.56827,65.511505,112.34248,-0.024179835,-0.0013238239,0.055574257,909058,0,347,0.00650175,810
17000113,25000000000280,17000119,17000000,25,3.575905,17000114,-1,17000112,17000122,-1,62,0.0,0.0,0.0,1489,25.368656,5.3621683,21.612429,21411,2,0,2,-21.941448,-264.93127,178.64343,67.12918,119.19043,0.07414126,0.01069657,-0.064518355,909058,0,280,0.009170993,723
17000114,24000000000615,17000119,17000000,24,3.8656828,17000115,-1,17000113,17000114,-1,83,6.4549255,6.4549255,6.799188,1488,25.393036,5.493539,21.5004,21418,2,0,2,-19.489948,-233.98387,194.48901,69.389465,120.56489,0.057174817,0.12577435,-0.072907306,908833,0,615,0.011654565,478
17000115,23000000000563,17000119,17000000,23,4.1794686,17000116,-1,17000114,17000115,-1,81,5.2500057,5.2500057,5.9385314,1490,25.381424,5.6165814,21.387306,21383,2,0,2,-18.736366,-206.78554,209.55049,72.12879,121.879005,0.02397387,0.10305656,-0.1183043,909674,0,563,0.011820242,160
17000116,22000000000408,17000119,17000000,22,4.5195556,17000117,-1,17000115,17000116,-1,78,5.4221373,5.3360715,5.680334,1491,25.418753,5.7318053,21.274458,21390,2,0,2,-6.6392326,-177.83865,214.66676,73.99045,132.54156,-0.007047275,0.05037886,-0.06533691,909097,0,408,0.009957552,271
17000117,21000000000603,17000119,17000000,21,4.888449,17000118,-1,17000116,17000117,-1,48,4.131152,4.131152,4.217218,1491,25.449335,5.8276863,21.170834,21390,2,0,2,-21.836552,-170.58745,220.63795,75.93201,130.35435,-0.0054625683,0.1190614,-0.014400794,909671,0,603,0.0065480797,640
17000118,20000000000489,17000119,17000000,20,5.2888336,17000119,-1,17000117,17000118,-1,48,2.7541015,2.7541015,2.7541015,1492,25.495707,5.911329,21.051214,21404,2,0,2,-16.763067,-154.7301,225.21336,66.364876,102.3225,0.004228628,0.15284604,0.014971095,909096,0,489,0.010920352,686
17000119,19000000000512,17000119,17000000,19,5.7238646,-1,-1,17000118,17000119,-1,40,1.6352477,1.6352477,1.6352477,1492,25.508297,5.9969,20.935505,21404,2,0,2,-14.924178,-133.0576,207.25526,55.18354,88.5864,-0.025233187,0.16050567,-0.0021269515,909101,0,512,0.010803717,582
17000120,27000000000010,17000130,17000000,27,3.060419,17000121,-1,17000035,17000036,17000133,105,0.0,0.0,0.0,1488,25.40227,5.1611896,21.709143,21418,2,0,2,-229.75099,-224.9162,161.4616,74.84515,126.865425,-0.028356714,-0.087250255,0.27900392,896099,0,10,0.013318784,565
17000121,26000000000346,17000130,17000000,26,3.3080978,17000122,-1,17000120,17000121,17000112,134,12.307391,11.618866,13.684442,1488,25.503462,5.2631893,21.624361,21418,2,0,2,-139.13225,-173.3431,141.34256,77.36742,132.49829,-0.024866827,0.054607328,0.5207033,895221,0,346,0.015275599,812
17000122,25000000000279,17000130,17000000,25,3.575905,17000123,-1,17000121,17000122,17000113,120,9.122961,8.9508295,9.381158,1488,25.592531,5.3573103,21.551725,21418,2,0,2,-107.519966,-137.25099,142.04485,70.23333,123.64517,-0.09910069,-0.053033713,0.14640388,895247,0,279,0.016196838,690
17000123,24000000000574,17000130,17000000,24,3.8656828,17000124,-1,17000122,17000123,-1,89,6.6270566,6.6270566,7.4016476,1491,25.634201,5.4053273,21.4534,21390,2,0,2,-85.66397,-118.66956,137.38977,71.81758,123.52988,-0.14635026,-0.07082909,0.09876567,895254,0,574,0.011582317,152
17000124,23000000000567,17000130,17000000,23,4.1794686,17000125,-1,17000123,17000124,-1,78,6.024597,6.024597,6.196728,1491,25.671406,5.4566507,21.406113,21390,2,0,2,-60.925873,-111.31458,132.95813,68.249176,116.71676,-0.18876527,-0.03543521,0.0070684003,895247,0,567,0.012691346,622
17000125,22000000000578,17000130,17000000,22,4.5195556,17000126,-1,17000124,17000125,-1,61,4.991809,4.991809,5.2500057,1491,25.695782,5.505674,21.324223,21390,2,0,2,-45.460087,-94.04924,128.9511,65.44689,115.3357,-0.023772566,-0.031228933,-8.4780616E-4,895225,0,578,0.0100378245,315
17000126,21000000000484,17000130,17000000,21,4.888449,17000127,-1,17000125,17000126,-1,61,4.5614805,4.5614805,4.5614805,1491,25.741354,5.553428,21.253561,21390,2,0,2,-32.85045,-91.2684,131.50648,61.644646,113.96027,-0.03134091,-0.04708355,-0.024955032,895248,0,484,0.010298993,64
17000127,20000000000570,17000130,17000000,20,5.2888336,17000128,-1,17000126,17000127,-1,45,3.7008238,3.7008238,3.7868896,1491,25.75481,5.615102,21.194975,21390,2,0,2,-32.439754,-88.89661,125.6167,61.071743,106.114006,0.02306245,-0.12307936,-0.11791333,895247,0,570,0.009223137,171
17000128,19000000000548,17000130,17000000,19,5.7238646,17000129,-1,17000127,17000128,-1,37,2.840167,2.840167,2.9262328,1491,25.767471,5.6579204,21.115147,21390,2,0,2,-19.359491,-72.25406,116.230644,65.81548,112.998085,-0.09619576,-0.08398359,-0.1331739,895247,0,548,0.005782346,746
17000129,18000000000416,17000130,17000000,18,6.1968336,17000130,-1,17000128,17000129,-1,34,2.5819702,2.5819702,2.6680357,1491,25.75836,5.6878076,21.032232,21390,2,0,2,-8.180157,-71.21176,115.64355,56.776863,98.04805,-0.033375714,-0.06253595,-0.102746956,896099,0,416,0.008750923,816
17000130,17000000000413,17000130,17000000,17,6.7115865,-1,-1,17000129,17000130,-1,27,1.4631164,1.4631164,1.4631164,1491,25.771677,5.7210383,20.966278,21390,2,0,2,12.119537,-61.242073,126.70121,52.18719,90.930954,0.019398833,-0.03690665,-0.081561305,896099,0,413,0.0067034857,367
17000131,30000000000030,17000145,17000000,30,2.422044,17000132,-1,17000032,17000033,-1,34,0.0,0.0,0.0,1489,25.216358,5.003815,22.055367,21411,2,0,2,-122.91204,37.3906,253.54529,66.04003,98.016106,0.057096858,-0.017269602,0.020977052,641377,0,30,0.008103647,554
17000132,28000000000015,17000145,17000000,28,2.8311827,17000133,-1,17000131,17000035,-1,50,0.0,0.0,0.0,1489,25.189873,4.621946,21.675673,21409,2,0,2,323.9928,294.47296,284.83112,60.25512,105.80846,0.03450529,-0.07701725,0.044669583,641015,0,15,0.009864926,925
17000133,27000000000011,17000145,17000000,27,3.060419,17000134,-1,17000132,17000036,17000111,98,0.0,0.0,0.0,1489,25.011827,4.5080934,21.52163,21409,2,0,2,329.36862,135.42209,187.67653,68.04694,115.06396,0.3700531,-0.22734557,0.3254663,641029,0,11,0.014052676,89
17000134,26000000000492,17000145,17000000,26,3.3080978,17000135,-1,17000133,17000134,-1,137,8.176239,8.090173,8.434436,1490,24.82334,4.450665,21.436104,21381,2,0,2,307.34103,61.830082,155.61504,64.28165,123.47568,0.10346264,-0.15409651,-0.010643347,641029,0,492,0.017307198,719
17000135,25000000000586,17000145,17000000,25,3.575905,17000136,-1,17000134,17000135,-1,99,9.209027,9.209027,9.467224,1490,24.647165,4.418849,21.368473,21381,2,0,2,287.0665,23.366337,150.35855,68.76816,124.7414,0.1036164,-0.07386512,0.06870242,641029,0,586,0.013500533,727
17000136,24000000000474,17000145,17000000,24,3.8656828,17000137,-1,17000135,17000136,-1,102,8.692633,8.606567,9.122961,1490,24.488073,4.4099035,21.266897,21381,2,0,2,270.0138,-1.5065901,138.94783,79.04375,136.9287,0.14694013,-0.052448597,0.079383925,641029,0,474,0.011037054,706
17000137,23000000000507,17000145,17000000,23,4.1794686,17000138,-1,17000136,17000137,-1,82,7.057385,6.7131224,7.9180417,1490,24.35407,4.403809,21.175755,21380,2,0,2,255.33676,-15.240312,134.77051,72.05976,122.62543,0.06521811,0.044650897,0.049806565,641033,0,507,0.010550772,485
17000138,22000000000365,17000145,17000000,22,4.5195556,17000139,-1,17000137,17000138,-1,84,5.7664,5.7664,5.7664,1490,24.222137,4.42132,21.130224,21380,2,0,2,231.34782,-20.732533,126.458405,66.05181,115.01476,0.11006918,-0.13779625,0.028594503,641010,0,365,0.013389639,460
17000139,21000000000423,17000145,17000000,21,4.888449,17000140,-1,17000138,17000139,-1,67,4.905743,4.905743,4.991809,1490,24.120827,4.440684,21.044256,21380,2,0,2,213.0318,-12.813208,131.22472,69.39567,118.51724,0.029584708,-0.18743403,-0.020724803,625170,0,423,0.009202283,438
17000140,20000000000472,17000145,17000000,20,5.2888336,17000141,-1,17000139,17000140,-1,50,4.0450864,3.7868896,4.3893495,1490,24.018213,4.449459,20.976654,21380,2,0,2,193.61147,-16.220951,118.23232,63.883873,112.68435,0.08787291,-0.067681886,-0.10002391,641003,0,472,0.008406745,371
17000141,19000000000277,17000145,17000000,19,5.7238646,17000142,-1,17000140,17000141,-1,57,3.3565612,3.3565612,3.6147583,1490,23.90299,4.470044,20.877365,21380,2,0,2,181.78885,-12.291643,110.54064,71.11993,107.27958,-0.010217225,-0.06621916,-0.05591996,641003,0,277,0.010056886,360
17000142,18000000000182,17000145,17000000,18,6.1968336,17000143,-1,17000141,17000142,-1,56,4.217218,4.217218,4.3893495,1490,23.855394,4.470156,20.846708,21380,2,0,2,160.70793,-22.80986,106.26129,77.5467,128.6487,-0.04469422,-0.086019,0.044977926,641029,0,182,0.00713158,435
17000143,17000000000150,17000145,17000000,17,6.7115865,17000144,-1,17000142,17000143,-1,46,4.131152,4.131152,4.3893495,1490,23.757229,4.485204,20.802818,21380,2,0,2,160.7806,-17.470657,101.93069,74.81905,124.33582,-0.0807175,-0.1029895,0.09401912,641002,0,150,0.0061839586,930
17000144,16000000000128,17000145,17000000,16,7.272188,17000145,-1,17000143,17000144,-1,37,3.098364,3.098364,3.098364,1490,23.66264,4.5009637,20.732758,21380,2,0,2,141.22478,-7.750479,101.87615,76.82024,116.75861,-0.007640727,0.01378439,0.0626918,641029,0,128,0.005657177,412
17000145,15000000000146,17000145,17000000,15,7.8832035,-1,-1,17000144,17000145,-1,26,1.3770508,1.3770508,1.549182,1490,23.634401,4.4914165,20.724268,21380,2,0,2,126.98024,-19.099302,80.73276,68.42681,98.54627,0.056539968,0.06473703,0.049223546,641003,0,146,0.0058342773,791
17000146,31000000002790,17000147,17000000,31,2.2394855,17000147,17000148,17000031,17000146,-1,21,1.2049193,1.1188537,1.2049193,1488,25.885149,4.798618,22.232368,21416,2,0,2,-151.8892,-116.01296,104.84188,30.59394,54.31622,0.1485295,0.0062472224,-0.15133151,909766,0,2790,0.015119656,610
17000147,30000000003853,17000147,17000000,30,2.422044,-1,-1,17000146,17000147,-1,20,1.2909851,0.6885254,1.2909851,1488,25.956522,4.8352513,22.195236,21416,2,0,2,-100.899475,-100.30571,110.00354,31.023394,53.235973,0.07462685,0.08017386,-0.116932005,894961,0,3853,0.016832806,3
17000148,31000000002008,17000152,17000000,31,2.2394855,17000149,-1,17000031,17000148,-1,21,2.1516418,2.1516418,2.1516418,1489,25.139568,5.0506887,22.00313,21411,2,0,2,302.14932,-373.70636,119.925896,32.409233,53.621128,0.029207677,0.20554581,0.01670971,639223,0,2008,0.015285696,984
17000149,29000000002221,17000152,17000000,29,2.6188614,17000150,-1,17000148,17000149,-1,24,0.6885254,0.6885254,0.6885254,1489,24.816986,5.4124727,21.87923,21411,2,0,2,227.3378,-272.42487,50.983963,29.68027,58.59091,-0.039275855,0.047563214,0.103879854,639229,0,2221,0.017490195,960
17000150,28000000002667,17000152,17000000,28,2.8311827,17000151,-1,17000149,17000150,-1,24,1.6352477,1.6352477,1.8073791,1489,24.686148,5.5438056,21.86636,21411,2,0,2,200.41017,-229.32802,36.66318,30.922264,60.55374,-0.070355035,0.020903302,0.07091752,639230,0,2667,0.013495382,277
17000151,27000000003383,17000152,17000000,27,3.060419,17000152,-1,17000150,17000151,-1,20,1.4631164,1.4631164,1.4631164,1489,24.562012,5.669135,21.85187,21411,2,0,2,190.24281,-208.19803,32.369293,37.563847,69.34335,-0.19196156,-0.016354473,0.111774266,639207,0,3383,0.010601669,837
17000152,26000000003081,17000152,17000000,26,3.3080978,-1,-1,17000151,17000152,-1,21,1.7213135,1.7213135,1.7213135,1489,24.479616,5.7881737,21.829641,21411,2,0,2,166.92162,-176.53207,30.757755,45.15531,75.55943,-0.19187775,-0.011965767,0.115056954,639232,0,3081,0.008272104,522
17000153,32000000002920,17000157,17000000,32,2.0700274,17000154,-1,17000030,17000153,-1,20,0.60245967,0.516394,0.774591,1488,25.760452,4.2623277,22.490784,21420,2,0,2,57.79791,19.151117,-108.67754,22.95697,45.406532,0.08911868,0.0359661,0.017486576,893838,0,2920,0.019748125,851
17000154,31000000004271,17000157,17000000,31,2.2394855,17000155,-1,17000153,17000154,-1,21,0.0,0.0,0.0,1488,25.724043,4.2530847,22.544582,21420,2,0,2,95.20603,-17.218605,-69.87778,29.310394,44.861214,-1.2361386E-4,0.12516573,0.056786504,893751,0,4271,0.025199622,19
17000155,30000000004132,17000157,17000000,30,2.422044,17000156,-1,17000154,17000155,-1,21,1.032788,1.032788,1.032788,1488,25.657572,4.263064,22.607405,21420,2,0,2,104.260635,-37.646675,-45.176056,34.74794,58.73716,-0.014487591,0.05776359,0.09572225,893605,0,4132,0.012580628,66
17000156,29000000003691,17000157,17000000,29,2.6188614,17000157,-1,17000155,17000156,-1,23,1.549182,1.549182,1.549182,1488,25.5689,4.2869453,22.658756,21420,2,0,2,111.67994,-47.929153,-31.207003,37.449318,64.367485,-0.009835474,0.06750771,0.09336343,893838,0,3691,0.012095402,673
17000157,28000000003732,17000157,17000000,28,2.8311827,-1,-1,17000156,17000157,-1,21,1.549182,1.549182,1.549182,1488,25.52463,4.3260055,22.653572,21420,2,0,2,116.214676,-52.9771,-17.63547,38.38075,66.04541,-3.0780086E-4,0.06088587,0.071836054,893604,0,3732,0.010520231,364
17000158,35000000000097,17000171,17000000,35,1.6302707,17000159,-1,17000027,17000028,-1,43,0.0,0.0,0.0,1488,25.988056,4.543985,22.708197,21420,2,0,2,-262.9283,-172.02936,86.699844,51.356003,89.222725,0.32427236,0.07583047,-0.024357138,895140,0,97,0.010229199,530
17000159,34000000001832,17000171,17000000,34,1.766336,17000160,-1,17000158,17000159,-1,53,4.4754148,3.7868896,4.6475463,1488,26.10456,4.630589,22.644577,21420,2,0,2,-166.86665,-138.36243,120.6178,43.217712,81.84375,0.40924507,-0.14135729,-0.042019624,895176,0,1832,0.015906492,477
17000160,33000000002182,17000171,17000000,33,1.9126327,17000161,-1,17000159,17000160,-1,45,3.7008238,3.2704954,4.131152,1488,26.195885,4.700232,22.567095,21420,2,0,2,-113.4383,-109.74229,132.9235,40.68894,76.61112,0.24894856,-0.2083546,0.052688234,909770,0,2182,0.015057772,673
17000161,32000000002309,17000171,17000000,32,2.0700274,17000162,-1,17000160,17000161,-1,41,3.098364,3.0122986,3.098364,1488,26.232138,4.7756085,22.470078,21420,2,0,2,-80.573166,-104.14325,134.43636,42.230446,76.77328,0.37008044,-0.27427572,0.08772244,895170,0,2309,0.015528883,999
17000162,31000000002457,17000171,17000000,31,2.2394855,17000163,-1,17000161,17000162,-1,40,2.840167,2.4959044,2.840167,1488,26.278154,4.8261576,22.384274,21416,2,0,2,-67.470726,-97.10941,143.99907,42.10093,75.74841,0.18304214,-0.22951731,0.027685585,895071,0,2457,0.01555998,565
17000163,30000000002629,17000171,17000000,30,2.422044,17000164,-1,17000162,17000163,-1,35,2.4959044,2.4959044,2.6680357,1488,26.308043,4.8710356,22.32314,21416,2,0,2,-49.702072,-88.90027,138.86742,40.575375,75.81325,-9.821323E-4,-0.09955362,0.058599126,895141,0,2629,0.013514303,869
17000164,29000000002630,17000171,17000000,29,2.6188614,17000165,-1,17000163,17000164,-1,32,2.4098387,2.4098387,2.4098387,1488,26.35483,4.9153686,22.258549,21418,2,0,2,-45.33732,-88.32921,141.80066,36.30053,70.77229,0.0023839104,-0.07807,-0.03586572,895074,0,2630,0.013953423,781
17000165,28000000003223,17000171,17000000,28,2.8311827,17000166,-1,17000164,17000165,-1,24,1.8073791,1.8073791,1.8934448,1488,26.380295,4.9645753,22.187748,21419,2,0,2,-32.5857,-75.094955,138.87968,38.62131,73.2799,0.16091359,-0.1357047,0.09336676,909773,0,3223,0.009523006,532
17000166,27000000003279,17000171,17000000,27,3.060419,17000167,-1,17000165,17000166,-1,23,1.8934448,1.8934448,2.065576,1488,26.390602,5.0061965,22.094402,21419,2,0,2,-26.2459,-78.40258,141.77142,44.01823,82.910065,0.15301585,-0.1019487,0.022453578,895141,0,3279,0.007580229,399
17000167,26000000001608,17000171,17000000,26,3.3080978,17000168,-1,17000166,17000167,-1,43,1.8934448,1.8934448,2.3237731,1488,26.371109,5.040612,22.003813,21419,2,0,2,-21.83309,-51.48426,160.23927,45.462723,75.09824,0.5557548,-0.13820279,0.13266183,895141,0,1608,0.01687288,797
17000168,25000000002650,17000171,17000000,25,3.575905,17000169,-1,17000167,17000168,-1,23,1.3770508,1.3770508,1.4631164,1488,26.404049,5.071621,21.926754,21419,2,0,2,-12.939442,-73.96306,158.15361,39.865993,74.6012,0.12666811,-0.17981553,-0.0517472,895141,0,2650,0.011060589,920
17000169,24000000002487,17000171,17000000,24,3.8656828,17000170,-1,17000168,17000169,-1,23,1.2049193,1.2049193,1.2909851,1488,26.361017,5.145525,21.831684,21418,2,0,2,-12.935869,-71.406,167.48796,39.420475,68.14816,0.12034639,-0.17351039,-0.045919962,909773,0,2487,0.011434305,380
17000170,23000000001804,17000171,17000000,23,4.1794686,17000171,-1,17000169,17000170,-1,27,1.8934448,1.8934448,1.8934448,1488,26.40826,5.160623,21.749445,21419,2,0,2,-19.100454,-56.841553,170.73204,48.775517,82.744896,0.09999571,-0.1431823,0.03485232,895071,0,1804,0.009000878,493
17000171,22000000001290,17000171,17000000,22,4.5195556,-1,-1,17000170,17000171,-1,30,1.6352477,1.6352477,1.6352477,1488,26.396687,5.2112556,21.629705,21419,2,0,2,-21.879549,-41.52862,169.99556,51.367607,79.15179,0.11199523,-0.024110798,0.08450636,894949,0,1290,0.009735242,991
17000172,43000000001895,17000177,17000000,43,0.8276991,17000173,-1,17000019,17000172,-1,29,2.5819702,1.8073791,2.5819702,1487,26.372686,3.2283978,23.171267,21311,2,0,2,85.97816,64.60168,216.40752,33.187336,44.401604,-0.0481905,0.12692249,0.13615978,891719,0,1895,0.03220087,197
17000173,42000000002605,17000177,17000000,42,0.9054624,17000174,-1,17000172,17000173,-1,30,2.7541015,1.2909851,2.5819702,1487,26.344463,3.226652,23.088596,21310,2,0,2,84.557396,52.720924,182.52493,33.24214,46.51073,-0.0239364,0.20649007,-0.052444346,891719,0,2605,0.033732645,658
17000174,41000000002226,17000177,17000000,41,0.98870814,17000175,-1,17000173,17000174,-1,26,3.442627,2.5819702,3.18443,1487,26.311161,3.187073,23.037737,21310,2,0,2,100.41023,54.93398,187.00856,29.320116,46.924805,0.20541833,0.43420762,-0.034637976,891504,0,2226,0.03513142,725
17000175,40000000002239,17000177,17000000,40,1.0778745,17000176,-1,17000174,17000175,-1,31,3.098364,2.840167,3.098364,1487,26.240782,3.1725361,22.941336,21310,2,0,2,84.732124,36.23956,148.03326,35.603497,51.498283,0.29079443,0.2697779,-0.009786314,891544,0,2239,0.026402354,523
17000176,39000000001956,17000177,17000000,39,1.173417,17000177,-1,17000175,17000176,-1,21,2.5819702,2.3237731,2.5819702,1487,26.185059,3.1469772,22.86586,21310,2,0,2,93.76167,39.29509,134.89713,30.341839,45.8927,0.1918039,0.25513119,0.11076617,891544,0,1956,0.02021104,762
17000177,38000000002294,17000177,17000000,38,1.2758462,-1,-1,17000176,17000177,-1,27,2.840167,2.4959044,2.840167,1487,26.138502,3.1251252,22.766409,21310,2,0,2,88.90744,26.530502,81.35724,35.968987,50.81694,0.31071404,0.18994978,0.01323105,891538,0,2294,0.024114989,704
17000178,46000000003867,17000178,17000000,46,0.6235901,-1,17000179,17000016,17000178,-1,20,1.549182,0.9467224,1.2909851,1442,26.470148,3.3154533,23.557076,23067,2,0,2,133.1636,86.00162,353.78476,28.49002,46.339397,0.23790528,-0.015922679,0.042127296,893518,0,3867,0.027122019,819
17000179,46000000000166,17000206,17000000,46,0.6235901,17000180,-1,17000016,17000017,-1,25,0.0,0.0,0.0,1442,26.803732,3.6698246,23.806292,23067,3,0,2,43.993423,-377.46176,426.574,29.13549,59.0316,0.10768481,0.09207647,0.003142537,913846,0,166,0.014018916,421
17000180,45000000000168,17000206,17000000,45,0.6871088,17000181,-1,17000179,17000018,-1,32,0.0,0.0,0.0,1442,26.769327,3.8174593,23.637386,23067,2,0,2,117.02753,-306.92636,335.85327,30.985764,64.965034,0.057486106,0.19103362,-0.13398296,910831,0,168,0.021620119,124
17000181,44000000000160,17000206,17000000,44,0.75503564,17000182,-1,17000180,17000019,-1,32,0.0,0.0,0.0,1437,26.705223,3.9616392,23.49863,23177,2,0,2,171.65125,-240.23608,261.92957,33.244156,66.24139,0.06316171,0.19949296,-0.12230737,910831,0,160,0.01480075,428
17000182,43000000000156,17000206,17000000,43,0.8276991,17000183,-1,17000181,17000020,-1,36,0.0,0.0,0.0,1488,26.610209,4.0667253,23.393276,21421,2,0,2,225.33755,-169.13531,195.55986,37.45232,68.62428,0.07626843,0.06196981,-0.14001164,910831,0,156,0.0149337165,448
17000183,42000000000146,17000206,17000000,42,0.9054624,17000184,-1,17000182,17000021,-1,42,0.0,0.0,0.0,1488,26.487442,4.131751,23.315147,21421,2,0,2,285.99518,-87.33948,120.280396,41.78377,72.27766,0.19825755,0.007502081,-0.1769691,913844,0,146,0.016711652,887
17000184,41000000000153,17000206,17000000,41,0.98870814,17000185,-1,17000183,17000022,-1,44,0.0,0.0,0.0,1488,26.305853,4.127072,23.286707,21420,2,0,2,403.04883,80.23496,-28.875269,63.07418,96.57806,0.14424759,-0.047661208,-0.22456445,913844,0,153,0.009297011,748
17000185,40000000000133,17000206,17000000,40,1.0778745,17000186,-1,17000184,17000023,-1,56,0.0,0.0,0.0,1488,26.089779,3.9589233,23.314756,21420,2,0,2,282.3917,356.33273,159.8929,63.96259,101.49521,0.00975971,-0.010241903,-0.18192339,913799,0,133,0.010661006,908
17000186,39000000000120,17000206,17000000,39,1.173417,17000187,-1,17000185,17000024,-1,121,0.0,0.0,0.0,1487,25.971434,3.8243794,23.181572,21310,2,0,2,188.38126,208.41904,261.75424,64.42482,109.643875,0.042678557,-0.073241495,-0.11451233,913844,0,120,0.01963829,302
17000187,38000000000527,17000206,17000000,38,1.2758462,17000188,-1,17000186,17000187,-1,200,20.0533,17.815594,20.0533,1487,25.885504,3.7271147,23.040464,21310,2,0,2,143.71614,144.55054,283.1352,63.1575,109.9441,-0.0925356,0.13531074,-0.15534897,910304,0,527,0.03247898,921
17000188,37000000000604,17000206,17000000,37,1.3857181,17000189,-1,17000187,17000188,-1,202,17.729528,16.610674,17.729528,1487,25.81549,3.6545439,22.880281,21310,2,0,2,115.82576,105.561554,306.8956,58.894756,109.652435,-0.037849057,0.032300644,-0.60769373,913842,0,604,0.03194423,595
17000189,36000000000883,17000206,17000000,36,1.5036365,17000190,-1,17000188,17000189,-1,158,16.180346,14.631165,16.352478,1487,25.763609,3.603957,22.706097,21310,2,0,2,92.835014,72.51205,318.48325,61.46081,114.758644,-0.014537377,-0.16270715,-0.29196262,913799,0,883,0.024909507,789
17000190,35000000000851,17000206,17000000,35,1.6302707,17000191,-1,17000189,17000190,-1,159,14.11477,12.995916,14.459033,1487,25.739592,3.5802875,22.526861,21310,2,0,2,75.88034,42.820194,319.32492,64.15242,108.558716,-0.09447676,0.090109475,-0.3959815,913409,0,851,0.025290625,849
17000191,34000000000885,17000206,17000000,34,1.766336,17000192,-1,17000190,17000191,-1,141,11.790997,11.5328,12.565588,1487,25.680437,3.572681,22.35302,21306,2,0,2,65.044205,24.380732,317.9674,61.81033,108.64121,0.1386867,-0.30964485,-0.1860017,913409,0,885,0.023125956,245
17000192,33000000000880,17000206,17000000,33,1.9126327,17000193,-1,17000191,17000192,-1,151,10.672143,10.413946,11.102471,1487,25.632387,3.5481339,22.159744,21306,2,0,2,50.833168,15.666724,307.3175,57.410988,108.36647,0.012141965,-0.04815463,-0.40613264,913845,0,880,0.02428479,860
17000193,32000000000946,17000206,17000000,32,2.0700274,17000194,-1,17000192,17000193,-1,131,8.090173,7.9180417,8.262304,1487,25.58887,3.5235555,21.988262,21306,2,0,2,48.061558,9.928597,294.49426,59.2833,101.26461,-0.008140118,-0.05095212,-0.3778956,913799,0,946,0.025868416,240
17000194,31000000001102,17000206,17000000,31,2.2394855,17000195,-1,17000193,17000194,-1,99,6.282794,6.282794,6.540991,1487,25.580704,3.5435135,21.823158,21306,2,0,2,54.074245,0.61585844,277.37085,54.05328,97.26907,0.29866123,-0.2280221,-0.4971651,910834,0,1102,0.020066265,304
17000195,30000000001187,17000206,17000000,30,2.422044,17000196,-1,17000194,17000195,-1,90,5.9385314,5.4221373,6.282794,1487,25.543703,3.5731149,21.668453,21306,2,0,2,51.805664,-3.6316981,274.85175,55.45856,94.37791,0.26361874,-0.17519547,-0.4590839,913409,0,1187,0.021409962,29
17000196,29000000001166,17000206,17000000,29,2.6188614,17000197,-1,17000195,17000196,-1,86,4.3032837,4.3032837,4.6475463,1487,25.483532,3.6005082,21.515377,21306,2,0,2,46.82528,-6.899884,273.61707,56.411697,99.280754,0.08864955,-0.14820452,-0.40051553,913364,0,1166,0.022251856,647
17000197,28000000001029,17000206,17000000,28,2.8311827,17000198,-1,17000196,17000197,-1,86,3.8729553,3.7868896,4.131152,1484,25.447266,3.6143427,21.362934,21278,2,0,2,39.321312,-11.0002165,264.0564,51.633453,91.76662,0.02306246,-0.14674257,-0.6127794,913409,0,1029,0.022996927,137
17000198,27000000001957,17000205,17000000,27,3.060419,17000199,17000206,17000197,17000198,-1,40,2.9262328,2.9262328,3.2704954,1484,25.414534,3.639599,21.238174,21278,2,0,2,66.43062,-16.685902,259.60657,47.391453,91.24835,0.103518166,-0.059110958,-0.09911563,910834,0,1957,0.00948347,764
17000199,26000000002011,17000205,17000000,26,3.3080978,17000200,-1,17000198,17000199,-1,35,2.840167,2.840167,2.840167,1485,25.379004,3.6277921,21.08084,21271,2,0,2,64.770836,-18.971785,241.5456,45.77712,88.90328,-0.035282273,-0.032378454,-0.16142286,913844,0,2011,0.0096987225,197
17000200,25000000001566,17000205,17000000,25,3.575905,17000201,-1,17000199,17000200,-1,40,2.840167,2.840167,2.9262328,1485,25.33275,3.6352382,20.940609,21271,2,0,2,57.92795,-15.551049,240.37276,45.65818,84.33885,-0.024678415,-0.01342195,-0.25051957,913364,0,1566,0.012157426,475
17000201,24000000001311,17000205,17000000,24,3.8656828,17000202,-1,17000200,17000201,-1,44,2.6680357,2.6680357,2.6680357,1485,25.299383,3.636497,20.822748,21271,2,0,2,48.48582,-9.94055,237.64659,53.00898,89.53298,0.016343342,0.021101786,-0.31391597,913839,0,1311,0.011620664,934
17000202,23000000001255,17000205,17000000,23,4.1794686,17000203,-1,17000201,17000202,-1,39,3.098364,3.098364,3.3565612,1485,25.268856,3.6766315,20.68265,21271,2,0,2,52.77717,-7.705176,243.10165,59.58222,100.91312,-0.012336137,-0.0634672,-0.29208317,913850,0,1255,0.007590009,460
17000203,22000000001002,17000205,17000000,22,4.5195556,17000204,-1,17000202,17000203,-1,41,3.0122986,2.840167,3.098364,1485,25.216951,3.660853,20.535421,21271,2,0,2,43.919487,0.970668,227.52164,56.916073,95.029236,0.010235662,-0.078304976,-0.37093136,913839,0,1002,0.009555356,130
17000204,21000000001101,17000205,17000000,21,4.888449,17000205,-1,17000203,17000204,-1,33,1.549182,1.3770508,1.549182,1485,25.206438,3.6270595,20.442003,21267,2,0,2,58.2354,2.0732918,222.92072,51.27761,77.02847,-0.006192022,-0.10925281,-0.12579656,913843,0,1101,0.010878727,860
17000205,20000000001260,17000205,17000000,20,5.2888336,-1,-1,17000204,17000205,-1,23,1.2909851,1.2909851,1.6352477,1485,25.131813,3.6906214,20.31558,21267,2,0,2,64.85278,6.192151,206.36232,38.877132,83.77065,6.4361095E-4,-0.075985685,-0.050198067,913849,0,1260,0.009158631,82
17000206,27000000001690,17000206,17000000,27,3.060419,-1,-1,17000197,17000206,-1,26,0.60245967,0.60245967,0.60245967,1484,25.502935,3.5027225,21.22405,21278,2,0,2,-29.913368,-28.138554,242.43587,32.25704,56.532448,-0.2012116,0.23476374,-0.07236755,914163,0,1690,0.017505508,837
17000207,48000000000165,17000233,17000000,48,0.5085914,17000208,-1,17000014,17000015,17000237,36,0.0,0.0,0.0,1442,26.600628,3.321851,24.166748,23067,2,0,2,436.79333,153.57076,221.81364,37.825058,61.75098,-0.20472866,-0.29664326,0.21543103,910027,0,165,0.02012796,295
17000208,47000000000163,17000233,17000000,47,0.5641766,17000209,-1,17000207,17000016,17000238,58,0.0,0.0,0.0,1442,26.426737,3.2660835,24.090622,23067,2,0,2,318.69128,134.05214,225.89659,44.203617,70.883736,-0.0112685235,-0.04675346,0.1560356,910141,0,163,0.024820287,655
17000209,46000000000165,17000233,17000000,46,0.6235901,17000210,-1,17000208,17000017,17000179,64,0.0,0.0,0.0,1442,26.323738,3.2156556,23.989359,23066,2,0,2,238.9412,108.03774,229.3646,42.395466,74.55338,-0.009406097,-0.017485324,0.11509404,910115,0,165,0.024295466,261
17000210,45000000001539,17000233,17000000,45,0.6871088,17000211,-1,17000209,17000210,-1,79,6.971319,5.680334,6.6270566,1442,26.221354,3.1559012,23.909126,23066,2,0,2,193.26454,83.00462,246.38335,40.442665,67.27983,0.22992902,0.15288231,-0.042864136,910028,0,1539,0.03340463,4
17000211,44000000001682,17000233,17000000,44,0.75503564,17000212,-1,17000210,17000211,-1,77,5.3360715,3.7868896,4.8196774,1442,26.145554,3.1158738,23.813368,23066,2,0,2,143.77736,63.44588,245.80305,37.07089,61.29805,-0.0806589,0.09106753,0.10483994,910182,0,1682,0.04122559,303
17000212,43000000001558,17000233,17000000,43,0.8276991,17000213,-1,17000211,17000212,-1,83,6.799188,5.0778747,6.36886,1442,26.059397,3.0794609,23.645557,23066,2,0,2,106.90723,43.542576,252.73228,37.083973,68.89146,-0.07163776,0.036657315,0.17205286,910247,0,1558,0.039477624,224
17000213,42000000001667,17000233,17000000,42,0.9054624,17000214,-1,17000212,17000213,-1,75,6.6270566,5.0778747,6.4549255,1442,26.018917,3.0556471,23.524906,23066,2,0,2,80.270325,29.977962,255.04323,39.323956,68.4812,-0.05099657,0.1160685,0.15653639,910025,0,1667,0.032750968,874
17000214,41000000001629,17000233,17000000,41,0.98870814,17000215,-1,17000213,17000214,-1,76,6.6270566,6.196728,6.6270566,1487,25.973648,3.061587,23.400612,21310,2,0,2,49.248936,12.876352,257.1807,41.852516,72.69654,-0.14550346,0.12581122,0.13032708,914060,0,1629,0.032353945,709
17000215,40000000001795,17000233,17000000,40,1.0778745,17000216,-1,17000214,17000215,-1,68,6.7131224,5.8524656,6.7131224,1487,25.972511,3.048448,23.283178,21310,2,0,2,25.396225,-2.750598,260.73355,45.564713,74.120995,-0.24542108,-0.07270853,0.24218774,910031,0,1795,0.02804963,944
17000216,39000000001313,17000233,17000000,39,1.173417,17000217,-1,17000215,17000216,-1,90,9.467224,8.606567,9.381158,1487,25.971943,3.072443,23.137722,21310,2,0,2,3.5485346,-17.034735,271.39188,53.257484,79.669525,-0.22901574,-0.046670426,0.29856792,914060,0,1313,0.029986657,624
17000217,38000000001181,17000233,17000000,38,1.2758462,17000218,-1,17000216,17000217,-1,102,8.864764,8.004107,8.864764,1487,26.024242,3.1095374,22.982128,21310,2,0,2,-0.575931,-25.556618,288.889,62.785435,88.716965,0.012586903,-0.20471601,0.051072348,910028,0,1181,0.030139,13
17000218,37000000001018,17000233,17000000,37,1.3857181,17000219,-1,17000217,17000218,-1,87,10.586078,9.725421,10.758209,1487,26.006243,3.1018193,22.8208,21310,2,0,2,-43.60443,-56.287045,282.35498,44.759342,78.93233,-0.08849349,0.06909559,0.4320886,914060,0,1018,0.03215604,555
17000219,36000000001098,17000233,17000000,36,1.5036365,17000220,-1,17000218,17000219,-1,87,4.3893495,3.098364,4.3893495,1487,26.081705,3.137645,22.626934,21310,2,0,2,-41.4597,-55.67039,295.8336,44.360332,68.256165,0.014325158,-0.003556658,0.34958342,910035,0,1098,0.03953703,477
17000220,35000000001745,17000232,17000000,35,1.6302707,17000221,17000233,17000219,17000220,-1,64,3.6147583,3.2704954,3.6147583,1487,26.092596,3.1720421,22.430075,21306,2,0,2,-46.756435,-66.57803,293.40048,44.15247,62.765163,-0.15035394,-0.10497545,0.26624405,910034,0,1745,0.03375825,475
17000221,34000000003336,17000228,17000000,34,1.766336,17000222,17000229,17000220,17000221,-1,27,0.774591,0.516394,0.774591,1487,26.087162,3.297638,22.402119,21306,2,0,2,-52.477646,-101.2228,276.89005,27.793316,45.096565,-0.21642047,0.3889656,0.19789375,910178,0,3336,0.030201288,815
17000222,33000000003130,17000228,17000000,33,1.9126327,17000223,-1,17000221,17000222,-1,28,0.6885254,0.6885254,0.6885254,1487,26.100843,3.3637667,22.264997,21306,2,0,2,-46.779964,-101.28202,275.2875,27.84926,45.327843,-0.24421875,0.29176512,0.06695533,909984,0,3130,0.032039322,861
17000223,32000000003067,17000228,17000000,32,2.0700274,17000224,-1,17000222,17000223,-1,28,0.86065674,0.86065674,0.86065674,1487,26.118557,3.4173603,21.979687,21306,2,0,2,-47.856792,-106.813324,275.9731,29.584778,47.69238,-0.23543803,0.34234333,0.23241436,910212,0,3067,0.02968122,404
17000224,30000000003593,17000228,17000000,30,2.422044,17000225,-1,17000223,17000224,-1,25,1.1188537,1.1188537,1.1188537,1487,26.154558,3.4996982,21.785467,21306,2,0,2,-26.203106,-106.65237,280.57983,40.517178,57.579834,-0.103315465,0.13957973,0.057373084,910019,0,3593,0.01572678,717
17000225,29000000003448,17000228,17000000,29,2.6188614,17000226,-1,17000224,17000225,-1,25,1.6352477,1.6352477,1.6352477,1487,26.146456,3.5567753,21.600805,21306,2,0,2,-24.89381,-107.591576,282.84467,38.32356,63.644966,-0.100050926,0.14058709,0.060465347,910250,0,3448,0.013954959,790
17000226,28000000003225,17000228,17000000,28,2.8311827,17000227,-1,17000225,17000226,-1,24,1.2049193,1.2049193,1.2049193,1484,26.142418,3.643535,21.438284,21278,2,0,2,-22.608387,-105.11845,277.00558,36.32281,60.695732,-0.1485644,0.12126383,0.03983617,910178,0,3225,0.014387616,47
17000227,27000000003401,17000228,17000000,27,3.060419,17000228,-1,17000226,17000227,-1,21,0.6885254,0.6885254,0.6885254,1484,26.168562,3.656393,21.24269,21278,2,0,2,-17.975069,-101.71022,269.6812,36.40873,53.185833,-0.2505813,0.1465878,0.04424985,910019,0,3401,0.016990537,269
17000228,26000000003345,17000228,17000000,26,3.3080978,-1,-1,17000227,17000228,-1,20,0.6885254,0.6885254,0.9467224,1484,26.149042,3.729851,21.081863,21278,2,0,2,-15.6010065,-98.999855,263.26956,37.238678,60.913742,-0.2681723,0.11674849,0.057621084,909880,0,3345,0.012782304,209
17000229,34000000001886,17000232,17000000,34,1.766336,17000230,-1,17000220,17000229,-1,33,2.1516418,1.8934448,2.4098387,1487,26.128605,3.1526978,22.251,21306,2,0,2,-24.369976,-47.096016,327.275,30.064352,53.540356,0.14217994,-0.08871673,0.0022206241,910035,0,1886,0.022699332,201
17000230,33000000002346,17000232,17000000,33,1.9126327,17000231,-1,17000229,17000230,-1,27,1.2909851,1.2909851,1.2909851,1487,26.127762,3.1785426,22.069178,21306,2,0,2,-21.659994,-52.130844,309.158,36.935513,62.084522,0.17613435,-0.07128402,-0.067414075,910027,0,2346,0.015931424,932
17000231,32000000003837,17000232,17000000,32,2.0700274,17000232,-1,17000230,17000231,-1,21,1.8073791,1.8073791,1.8934448,1487,26.11046,3.2248528,21.89993,21306,2,0,2,-11.511136,-52.879852,293.94348,41.252132,66.32408,0.04427012,-0.09542241,0.049987573,910025,0,3837,0.010573686,537
17000232,31000000004272,17000232,17000000,31,2.2394855,-1,-1,17000231,17000232,-1,20,1.4631164,1.4631164,1.549182,1487,26.121397,3.2713091,21.770868,21306,2,0,2,-10.913458,-62.38417,291.94244,33.027576,57.555172,0.04800626,-0.08416715,0.06406346,910026,0,4272,0.013567443,70
17000233,34000000004353,17000233,17000000,34,1.766336,-1,-1,17000219,17000233,-1,21,1.549182,1.2909851,1.549182,1487,25.82078,3.089637,22.241034,21306,2,0,2,44.688404,-0.40152013,316.2181,33.0799,53.062717,0.03907873,0.015305333,-0.13467789,910888,0,4353,0.017279925,770
17000234,51000000000204,17000262,17000000,51,0.36234027,17000235,-1,17000011,17000012,-1,31,0.0,0.0,0.0,1442,26.963627,2.9390776,24.264227,23067,3,0,2,202.31686,-217.0687,285.7906,31.837454,53.6822,-0.34341383,-0.19409065,-0.14567034,909775,0,204,0.026051361,465
17000235,50000000000209,17000262,17000000,50,0.40789944,17000236,-1,17000234,17000013,-1,35,0.0,0.0,0.0,1442,26.88053,3.0252302,24.143679,23067,3,0,2,174.76065,-279.59595,204.49774,33.6317,60.647377,-0.26070198,-0.18399301,-0.03934868,895092,0,209,0.023711935,11
17000236,49000000000192,17000262,17000000,49,0.45657724,17000237,-1,17000235,17000014,-1,37,0.0,0.0,0.0,1442,26.823088,3.159699,24.095896,23067,3,0,2,128.05528,-361.10095,88.97632,37.507195,63.786514,-0.09263845,-0.087024674,-0.15721925,895092,0,192,0.017662724,720
17000237,48000000000166,17000262,17000000,48,0.5085914,17000238,-1,17000236,17000015,-1,20,0.0,0.0,0.0,1442,26.793915,3.335945,24.092947,23067,3,0,2,40.202324,-489.1296,-143.23906,46.74418,71.80541,-0.014234144,0.008792115,-0.105122544,894725,0,166,0.009204089,396
17000238,47000000000164,17000262,17000000,47,0.5641766,17000239,-1,17000237,17000016,-1,50,0.0,0.0,0.0,1442,26.871336,3.520313,24.196657,23067,3,0,2,-244.64876,-298.13385,-71.88762,54.72045,91.74833,-0.10918482,-0.086124554,-0.050549373,894725,0,164,0.011560008,631
17000239,46000000000164,17000262,17000000,46,0.6235901,17000240,-1,17000238,17000017,17000209,143,0.0,0.0,0.0,1442,26.954304,3.626662,24.201105,23067,3,0,2,-161.06396,-214.69936,59.50547,59.104286,103.12945,-0.2700394,-0.024429254,-0.28571618,894725,0,164,0.026876178,153
17000240,45000000000167,17000262,17000000,45,0.6871088,17000241,-1,17000239,17000018,17000180,193,0.0,0.0,0.0,1442,27.027815,3.7286627,24.157618,23067,3,0,2,-108.22467,-205.23183,105.44149,59.75193,105.41383,-0.331585,0.079751775,-0.24665597,909775,0,167,0.034711447,527
17000241,44000000001015,17000262,17000000,44,0.75503564,17000242,-1,17000240,17000241,-1,205,17.12707,14.71723,16.610674,1442,27.066748,3.8234336,24.09757,23067,3,0,2,-70.42719,-195.19461,133.59804,58.944664,106.305046,-0.69194865,0.09090808,-0.13101432,909775,0,1015,0.035176747,73
17000242,43000000001076,17000262,17000000,43,0.8276991,17000243,-1,17000241,17000242,-1,186,15.663952,14.028705,14.803295,1442,27.090471,3.9051726,24.020426,23067,3,0,2,-48.83124,-185.63666,154.22748,62.194355,110.52472,-0.565784,0.050831664,-0.09743388,895123,0,1076,0.030346245,196
17000243,42000000001104,17000262,17000000,42,0.9054624,17000244,-1,17000242,17000243,-1,179,14.889361,13.684442,14.631165,1437,27.119688,3.9904609,23.946978,23177,3,0,2,-33.74782,-170.358,164.2528,57.654495,104.89174,-0.45911658,-0.13188668,-0.21598823,895123,0,1104,0.031497125,257
17000244,41000000001078,17000262,17000000,41,0.98870814,17000245,-1,17000243,17000244,-1,180,14.200836,13.168048,14.028705,1437,27.14259,4.072232,23.860043,23177,3,0,2,-21.640438,-162.78647,173.81079,55.53581,100.53989,-0.29569218,-0.121146254,-0.23482682,895039,0,1078,0.033433508,154
17000245,40000000001034,17000262,17000000,40,1.0778745,17000246,-1,17000244,17000245,-1,183,13.51231,12.651653,13.51231,1437,27.141802,4.153038,23.758364,23177,3,0,2,-12.51797,-155.63438,181.66241,56.496548,103.27642,-0.35940802,-0.07379403,-0.16128042,895083,0,1034,0.033740137,241
17000246,39000000001169,17000262,17000000,39,1.173417,17000247,-1,17000245,17000246,-1,147,13.254113,11.618866,13.254113,1437,27.160065,4.2329593,23.654509,23177,3,0,2,-5.5991397,-150.22624,187.85109,59.559105,102.91739,-0.14258417,-0.12879552,-0.20247504,909775,0,1169,0.027413687,789
17000247,38000000001027,17000262,17000000,38,1.2758462,17000248,-1,17000246,17000247,-1,172,12.909851,11.704931,12.909851,1437,27.160894,4.3157115,23.539375,23177,3,0,2,-0.34184203,-137.38905,190.0589,57.099903,101.43907,-0.28903452,-0.16675939,-0.21661194,895128,0,1027,0.033656105,726
17000248,37000000001125,17000262,17000000,37,1.3857181,17000249,-1,17000247,17000248,-1,148,11.704931,10.586078,11.704931,1488,27.141401,4.423272,23.43746,21421,3,0,2,4.2888565,-131.41438,191.155,58.160072,100.13126,-0.35087478,-0.15174471,-0.3149997,895092,0,1125,0.029547174,5
17000249,36000000001099,17000262,17000000,36,1.5036365,17000250,-1,17000248,17000249,-1,150,11.5328,11.016406,11.618866,1488,27.13171,4.4921126,23.335125,21421,3,0,2,4.57002,-129.45389,195.54263,58.017677,102.74766,-0.4230582,-0.22079231,-0.37638864,895094,0,1099,0.02946543,912
17000250,35000000001078,17000262,17000000,35,1.6302707,17000251,-1,17000249,17000250,-1,151,11.016406,10.069683,11.188538,1488,27.102463,4.5467877,23.236969,21421,3,0,2,9.484262,-121.97793,194.66768,60.273647,100.375336,-0.23964311,-0.24349712,-0.40210962,894738,0,1078,0.028935796,18
17000251,34000000001023,17000262,17000000,34,1.766336,17000252,-1,17000250,17000251,-1,146,12.479523,11.877063,12.565588,1488,27.122688,4.6055727,23.118034,21421,3,0,2,8.381832,-111.88479,196.54234,61.18839,107.65272,-0.2873088,-0.26016477,-0.3271736,909774,0,1023,0.029043647,72
17000252,33000000000995,17000262,17000000,33,1.9126327,17000253,-1,17000251,17000252,-1,144,11.188538,11.016406,11.274603,1488,27.122086,4.643368,23.003923,21421,3,0,2,8.881588,-100.315285,195.58649,60.62046,107.22707,-0.12851815,-0.33789077,-0.41187263,895122,0,995,0.027553074,843
17000253,32000000000978,17000262,17000000,32,2.0700274,17000254,-1,17000252,17000253,-1,137,10.758209,9.8975525,11.016406,1488,27.147621,4.722697,22.868288,21421,3,0,2,4.586551,-96.660355,198.82184,64.24945,106.50779,-0.10860145,-0.3569229,-0.35855073,895101,0,978,0.027208779,51
17000254,31000000000928,17000262,17000000,31,2.2394855,17000255,-1,17000253,17000254,-1,134,10.672143,10.241815,10.93034,1488,27.084118,4.7839594,22.770075,21421,3,0,2,3.501898,-84.628174,197.35094,64.07924,110.56722,-0.22874926,-0.315932,-0.2883321,895356,0,928,0.023997376,873
17000255,30000000000877,17000262,17000000,30,2.422044,17000256,-1,17000254,17000255,-1,133,8.864764,8.692633,9.122961,1488,27.117378,4.812387,22.659262,21421,3,0,2,4.034448,-77.7753,194.55016,69.59614,113.74185,-0.23756649,-0.32159364,-0.38497168,895083,0,877,0.019169204,199
17000256,29000000001091,17000262,17000000,29,2.6188614,17000257,-1,17000255,17000256,-1,93,6.6270566,6.6270566,6.7131224,1488,27.124153,4.8943453,22.541094,21423,3,0,2,11.61026,-88.86677,194.367,62.575447,101.618515,-0.14160652,-0.07768515,-0.43352437,895132,0,1091,0.01725472,136
17000257,28000000000997,17000262,17000000,28,2.8311827,17000258,-1,17000256,17000257,-1,89,2.065576,1.9795104,2.4959044,1488,27.096563,4.904379,22.453554,21419,3,0,2,12.665659,-76.6623,188.38734,51.869415,88.97827,-0.17349444,-0.054820288,-0.49465665,895096,0,997,0.025512358,204
17000258,27000000001691,17000261,17000000,27,3.060419,17000259,17000262,17000257,17000258,-1,46,2.5819702,2.4098387,2.7541015,1488,27.057938,4.9135356,22.34856,21419,3,0,2,4.1376314,-16.003595,186.5014,45.310516,77.72956,-3.9362148E-4,0.106265076,-0.011360129,894738,0,1691,0.015657114,519
17000259,26000000002010,17000261,17000000,26,3.3080978,17000260,-1,17000258,17000259,-1,35,2.840167,2.7541015,2.840167,1488,27.032524,4.906881,22.22321,21419,3,0,2,0.372368,-12.542549,180.1199,48.933537,79.86535,0.032688245,0.08069551,-0.086830206,894738,0,2010,0.0116635915,58
17000260,25000000001739,17000261,17000000,25,3.575905,17000261,-1,17000259,17000260,-1,38,1.8934448,1.8934448,1.9795104,1488,27.014786,4.92429,22.126514,21419,3,0,2,-4.1493516,-15.519899,181.50215,49.225986,79.71851,0.07482583,0.023457598,-0.09973124,894730,0,1739,0.011648808,780
17000261,24000000001890,17000261,17000000,24,3.8656828,-1,-1,17000260,17000261,-1,32,1.4631164,1.4631164,1.4631164,1488,26.993128,4.903692,22.022228,21419,3,0,2,-6.531281,-15.331322,174.22478,48.07879,75.249344,0.020023644,0.03741518,-0.09551793,894734,0,1890,0.011442113,481
17000262,27000000002586,17000262,17000000,27,3.060419,-1,-1,17000257,17000262,-1,28,1.2049193,1.2049193,1.2909851,1488,27.117697,5.021613,22.263777,21419,3,0,2,12.881876,-120.60036,188.79565,38.633995,62.802773,0.0014828302,-0.04665932,0.016260415,895356,0,2586,0.016353395,963
17000263,58000000003461,17000264,17000000,58,0.11588337,17000264,-1,17000004,17000263,-1,21,2.1516418,1.2909851,1.6352477,1469,27.442495,2.2100973,24.904148,23124,3,0,2,413.08286,-16.564322,263.82132,23.083292,53.158104,-0.14322384,0.10006875,0.109193735,640521,0,3461,0.016544882,556
17000264,56000000003580,17000264,17000000,56,0.17489761,-1,-1,17000263,17000264,-1,20,1.8934448,1.2909851,1.3770508,1442,27.220423,2.2333953,24.767523,23069,3,0,2,413.732,-65.97614,254.04659,20.873035,50.66092,-0.03187885,-0.03335017,-0.05938568,640525,0,3580,0.021446332,925