haloID,subHaloID,lastProgenitorId,treeId,snapNum,redshift,firstProgenitorId,nextProgenitorId,descendantId,firstHaloInFOFgroupId,nextHaloInFOFgroupId,np,m_Mean200,m_Crit200,m_TopHat,phKey,x,y,z,zIndex,ix,iy,iz,velX,velY,velZ,velDisp,vMax,spinX,spinY,spinZ,mostBoundID,fileNr,subhaloIndex,halfmassRadius,random
2000108000000,63000200000714,2000108000192,2000108000000,63,0.0,2000108000001,-1,-1,2000108000000,-1,2131,203.45924,154.48788,180.82397,10161,43.791557,32.05217,30.205702,117600,4,3,3,-25.077322,-51.836708,-156.68564,117.56399,215.60127,-0.80018735,-2.1760473,2.728604,13577728,2,714,0.08830061,851
2000108000001,62000200000692,2000108000192,2000108000000,62,0.019932542,2000108000002,-1,2000108000000,2000108000001,-1,2084,201.3076,151.99197,177.38135,10161,43.793083,32.06439,30.23873,117600,4,3,3,-22.496344,-52.054485,-154.4865,119.171455,218.46669,-0.7057307,-2.263735,3.1562848,13577607,2,692,0.08597254,737
2000108000002,61000200000670,2000108000192,2000108000000,61,0.041403063,2000108000003,-1,2000108000001,2000108000002,-1,2096,200.10269,150.61493,174.71332,10161,43.799484,32.074837,30.26883,117600,4,3,3,-22.43289,-50.420338,-154.54005,119.31021,219.22954,-0.6650801,-2.364284,3.0379794,13577607,2,670,0.085116655,60
2000108000003,60000200000693,2000108000192,2000108000000,60,0.064493395,2000108000004,-1,2000108000002,2000108000003,-1,2069,197.60678,150.87312,172.64774,10161,43.81187,32.088856,30.303501,117604,4,3,3,-21.154373,-50.584637,-154.88225,118.729965,217.75809,-0.6894339,-2.3713837,3.1714032,13577607,2,693,0.08343594,507
2000108000004,59000200000704,2000108000192,2000108000000,59,0.08928783,2000108000005,-1,2000108000003,2000108000004,-1,2093,195.02481,148.72148,171.52888,10161,43.817078,32.10131,30.343533,117604,4,3,3,-23.611498,-48.824936,-156.27905,118.14587,217.13991,-0.6669364,-2.249365,2.7642913,13577491,2,704,0.08758854,446
2000108000005,58000200000717,2000108000192,2000108000000,58,0.11588337,2000108000006,-1,2000108000004,2000108000005,-1,2060,190.97972,146.91411,171.87314,10161,43.828552,32.11258,30.387438,117604,4,3,3,-19.814432,-50.283184,-154.50052,115.208916,214.58727,-0.7566836,-2.0888057,3.1196477,13577999,2,717,0.08781629,642
2000108000006,57000200000736,2000108000192,2000108000000,57,0.14438343,2000108000007,-1,2000108000005,2000108000006,-1,2029,188.91415,143.81573,170.15182,10161,43.838634,32.13326,30.43412,117604,4,3,3,-19.090675,-48.964653,-156.34753,115.39846,210.57733,-0.51121026,-2.1604474,2.9851332,13577637,2,736,0.08966944,908
2000108000007,56000200000728,2000108000192,2000108000000,56,0.17489761,2000108000008,-1,2000108000006,2000108000007,-1,2037,188.74202,144.33214,168.86084,10161,43.84298,32.139824,30.462479,117604,4,3,3,-16.881296,-48.84855,-156.21568,115.25676,214.11432,-0.42598477,-2.245727,2.9602418,13577241,2,728,0.09155587,653
2000108000008,55000200000727,2000108000192,2000108000000,55,0.20754863,2000108000009,-1,2000108000007,2000108000008,-1,2022,186.5043,143.12721,168.25839,10161,43.85125,32.152523,30.512768,117604,4,3,3,-16.115383,-47.251564,-154.32399,117.43084,216.41397,-0.50838536,-2.2769964,2.8311896,13577637,2,727,0.08642104,360
2000108000009,54000200000719,2000108000192,2000108000000,54,0.24246909,2000108000010,-1,2000108000008,2000108000009,-1,2028,186.5043,143.12721,168.51659,10161,43.849293,32.167603,30.564333,117604,4,3,3,-16.124998,-46.591476,-155.07167,121.16653,217.49745,-0.7255997,-2.2034318,3.0594182,13576826,2,719,0.08145714,498
2000108000010,53000200000722,2000108000192,2000108000000,53,0.2798018,2000108000011,-1,2000108000009,2000108000010,-1,2014,187.19284,146.3977,171.35675,10161,43.851505,32.18909,30.60814,117604,4,3,3,-14.819415,-45.102722,-152.95003,122.66122,221.48119,-0.88918805,-2.0474718,3.14026,13577491,2,722,0.08088806,672
2000108000011,52000200000684,2000108000192,2000108000000,52,0.31970343,2000108000012,-1,2000108000010,2000108000011,-1,2040,185.38545,150.87312,173.2502,10161,43.861725,32.21514,30.671757,117604,4,3,3,-14.024604,-42.695435,-152.57367,123.27562,218.46718,-0.82616013,-2.0810635,3.1783016,13577686,2,684,0.08586227,173
2000108000012,51000200000653,2000108000191,2000108000000,51,0.36234027,2000108000013,2000108000192,2000108000011,2000108000012,2000108000192,1989,186.41824,155.60674,175.4879,10161,43.87423,32.22109,30.730278,117604,4,3,3,-12.999307,-38.574894,-149.18,121.222374,208.81427,-0.922808,-1.8736275,3.3090446,13576826,2,653,0.088312976,745
2000108000013,50000200000671,2000108000190,2000108000000,50,0.40789944,2000108000014,2000108000191,2000108000012,2000108000013,2000108000191,1951,185.12726,158.79117,176.69283,10161,43.882202,32.232224,30.779188,117606,4,3,3,-11.734789,-38.479958,-149.03218,123.61205,212.59264,-1.12451,-1.9054979,3.4285088,13576826,2,671,0.081846796,433
2000108000014,49000200000647,2000108000130,2000108000000,49,0.45657724,2000108000015,2000108000131,2000108000013,2000108000014,2000108000131,1743,179.36086,161.88953,173.07806,10161,43.884018,32.235104,30.836132,117606,4,3,3,-3.3326015,-41.54044,-144.27028,135.70995,214.802,-0.7875194,-1.7885908,2.9932137,13577491,2,647,0.070223205,30
2000108000015,48000200000681,2000108000130,2000108000000,48,0.5085914,2000108000016,-1,2000108000014,2000108000015,2000108000132,1746,174.79938,155.1764,167.4838,10161,43.86952,32.2568,30.887232,117606,4,3,3,-6.832058,-41.40455,-148.19174,145.42157,231.45473,-1.2041364,-1.7543794,3.2474997,13577491,2,681,0.061992608,365
2000108000016,47000200000652,2000108000130,2000108000000,47,0.5641766,2000108000017,-1,2000108000015,2000108000016,2000108000133,1660,167.91412,149.84033,162.40591,10161,43.862217,32.303196,30.965384,117606,4,3,3,-14.767432,-46.526203,-159.54799,136.43875,218.58426,-1.0395272,-1.672376,3.0965538,13577523,2,652,0.06601284,282
2000108000017,46000200000592,2000108000121,2000108000000,46,0.6235901,2000108000018,2000108000122,2000108000016,2000108000017,2000108000134,1560,161.28706,137.27475,154.66,10161,43.88175,32.344036,31.047941,117606,4,3,3,-20.172384,-50.36153,-165.97307,120.66648,208.02292,-0.17313711,-1.5220884,2.106521,13577604,2,592,0.07003907,401
2000108000018,45000200000589,2000108000121,2000108000000,45,0.6871088,2000108000019,-1,2000108000017,2000108000018,2000108000135,1378,129.3567,103.7952,119.28702,10161,43.90991,32.382652,31.140411,117606,4,3,3,-23.836256,-48.07435,-171.00969,116.60677,204.49654,0.19888715,-1.1345023,1.7865554,13577686,2,589,0.06610033,851
2000108000019,44000200000525,2000108000121,2000108000000,44,0.75503564,2000108000020,-1,2000108000018,2000108000019,2000108000136,1354,119.11489,100.00831,114.72554,10161,43.92104,32.39953,31.211132,117606,4,3,3,-24.760572,-40.865665,-168.4444,115.00129,201.42236,0.43626896,-1.0985259,1.5237783,13577593,2,525,0.06397961,198
2000108000020,43000200000537,2000108000121,2000108000000,43,0.8276991,2000108000021,-1,2000108000019,2000108000020,-1,1287,117.135376,101.38536,114.46735,22606,43.91361,32.415524,31.307293,229954,4,3,3,-25.468798,-38.074253,-164.87419,117.7465,203.51038,0.85443527,-0.9985018,1.2932117,13577491,2,537,0.061713908,693
2000108000021,42000200000537,2000108000091,2000108000000,42,0.9054624,2000108000022,2000108000092,2000108000020,2000108000021,2000108000092,1258,117.99603,106.11897,116.10259,22606,43.925896,32.437843,31.41781,229954,4,3,3,-20.187197,-32.374752,-165.609,121.16308,198.80539,1.0944319,-1.1629138,1.2261758,13577972,2,537,0.059944138,606
2000108000022,41000200000504,2000108000091,2000108000000,41,0.98870814,2000108000023,-1,2000108000021,2000108000022,2000108000093,1227,114.72554,108.52881,113.77882,22606,43.908974,32.4582,31.511189,229954,4,3,3,-21.67066,-28.330776,-158.03648,128.01126,202.07008,0.9194203,-1.2082958,1.2954379,13577591,2,504,0.056467496,690
2000108000023,40000500000445,2000108000086,2000108000000,40,1.0778745,2000108000024,2000108000087,2000108000022,2000108000023,-1,1150,107.84029,101.90176,107.151764,22606,43.94574,32.474697,31.577831,229955,4,3,3,-17.61786,-21.749954,-149.81642,141.10088,223.37996,1.2395962,-1.2097423,1.3113835,13577603,5,445,0.04351723,27
2000108000024,39000500000405,2000108000054,2000108000000,39,1.173417,2000108000025,2000108000055,2000108000023,2000108000024,2000108000094,989,99.750114,92.0042,99.23372,22606,43.96594,32.439938,31.5877,229955,4,3,3,-10.527446,-11.704815,-138.7936,129.9048,193.23169,1.0443704,-1.534819,1.5653312,13577686,5,405,0.049943924,434
2000108000025,38000500000382,2000108000054,2000108000000,38,1.2758462,2000108000026,-1,2000108000024,2000108000025,2000108000095,808,76.25418,70.40172,76.25418,22606,43.934593,32.44804,31.636906,229954,4,3,3,-4.9502087,-9.784561,-127.927895,119.41401,188.25784,0.7585949,-1.2530032,1.4633129,13577603,5,382,0.043281954,540
2000108000026,37000500000404,2000108000054,2000108000000,37,1.3857181,2000108000027,-1,2000108000025,2000108000026,2000108000096,719,66.7009,61.10663,67.04516,22606,43.947502,32.468597,31.725763,229955,4,3,3,-13.379863,-4.283191,-126.2276,108.31856,177.27266,0.089434095,-1.0989697,1.5302786,13577637,5,404,0.04358807,448
2000108000027,36000500000445,2000108000054,2000108000000,36,1.5036365,2000108000028,-1,2000108000026,2000108000027,2000108000058,540,50.778748,46.561527,52.586124,22606,43.96227,32.50407,31.799646,229955,4,3,3,-27.488781,12.517775,-129.28119,99.45083,170.94763,0.023679279,-0.5737362,0.89240235,13577637,5,445,0.035594277,562
2000108000028,35000500000433,2000108000054,2000108000000,35,1.6302707,2000108000029,-1,2000108000027,2000108000028,2000108000059,490,38.213158,37.266438,38.643486,22606,43.982338,32.50439,31.859324,229955,4,3,3,-29.930706,17.74303,-132.56207,97.44762,168.28212,0.40737417,-0.48478892,0.43554142,13577604,5,433,0.033971205,15
2000108000029,34000500000496,2000108000054,2000108000000,34,1.766336,2000108000030,-1,2000108000028,2000108000029,-1,439,35.717255,34.340202,36.319714,22606,43.996883,32.484688,31.931507,229955,4,3,3,-34.58949,23.668314,-134.8681,93.31413,162.69235,0.2943174,-0.37667352,0.2902416,13577626,5,496,0.03140823,104
2000108000030,33000500000488,2000108000054,2000108000000,33,1.9126327,2000108000031,-1,2000108000029,2000108000030,-1,434,35.459057,33.737743,36.40578,22606,44.019417,32.47051,32.030025,229955,4,3,3,-25.664637,28.675404,-132.62367,93.77817,165.92142,0.38265795,-0.39973345,0.11140734,13577607,5,488,0.031653192,239
2000108000031,32000500000459,2000108000054,2000108000000,32,2.0700274,2000108000032,-1,2000108000030,2000108000031,-1,415,35.631187,34.77053,36.491844,22606,44.04283,32.45638,32.116917,229955,4,3,3,-21.593718,30.33124,-132.21458,98.95737,166.3998,0.6829321,-0.19557208,-0.13085195,13577626,5,459,0.029362952,164
2000108000032,31000500000413,2000108000054,2000108000000,31,2.2394855,2000108000033,-1,2000108000031,2000108000032,-1,385,34.77053,34.16807,35.631187,22606,44.065933,32.423355,32.174442,229955,4,3,3,-16.157515,39.39666,-128.016,108.7733,180.53159,0.6811212,-0.18997653,-0.053401664,13577630,5,413,0.022912096,251
2000108000033,30000500000387,2000108000054,2000108000000,30,2.422044,2000108000034,-1,2000108000032,2000108000033,-1,390,31.844297,30.725445,32.704956,22606,44.084167,32.399654,32.27048,229959,4,3,3,-5.4634614,33.75156,-127.61198,100.71638,170.13792,0.6660737,-0.14587283,0.17785096,13577487,5,387,0.026374115,785
2000108000034,29000500000399,2000108000054,2000108000000,29,2.6188614,2000108000035,-1,2000108000033,2000108000034,-1,316,27.62708,27.196753,28.401672,22606,44.085857,32.385212,32.371964,229959,4,3,3,-5.7475133,28.878761,-133.38582,98.281555,162.29108,0.37028044,-0.110192984,0.024810724,13577488,5,399,0.02438169,431
2000108000035,28000500000389,2000108000054,2000108000000,28,2.8311827,2000108000036,-1,2000108000034,2000108000035,-1,276,24.44265,23.84019,25.04511,22606,44.083904,32.368454,32.413467,229959,4,3,3,-1.0236462,24.469948,-128.23549,110.015366,187.56192,0.5564634,-0.1973003,0.15260622,13577634,5,389,0.015013434,292
2000108000036,27000500000336,2000108000054,2000108000000,27,3.060419,2000108000037,-1,2000108000035,2000108000036,-1,258,19.450842,18.67625,20.0533,22606,44.088314,32.358498,32.449516,229959,4,3,3,7.612267,22.254162,-124.70599,91.599205,150.68576,0.46403557,-0.23474549,0.22296552,13577626,5,336,0.022678781,67
2000108000037,26000500000298,2000108000048,2000108000000,26,3.3080978,2000108000038,2000108000049,2000108000036,2000108000037,2000108000049,213,16.008215,15.750018,16.782806,22606,44.089733,32.31583,32.52249,229959,4,3,3,16.822681,38.249603,-115.095215,87.56035,151.14526,0.37221092,-0.32588142,0.1483079,13577614,5,298,0.017514719,86
2000108000038,25000500000370,2000108000048,2000108000000,25,3.575905,2000108000039,-1,2000108000037,2000108000038,-1,174,15.405755,15.147558,16.008215,22606,44.056087,32.27754,32.588585,229959,4,3,3,26.411898,48.83053,-111.09066,92.34376,152.58162,0.11482095,-0.10177882,-0.051524203,13577614,5,370,0.015114263,722
2000108000039,24000500000303,2000108000048,2000108000000,24,3.8656828,2000108000040,-1,2000108000038,2000108000039,-1,179,14.11477,13.942638,14.803295,22606,44.055096,32.250427,32.655106,229959,4,3,3,21.008692,42.69822,-115.29301,97.31487,163.38937,0.28368914,-0.22056508,0.006790507,13577566,5,303,0.013107881,798
2000108000040,23000500000249,2000108000048,2000108000000,23,4.1794686,2000108000041,-1,2000108000039,2000108000040,-1,162,11.704931,11.5328,12.221325,22606,44.04879,32.209824,32.714386,229957,4,3,3,19.861542,40.559013,-111.332886,92.72207,156.21754,0.2418128,-0.24354531,-0.075311445,13577599,5,249,0.0129551655,208
2000108000041,22000500000194,2000108000048,2000108000000,22,4.5195556,2000108000042,-1,2000108000040,2000108000041,-1,143,11.877063,11.877063,12.221325,22606,44.038715,32.21692,32.777092,229957,4,3,3,16.982805,30.045372,-103.88365,90.0674,150.89902,0.17535046,-0.31839734,0.019113539,13577487,5,194,0.0129376585,212
2000108000042,21000500000166,2000108000048,2000108000000,21,4.888449,2000108000043,-1,2000108000041,2000108000042,-1,143,11.618866,11.618866,11.790997,22606,44.02166,32.176033,32.826942,229957,4,3,3,14.938623,33.666035,-108.284966,94.1927,153.66475,0.24356197,-0.34788623,0.03808913,13577602,5,166,0.0124999555,914
2000108000043,20000500000158,2000108000048,2000108000000,20,5.2888336,2000108000044,-1,2000108000042,2000108000043,-1,110,9.467224,9.467224,9.811486,22606,44.021515,32.175213,32.86972,229957,4,3,3,19.54327,36.734318,-105.47247,100.52697,166.43477,0.22273876,-0.3133932,0.08062326,13577614,5,158,0.00884599,808
2000108000044,19000500000131,2000108000048,2000108000000,19,5.7238646,2000108000045,-1,2000108000043,2000108000044,-1,96,8.090173,8.004107,8.262304,22606,44.000797,32.16522,32.924404,229957,4,3,3,15.585614,30.466064,-98.33156,101.86075,163.36845,0.1511208,-0.26898703,0.042689443,13577606,5,131,0.007219132,271
2000108000045,18000500000101,2000108000048,2000108000000,18,6.1968336,2000108000046,-1,2000108000044,2000108000045,-1,78,4.217218,4.217218,4.991809,22606,43.95965,32.14502,32.96895,229957,4,3,3,26.038013,23.60818,-102.9202,76.47903,125.71111,0.1446678,-0.21044813,0.006628865,13577628,5,101,0.011087173,532
2000108000046,17000500000073,2000108000048,2000108000000,17,6.7115865,2000108000047,-1,2000108000045,2000108000046,-1,74,2.1516418,2.1516418,2.2377074,22606,43.93713,32.13099,33.02327,229956,4,3,3,28.702158,26.428518,-101.55161,63.01399,105.745964,0.18057811,-0.24004322,0.041270696,13577602,5,73,0.01496786,722
2000108000047,16000500000391,2000108000047,2000108000000,16,7.272188,-1,2000108000048,2000108000046,2000108000047,-1,21,1.4631164,1.4631164,1.4631164,22606,44.110844,32.21478,33.054035,229957,4,3,3,-32.77231,-5.0511456,-61.011,54.934013,92.33597,0.02811474,-0.047070492,-4.0097217E-4,13577488,5,391,0.005762919,154
2000108000048,16000500000390,2000108000048,2000108000000,16,7.272188,-1,-1,2000108000046,2000108000048,-1,21,1.3770508,1.3770508,1.3770508,22606,43.92275,32.13421,33.060173,229956,4,3,3,39.56768,39.312733,-95.10095,58.330795,101.62032,0.078818135,-0.011111324,0.0113806715,13577698,5,390,0.004323397,51
2000108000049,26000500000299,2000108000054,2000108000000,26,3.3080978,2000108000050,-1,2000108000036,2000108000037,-1,32,0.0,0.0,0.0,22606,44.09311,32.500633,32.61374,229959,4,3,3,-4.97636,-101.31151,-126.143745,42.689766,80.12436,0.066134706,0.00847649,0.04066768,13577471,5,299,0.01044582,480
2000108000050,25000500001226,2000108000054,2000108000000,25,3.575905,2000108000051,-1,2000108000049,2000108000050,-1,50,3.442627,3.3565612,3.5286925,22606,44.07343,32.524845,32.671135,229959,4,3,3,-0.5589432,-76.166504,-117.382744,48.991917,89.55404,0.0014691196,2.4290883E-4,0.03324565,13577497,5,1226,0.01308737,549
2000108000051,24000500001242,2000108000054,2000108000000,24,3.8656828,2000108000052,-1,2000108000050,2000108000051,-1,47,3.7868896,3.7868896,4.0450864,22606,44.068195,32.581894,32.748005,229959,4,3,3,3.0611935,-65.96701,-108.385254,56.99322,97.28226,0.0064862035,-0.0014198562,0.062705815,13577497,5,1242,0.010223233,638
2000108000052,23000500000977,2000108000054,2000108000000,23,4.1794686,2000108000053,-1,2000108000051,2000108000052,-1,50,4.0450864,4.0450864,4.3893495,22606,44.082153,32.619972,32.82074,229959,4,3,3,8.353702,-58.514866,-99.646095,58.041607,106.17372,-0.038351968,0.0013840353,-0.031590898,13577721,5,977,0.009312061,70
2000108000053,22000500000984,2000108000054,2000108000000,22,4.5195556,2000108000054,-1,2000108000052,2000108000053,-1,42,3.9590209,3.9590209,3.9590209,22606,44.091892,32.637363,32.877068,229959,4,3,3,11.776055,-54.134617,-95.18678,62.86713,107.21636,-0.07109475,0.038519442,-0.0056407494,13577692,5,984,0.007083868,377
2000108000054,21000500000615,2000108000054,2000108000000,21,4.888449,-1,-1,2000108000053,2000108000054,-1,50,2.2377074,2.1516418,3.18443,22606,44.112778,32.67283,32.922314,229959,4,3,3,13.2250395,-47.341858,-98.20594,56.78466,94.2448,-0.012217028,-0.0034947821,0.025364688,13577692,5,615,0.012515261,685
2000108000055,39000500000407,2000108000086,2000108000000,39,1.173417,2000108000056,-1,2000108000023,2000108000024,-1,43,0.0,0.0,0.0,22606,43.9378,32.529636,31.636,229954,4,3,3,-102.16575,-1.2187368,-84.33751,68.89927,113.279305,0.029731274,-0.04318069,0.018349595,13578559,5,407,0.008070599,797
2000108000056,38000500000384,2000108000086,2000108000000,38,1.2758462,2000108000057,-1,2000108000055,2000108000025,-1,50,0.0,0.0,0.0,22606,43.99114,32.476105,31.680298,229955,4,3,3,-70.1015,175.42645,-28.481539,70.62952,113.88485,0.08269061,-0.0032678163,0.038728554,13579305,5,384,0.007942648,785
2000108000057,37000500000406,2000108000086,2000108000000,37,1.3857181,2000108000058,-1,2000108000056,2000108000026,-1,58,0.0,0.0,0.0,22606,43.96976,32.384975,31.677406,229955,4,3,3,109.87288,133.64258,-37.478336,79.11382,122.65694,-0.0216987,0.0012691739,-0.018143985,13579305,5,406,0.0089722155,111
2000108000058,36000500000446,2000108000086,2000108000000,36,1.5036365,2000108000059,-1,2000108000057,2000108000027,-1,99,0.0,0.0,0.0,22606,43.89797,32.326183,31.716095,229954,4,3,3,118.286934,44.2343,-64.49615,65.06417,114.78546,7.255716E-4,0.019290404,0.07628964,13578602,5,446,0.015747607,535
2000108000059,35000500000434,2000108000086,2000108000000,35,1.6302707,2000108000060,-1,2000108000058,2000108000028,-1,139,0.0,0.0,0.0,22606,43.844116,32.314377,31.738043,229954,4,3,3,94.025536,1.8320304,-72.029625,67.64492,118.76429,-0.081016034,-0.08403934,0.058579132,13578567,5,434,0.020176739,964
2000108000060,34000500000961,2000108000086,2000108000000,34,1.766336,2000108000061,-1,2000108000059,2000108000060,-1,163,14.459033,13.942638,14.459033,22606,43.804104,32.318,31.791616,229954,4,3,3,77.623924,-21.995981,-82.98657,70.44335,124.862526,0.07930432,-0.025023093,0.22393662,13578567,5,961,0.02048081,199
2000108000061,33000500001077,2000108000086,2000108000000,33,1.9126327,2000108000062,-1,2000108000060,2000108000061,-1,142,13.51231,13.081982,13.856573,22606,43.758625,32.344563,31.826242,229954,4,3,3,62.98621,-35.1417,-89.70344,76.89313,135.4196,-0.0057669505,-0.03999076,0.08237319,13578023,5,1077,0.015347498,862
2000108000062,32000500000924,2000108000086,2000108000000,32,2.0700274,2000108000063,-1,2000108000061,2000108000062,-1,160,13.426245,12.651653,13.684442,22606,43.73947,32.36605,31.856009,229954,4,3,3,51.531162,-49.319466,-88.99653,63.34973,116.52069,0.036624968,-0.11945204,0.12634817,13578573,5,924,0.02388779,47
2000108000063,31000500000859,2000108000086,2000108000000,31,2.2394855,2000108000064,-1,2000108000062,2000108000063,-1,151,14.200836,13.770508,14.459033,22606,43.69476,32.376835,31.950365,229954,4,3,3,44.10425,-60.579227,-89.89375,70.346596,121.239204,-0.05996661,-0.21941414,0.12988546,13577783,5,859,0.022249844,660
2000108000064,30000500000933,2000108000086,2000108000000,30,2.422044,2000108000065,-1,2000108000063,2000108000064,-1,132,12.823785,12.651653,13.254113,22606,43.676598,32.439842,31.98002,229954,4,3,3,39.07687,-68.11943,-87.210594,89.21376,148.7272,-0.025373437,-0.23939012,0.08194559,13577784,5,933,0.011491117,118
2000108000065,29000500000705,2000108000086,2000108000000,29,2.6188614,2000108000066,-1,2000108000064,2000108000065,-1,153,12.73772,11.963128,13.598376,22606,43.663395,32.48363,31.99699,229954,4,3,3,31.039516,-79.88295,-86.0232,72.15433,120.2209,0.04750337,-0.2793748,0.089602634,13578571,5,705,0.021630427,532
2000108000066,28000500000654,2000108000077,2000108000000,28,2.8311827,2000108000067,2000108000078,2000108000065,2000108000066,2000108000078,108,10.241815,9.553289,10.586078,22606,43.63753,32.51834,32.03858,229954,4,3,3,32.323864,-84.10939,-63.91397,71.10319,112.61453,0.042459078,-0.21749018,-0.05168811,13578572,5,654,0.016820319,729
2000108000067,27000500000889,2000108000077,2000108000000,27,3.060419,2000108000068,-1,2000108000066,2000108000067,-1,94,7.7459106,7.659845,8.004107,22606,43.60951,32.578293,32.071793,229954,4,3,3,32.41188,-78.60667,-66.77338,66.03764,112.014,0.024108564,-0.25144258,-0.04071766,13578570,5,889,0.015817678,711
2000108000068,26000500001134,2000108000077,2000108000000,26,3.3080978,2000108000069,-1,2000108000067,2000108000068,-1,63,6.1106625,5.9385314,6.1106625,22606,43.58677,32.640144,32.088047,229954,4,3,3,30.776367,-87.919525,-63.77025,58.11168,102.50307,-0.100751214,-0.12050865,-0.062781,13577783,5,1134,0.012535151,602
2000108000069,25000500000891,2000108000077,2000108000000,25,3.575905,2000108000070,-1,2000108000068,2000108000069,-1,72,5.594269,5.2500057,5.7664,22606,43.56623,32.687557,32.125282,229954,4,3,3,29.739004,-75.81904,-70.11909,57.97443,104.012856,0.02931583,-0.14131321,-0.0011016367,13577783,5,891,0.013719527,769
2000108000070,24000500001014,2000108000077,2000108000000,24,3.8656828,2000108000071,-1,2000108000069,2000108000070,-1,56,4.8196774,4.733612,5.0778747,22606,43.541843,32.72736,32.161957,229954,4,3,3,17.42465,-70.49562,-74.023674,67.8294,110.137245,-0.03781363,-0.25908548,-0.04513657,13577780,5,1014,0.009282956,78
2000108000071,23000500000691,2000108000077,2000108000000,23,4.1794686,2000108000072,-1,2000108000070,2000108000071,-1,71,4.991809,4.991809,5.0778747,22606,43.542988,32.750965,32.21414,229954,4,3,3,13.534208,-69.73414,-70.46004,70.10592,123.74707,-0.10741775,-0.22334753,-0.06357018,13578569,5,691,0.009054462,364
2000108000072,22000500000514,2000108000077,2000108000000,22,4.5195556,2000108000073,-1,2000108000071,2000108000072,-1,72,2.840167,2.7541015,2.9262328,22606,43.55447,32.7711,32.29632,229958,4,3,3,11.7113,-64.126526,-67.03829,61.80613,102.40095,-0.1124949,-0.3115948,-0.054327168,13577751,5,514,0.015636481,391
2000108000073,21000500000396,2000108000077,2000108000000,21,4.888449,2000108000074,-1,2000108000072,2000108000073,-1,69,2.6680357,2.6680357,2.840167,22606,43.550533,32.8306,32.31849,229958,4,3,3,5.1967163,-61.562504,-66.53866,59.782413,101.27515,-0.04972646,-0.25531974,-0.06141592,13577751,5,396,0.014558863,282
2000108000074,20000500000588,2000108000075,2000108000000,20,5.2888336,2000108000075,2000108000076,2000108000073,2000108000074,-1,36,2.1516418,2.1516418,2.3237731,22606,43.588867,32.84153,32.361088,229958,4,3,3,-28.105385,-61.071133,-65.65559,55.622917,94.4036,-0.090718456,-0.121071845,0.0015925316,13577778,5,588,0.00820744,888
2000108000075,19000500000566,2000108000075,2000108000000,19,5.7238646,-1,-1,2000108000074,2000108000075,-1,36,1.8073791,1.7213135,2.4098387,22606,43.5883,32.89022,32.38279,229958,4,3,3,-25.53382,-60.92385,-54.24175,56.19506,94.07486,-0.1021313,-0.08694458,0.0095876455,13577751,5,566,0.00891242,663
2000108000076,20000500001035,2000108000077,2000108000000,20,5.2888336,2000108000077,-1,2000108000073,2000108000076,-1,24,1.1188537,1.1188537,1.8934448,22606,43.492558,32.8409,32.25163,229958,4,3,3,47.32533,-85.753914,-59.591877,48.57708,70.7435,0.037894215,-0.095626205,0.08549398,13579303,5,1035,0.010160978,460
2000108000077,19000500000895,2000108000077,2000108000000,19,5.7238646,-1,-1,2000108000076,2000108000077,-1,26,1.2049193,1.2049193,1.2909851,22606,43.47224,32.897713,32.265934,229958,4,3,3,41.413662,-53.138035,-54.0047,56.849194,80.51824,0.02965779,-0.082240276,-0.019810403,13578573,5,895,0.008566734,363
2000108000078,28000500000655,2000108000086,2000108000000,28,2.8311827,2000108000079,-1,2000108000065,2000108000066,-1,36,0.0,0.0,0.0,22606,43.671127,32.521496,32.207123,229954,4,3,3,7.9052563,-75.59233,-139.2981,48.59257,78.24769,0.029470727,-0.05385476,0.13876192,13578551,5,655,0.011600425,799
2000108000079,27000500001527,2000108000086,2000108000000,27,3.060419,2000108000080,-1,2000108000078,2000108000079,-1,48,3.098364,3.098364,3.442627,22606,43.67139,32.55519,32.281372,229958,4,3,3,-12.41037,-87.35888,-100.86605,46.83105,79.946465,0.1510121,-0.1605732,0.12285295,13578551,5,1527,0.015763752,895
2000108000080,26000500001693,2000108000086,2000108000000,26,3.3080978,2000108000081,-1,2000108000079,2000108000080,-1,42,2.9262328,2.840167,3.098364,22606,43.67497,32.602448,32.346066,229958,4,3,3,-33.000202,-84.33906,-85.714355,47.760757,83.86731,0.14220062,-0.11430517,0.13089111,13578560,5,1693,0.014441698,501
2000108000081,25000500001836,2000108000086,2000108000000,25,3.575905,2000108000082,-1,2000108000080,2000108000081,-1,35,2.2377074,2.1516418,2.3237731,22606,43.69598,32.62869,32.415966,229958,4,3,3,-34.72474,-73.35614,-72.689384,49.33202,78.04732,0.14218369,-0.013858611,0.09093759,13578490,5,1836,0.012243888,585
2000108000082,24000500001371,2000108000086,2000108000000,24,3.8656828,2000108000083,-1,2000108000081,2000108000082,-1,41,1.3770508,1.3770508,1.7213135,22606,43.720673,32.651047,32.45083,229958,4,3,3,-55.73228,-83.77457,-60.215946,51.712196,75.66756,0.18546213,0.10926363,0.0757592,13578500,5,1371,0.015416029,161
2000108000083,23000500001154,2000108000086,2000108000000,23,4.1794686,2000108000084,-1,2000108000082,2000108000083,-1,38,2.9262328,2.9262328,3.098364,22606,43.752953,32.756058,32.46792,229958,4,3,3,-50.939392,-83.098625,-59.521618,54.557346,86.86263,0.013570418,0.03507046,0.16328883,13578023,5,1154,0.010732366,27
2000108000084,22000500000925,2000108000086,2000108000000,22,4.5195556,2000108000085,-1,2000108000083,2000108000084,-1,40,3.2704954,2.9262328,3.5286925,22606,43.78849,32.78321,32.47141,229958,4,3,3,-52.707005,-68.76608,-45.690926,60.46545,94.04642,0.082971804,0.03785472,0.19034143,13578022,5,925,0.009672869,351
2000108000085,21000500001482,2000108000086,2000108000000,21,4.888449,2000108000086,-1,2000108000084,2000108000085,-1,22,2.3237731,2.3237731,2.4959044,22606,43.80838,32.81079,32.481033,229958,4,3,3,-80.034935,-68.13834,-9.169192,53.81527,89.64106,0.087821275,-0.041369032,0.11352896,13578498,5,1482,0.006020883,153
2000108000086,20000500001189,2000108000086,2000108000000,20,5.2888336,-1,-1,2000108000085,2000108000086,-1,22,1.2049193,1.2049193,1.2049193,22606,43.817104,32.8607,32.492897,229958,4,3,3,-79.79723,-66.704865,-1.0989876,41.44355,76.17548,0.034903243,-0.074620485,0.042295553,13578022,5,1189,0.008290747,921
2000108000087,40000500003531,2000108000091,2000108000000,40,1.0778745,2000108000088,-1,2000108000022,2000108000087,-1,24,1.8073791,1.6352477,1.8073791,22606,44.174107,32.462315,31.685015,229955,4,3,3,-118.84969,-55.3088,-259.0838,28.253384,57.85097,0.016366962,-0.05296517,-0.017001294,13578750,5,3531,0.018494893,274
2000108000088,39000500003657,2000108000091,2000108000000,39,1.173417,2000108000089,-1,2000108000087,2000108000088,-1,24,1.8934448,1.8073791,1.8934448,22606,44.231644,32.494286,31.817043,229955,4,3,3,-78.173225,-54.675312,-242.14053,28.798813,52.287136,-0.00447043,0.07652858,7.0152385E-4,13578750,5,3657,0.018701553,130
2000108000089,38000500003610,2000108000091,2000108000000,38,1.2758462,2000108000090,-1,2000108000088,2000108000089,-1,24,1.8934448,1.8934448,1.8934448,22606,44.27719,32.51723,31.933455,229955,4,3,3,-38.93032,-52.56808,-228.887,27.13913,51.39036,-0.037857853,0.19882429,0.057234146,13578525,5,3610,0.020589365,187
2000108000090,37000500003935,2000108000091,2000108000000,37,1.3857181,2000108000091,-1,2000108000089,2000108000090,-1,22,2.065576,1.7213135,2.065576,22606,44.302883,32.539593,32.063232,229955,4,3,3,-6.340184,-55.10155,-215.79192,30.19327,61.25806,0.18312262,0.06943934,0.27029604,13578538,5,3935,0.019532751,314
2000108000091,36000500003238,2000108000091,2000108000000,36,1.5036365,-1,-1,2000108000090,2000108000091,-1,27,2.2377074,2.2377074,2.3237731,22606,44.30742,32.555035,32.185658,229955,4,3,3,37.58865,-51.134357,-213.52275,33.18719,57.337753,0.04597785,0.051240943,0.21577705,13578525,5,3238,0.016351527,471
2000108000092,42000200000538,2000108000121,2000108000000,42,0.9054624,2000108000093,-1,2000108000020,2000108000021,-1,22,0.0,0.0,0.0,22606,43.960484,32.431488,31.311249,229955,4,3,3,-44.769028,-23.132183,-56.721893,49.038094,74.63015,-0.0041011674,-0.178982,-0.0111717135,13576287,2,538,0.009194713,794
2000108000093,41000200000505,2000108000121,2000108000000,41,0.98870814,2000108000094,-1,2000108000092,2000108000022,-1,41,0.0,0.0,0.0,22606,43.97533,32.44077,31.383099,229955,4,3,3,-11.916275,-18.069393,-163.12808,48.73843,81.453384,0.05698637,-0.1921516,-0.06455485,13577417,2,505,0.013245444,742
2000108000094,39000500000406,2000108000121,2000108000000,39,1.173417,2000108000095,-1,2000108000093,2000108000024,2000108000055,50,0.0,0.0,0.0,22606,43.947144,32.49534,31.724112,229955,4,3,3,-61.93314,-114.98563,-329.2584,60.7269,102.54435,-0.103294864,-0.27035952,-0.07044468,13575609,5,406,0.011009281,675
2000108000095,38000500000383,2000108000121,2000108000000,38,1.2758462,2000108000096,-1,2000108000094,2000108000025,2000108000056,125,0.0,0.0,0.0,22606,43.979618,32.553593,31.889793,229955,4,3,3,-70.08897,-99.94541,-249.3386,74.73485,115.85544,-0.07023861,0.02425033,-0.22939917,13577168,5,383,0.018296756,285
2000108000096,37000500000405,2000108000121,2000108000000,37,1.3857181,2000108000097,-1,2000108000095,2000108000026,2000108000057,178,0.0,0.0,0.0,22606,44.034836,32.597157,32.03064,229955,4,3,3,-61.493114,-89.034775,-209.83078,68.163605,116.88734,0.18690744,-0.021349723,-0.22503759,13575609,5,405,0.025141992,574
2000108000097,36000500000803,2000108000121,2000108000000,36,1.5036365,2000108000098,-1,2000108000096,2000108000097,-1,232,21.08609,19.709038,21.172155,22606,44.06002,32.64509,32.12312,229955,4,3,3,-61.116703,-77.309326,-194.38797,70.64745,122.99529,-0.021763,-0.16433422,-0.302239,13577428,5,803,0.029206412,878
2000108000098,35000500000667,2000108000121,2000108000000,35,1.6302707,2000108000099,-1,2000108000097,2000108000098,-1,283,20.569695,17.729528,20.913958,22606,44.081066,32.677097,32.213696,229955,4,3,3,-49.151,-64.994415,-177.94966,75.816315,126.250984,0.14225312,0.22435549,0.11145469,13577168,5,667,0.034596954,725
2000108000099,34000500000696,2000108000121,2000108000000,34,1.766336,2000108000100,-1,2000108000098,2000108000099,-1,239,23.323797,21.172155,23.926256,22606,44.12866,32.70811,32.31646,229959,4,3,3,-46.158184,-55.108944,-170.64723,81.24127,128.9646,0.006470231,0.28479382,0.061654236,13577474,5,696,0.0269175,319
2000108000100,33000500000657,2000108000121,2000108000000,33,1.9126327,2000108000101,-1,2000108000099,2000108000100,-1,269,22.549206,21.86068,23.754126,22606,44.162704,32.726734,32.429115,229959,4,3,3,-35.99703,-49.9198,-162.55818,82.70655,131.34093,0.066026,0.36037898,0.18165813,13577726,5,657,0.029849475,167
2000108000101,32000500000626,2000108000121,2000108000000,32,2.0700274,2000108000102,-1,2000108000100,2000108000101,-1,242,16.782806,16.266413,17.729528,22606,44.206715,32.757545,32.5393,229959,4,3,3,-33.18241,-46.497677,-158.22127,74.4674,119.46663,0.2811293,0.12700094,-0.035374697,13577394,5,626,0.0331667,93
2000108000102,31000500000706,2000108000115,2000108000000,31,2.2394855,2000108000103,2000108000116,2000108000101,2000108000102,-1,195,17.12707,16.438543,17.47133,22606,44.223133,32.784977,32.630108,229959,4,3,3,-38.15902,-25.788683,-165.81258,76.81357,127.35787,-0.06380176,-0.19310912,-0.5290268,13576558,5,706,0.023978388,804
2000108000103,30000500000751,2000108000115,2000108000000,30,2.422044,2000108000104,-1,2000108000102,2000108000103,-1,171,16.008215,15.405755,16.266413,22606,44.244175,32.79814,32.7156,229959,4,3,3,-32.448303,-28.96062,-153.37613,85.679825,138.75845,-0.01285731,-0.13687445,-0.5100932,13577168,5,751,0.017871145,956
2000108000104,29000500000624,2000108000115,2000108000000,29,2.6188614,2000108000105,-1,2000108000103,2000108000104,-1,184,13.340179,13.254113,13.426245,22606,44.250698,32.840843,32.78869,229959,4,3,3,-38.743652,-26.862024,-156.48933,78.78372,129.02605,0.10973295,-0.13300437,-0.35464966,13576558,5,624,0.02092703,998
2000108000105,28000500000694,2000108000115,2000108000000,28,2.8311827,2000108000106,-1,2000108000104,2000108000105,-1,142,10.413946,10.155749,11.274603,22606,44.24055,32.84106,32.88117,229959,4,3,3,-26.797354,-34.25375,-139.42242,72.00243,121.329735,-0.032430716,-0.26868927,-0.29060453,13576558,5,694,0.018637195,761
2000108000106,27000500000719,2000108000115,2000108000000,27,3.060419,2000108000107,-1,2000108000105,2000108000106,-1,125,7.7459106,7.573779,8.434436,22606,44.268265,32.851902,32.95964,229959,4,3,3,-21.277348,-33.52559,-134.4281,65.758064,110.9057,-0.18414955,-0.28784502,-0.19699843,13576791,5,719,0.02016243,571
2000108000107,26000500000839,2000108000115,2000108000000,26,3.3080978,2000108000108,-1,2000108000106,2000108000107,-1,94,6.540991,6.36886,6.7131224,22606,44.289593,32.909176,33.006542,229959,4,3,3,-14.772888,-31.506735,-121.05446,63.00998,105.566734,-0.22297715,-0.15739249,0.0119792195,13576813,5,839,0.018790495,746
2000108000108,25000500000890,2000108000115,2000108000000,25,3.575905,2000108000109,-1,2000108000107,2000108000108,-1,69,4.3032837,4.3032837,4.4754148,22606,44.26817,32.923824,33.055283,229959,4,3,3,-12.179582,-25.850397,-111.76218,55.86659,99.80364,0.002233318,-0.119762,-0.020659793,13576813,5,890,0.0141909355,760
2000108000109,24000500000878,2000108000115,2000108000000,24,3.8656828,2000108000110,-1,2000108000108,2000108000109,-1,65,3.0122986,3.0122986,3.18443,22606,44.281193,32.979427,33.126373,229959,4,3,3,-9.136731,-30.05375,-106.56854,57.219456,91.2963,-0.10310051,-0.05272044,0.01731138,13576791,5,878,0.016033253,420
2000108000110,23000500000708,2000108000115,2000108000000,23,4.1794686,2000108000111,-1,2000108000109,2000108000110,-1,65,1.8073791,1.8073791,2.2377074,22606,44.30676,33.004807,33.19309,229959,4,3,3,-6.4994698,-28.63416,-112.85844,53.109867,87.23213,-0.15373054,0.033996157,-0.11839997,13576791,5,708,0.016793747,408
2000108000111,22000500001548,2000108000113,2000108000000,22,4.5195556,2000108000112,2000108000114,2000108000110,2000108000111,-1,27,0.774591,0.774591,0.774591,22605,44.300163,33.021442,33.31555,229987,4,3,3,-17.324232,-36.881283,-117.450554,42.131058,70.02555,-0.063013345,-0.10561028,0.050851516,13576791,5,1548,0.012372771,107
2000108000112,21000500000991,2000108000113,2000108000000,21,4.888449,2000108000113,-1,2000108000111,2000108000112,-1,32,1.3770508,1.2909851,1.7213135,22605,44.3141,33.05794,33.367313,229987,4,3,3,-3.8313017,-37.289917,-122.89012,49.86357,82.58602,-0.036257863,-0.030325027,-0.048739124,13576813,5,991,0.011216789,328
2000108000113,20000500001088,2000108000113,2000108000000,20,5.2888336,-1,-1,2000108000112,2000108000113,-1,27,1.3770508,1.3770508,1.4631164,22605,44.345657,33.100327,33.460148,229987,4,3,3,-8.708129,-29.885815,-118.378815,52.483864,78.980255,0.005637292,-0.068330005,-0.04929471,13576791,5,1088,0.008901886,181
2000108000114,22000500001678,2000108000115,2000108000000,22,4.5195556,2000108000115,-1,2000108000110,2000108000114,-1,26,0.6885254,0.6885254,0.6885254,22605,44.258945,32.928562,33.21493,229987,4,3,3,-20.09778,-7.7146935,-93.82783,44.48954,68.60106,0.025382219,-0.0062283413,-0.10082971,13576814,5,1678,0.012587106,889
2000108000115,21000500001774,2000108000115,2000108000000,21,4.888449,-1,-1,2000108000114,2000108000115,-1,20,0.774591,0.774591,0.774591,22605,44.281906,32.947353,33.236244,229987,4,3,3,-9.024568,-19.3181,-90.99352,45.308662,65.15483,0.046705756,-0.031134957,-0.2220389,13577419,5,1774,0.0099249985,562
2000108000116,31000500003211,2000108000121,2000108000000,31,2.2394855,2000108000117,-1,2000108000101,2000108000116,-1,31,2.2377074,2.2377074,2.2377074,22606,44.01277,32.87173,32.53822,229959,4,3,3,39.455215,-153.10114,-47.429623,41.234917,72.45895,0.06406257,-0.065585315,0.07435905,13578749,5,3211,0.012330962,262
2000108000117,30000500003005,2000108000121,2000108000000,30,2.422044,2000108000118,-1,2000108000116,2000108000117,-1,33,2.2377074,2.2377074,2.3237731,22606,43.985542,32.95404,32.5552,229959,4,3,3,14.588439,-140.82118,-43.03423,43.3111,75.78286,0.03985429,-0.06629641,0.05252585,13578531,5,3005,0.01339191,763
2000108000118,29000500003046,2000108000121,2000108000000,29,2.6188614,2000108000119,-1,2000108000117,2000108000118,-1,29,1.8073791,1.7213135,1.8073791,22606,43.974983,33.020493,32.582832,229959,4,3,3,9.04908,-134.75209,-40.240406,39.003666,68.92309,-0.059185702,0.03346869,0.09109703,13578637,5,3046,0.01318979,26
2000108000119,28000500003739,2000108000121,2000108000000,28,2.8311827,2000108000120,-1,2000108000118,2000108000119,-1,23,1.8934448,1.8934448,2.065576,22606,43.98382,33.115555,32.620235,229959,4,3,3,-1.2531892,-116.980515,-36.412437,34.55845,65.27759,-0.016641518,-0.005285769,0.10125311,13578530,5,3739,0.013302724,345
2000108000120,27000500003673,2000108000121,2000108000000,27,3.060419,2000108000121,-1,2000108000119,2000108000120,-1,22,1.2909851,1.2909851,1.2909851,22606,43.990997,33.166817,32.63764,229959,4,3,3,-14.238692,-116.82272,-37.92397,33.030266,61.606518,-0.044733237,-0.008269488,0.07317179,13578531,5,3673,0.012184861,253
2000108000121,26000500003183,2000108000121,2000108000000,26,3.3080978,-1,-1,2000108000120,2000108000121,-1,24,0.6885254,0.6885254,0.6885254,22607,44.01644,33.233162,32.672554,229973,4,3,3,-18.313473,-106.40679,-33.078403,34.64094,61.221592,-0.013919632,0.020771222,0.024504678,13578531,5,3183,0.014304056,456
2000108000122,46000200000594,2000108000130,2000108000000,46,0.6235901,2000108000123,-1,2000108000016,2000108000017,-1,26,0.0,0.0,0.0,10161,44.032913,32.16178,31.049187,117605,4,3,3,-135.99068,160.92905,-209.5371,26.50433,47.031727,0.2301942,-0.2219119,0.3724481,13575524,2,594,0.023426969,307
2000108000123,45000200002986,2000108000130,2000108000000,45,0.6871088,2000108000124,-1,2000108000122,2000108000123,-1,34,1.9795104,1.9795104,1.9795104,10161,44.090275,32.086483,31.153343,117605,4,3,3,-105.98207,128.89445,-198.19879,27.990585,49.19993,0.10350055,-0.15477036,0.34550893,13575524,2,2986,0.028716428,340
2000108000124,44000200004455,2000108000130,2000108000000,44,0.75503564,2000108000125,-1,2000108000123,2000108000124,-1,27,1.9795104,1.8934448,1.9795104,22606,44.125866,32.041775,31.251364,229953,4,3,3,-82.75687,112.32043,-196.31343,32.8682,53.87115,-0.082792036,0.18325385,0.12032516,13575594,2,4455,0.01785605,439
2000108000125,43000500003841,2000108000130,2000108000000,43,0.8276991,2000108000126,-1,2000108000124,2000108000125,-1,25,2.4959044,2.4098387,2.4959044,22606,44.158085,31.990356,31.359367,229953,4,3,3,-69.27545,94.016266,-190.92232,31.751678,59.90128,-0.1599073,0.10215992,0.18258086,13575555,5,3841,0.015167564,492
2000108000126,42000500003935,2000108000130,2000108000000,42,0.9054624,2000108000127,-1,2000108000125,2000108000126,-1,23,2.1516418,1.9795104,2.1516418,22606,44.16918,31.947193,31.441814,229953,4,3,3,-64.51682,79.41822,-186.53555,31.092632,51.129288,-0.15486139,0.0777962,0.15030697,13575561,5,3935,0.020914147,343
2000108000127,41000500004108,2000108000130,2000108000000,41,0.98870814,2000108000128,-1,2000108000126,2000108000127,-1,22,1.7213135,1.7213135,1.7213135,22606,44.201378,31.916365,31.554064,229953,4,3,3,-50.838554,72.826004,-180.28105,23.300688,45.51417,-0.065334134,-0.0141365025,0.102753185,13577539,5,4108,0.025037143,152
2000108000128,40000500003939,2000108000130,2000108000000,40,1.0778745,2000108000129,-1,2000108000127,2000108000128,-1,26,1.6352477,1.6352477,1.6352477,22606,44.24304,31.874783,31.646963,229953,4,3,3,-59.745148,55.455605,-178.14313,29.305387,49.124763,-0.11232546,0.06943961,0.07942167,13577539,5,3939,0.024996638,952
2000108000129,39000500003474,2000108000130,2000108000000,39,1.173417,2000108000130,-1,2000108000128,2000108000129,-1,30,1.3770508,1.1188537,1.3770508,22606,44.261406,31.845184,31.727571,229953,4,3,3,-54.186874,46.099197,-174.65575,28.591892,46.804333,-0.12502846,0.07446439,0.089094594,13575554,5,3474,0.027034463,168
2000108000130,38000500003611,2000108000130,2000108000000,38,1.2758462,-1,-1,2000108000129,2000108000130,-1,28,1.4631164,1.032788,1.4631164,22606,44.29453,31.805145,31.807766,229953,4,3,3,-55.19498,34.852997,-167.89981,29.52429,47.871788,-0.1653651,0.093777284,0.11078031,13575589,5,3611,0.026891923,160
2000108000131,49000200000648,2000108000190,2000108000000,49,0.45657724,2000108000132,-1,2000108000013,2000108000014,-1,115,0.0,0.0,0.0,10161,43.8643,32.385612,30.892023,117606,4,3,3,-78.590256,28.589914,-192.86867,68.71364,101.06719,0.07032282,-0.14081857,0.17181581,13579505,2,648,0.022093056,645
2000108000132,48000200000682,2000108000190,2000108000000,48,0.5085914,2000108000133,-1,2000108000131,2000108000015,-1,48,0.0,0.0,0.0,10161,43.910202,32.31945,30.94803,117606,4,3,3,-87.83799,192.34726,-139.08366,65.7681,97.9937,0.09611503,-0.20416053,0.2163343,13578283,2,682,0.010384756,536
2000108000133,47000200000653,2000108000190,2000108000000,47,0.5641766,2000108000134,-1,2000108000132,2000108000016,-1,84,0.0,0.0,0.0,10161,43.900726,32.22922,30.959713,117606,4,3,3,79.95899,174.50558,24.64075,73.82472,120.762764,0.0171621,-0.027642982,0.22732438,13578357,2,653,0.013403918,504
2000108000134,46000200000593,2000108000190,2000108000000,46,0.6235901,2000108000135,-1,2000108000133,2000108000017,2000108000122,178,0.0,0.0,0.0,10161,43.86497,32.181004,30.951477,117604,4,3,3,98.39956,71.485825,3.5140977,82.041405,137.8336,-0.007214948,-0.03592125,0.35467744,13579501,2,593,0.0190166,429
2000108000135,45000200000590,2000108000190,2000108000000,45,0.6871088,2000108000136,-1,2000108000134,2000108000018,-1,252,0.0,0.0,0.0,10161,43.81696,32.15424,30.957216,117604,4,3,3,93.89431,27.607315,-19.76728,77.63909,136.14948,0.36188078,-0.19368505,0.5338747,13578283,2,590,0.02713965,356
2000108000136,44000200000526,2000108000190,2000108000000,44,0.75503564,2000108000137,-1,2000108000135,2000108000019,-1,311,0.0,0.0,0.0,10161,43.781,32.141235,30.981361,117604,4,3,3,84.24749,-0.65578693,-37.918625,77.84132,137.05327,0.26895246,-0.11094396,0.6684532,13579602,2,526,0.032197643,786
2000108000137,43000200000958,2000108000190,2000108000000,43,0.8276991,2000108000138,-1,2000108000136,2000108000137,-1,342,31.155773,29.090197,30.553314,10161,43.73941,32.155334,31.003574,117604,4,3,3,78.13858,-16.358383,-53.347466,77.38364,135.61494,-0.03160802,-0.04724938,0.8805299,13578282,2,958,0.037245102,600
2000108000138,42000200000968,2000108000190,2000108000000,42,0.9054624,2000108000139,-1,2000108000137,2000108000138,-1,329,29.950853,27.885277,29.692657,10161,43.692276,32.17992,31.035435,117604,4,3,3,72.0354,-26.52673,-62.307976,80.620186,141.9842,-0.02810427,-0.042983998,0.88871807,13579505,2,968,0.03246284,864
2000108000139,41000200000945,2000108000190,2000108000000,41,0.98870814,2000108000140,-1,2000108000138,2000108000139,-1,318,27.713146,25.64757,27.62708,10161,43.674927,32.22106,31.068106,117604,4,3,3,68.387695,-34.722614,-69.44514,79.11782,134.78162,-0.14801408,-0.0322941,0.87397945,13579549,2,945,0.034485947,89
2000108000140,40000200000894,2000108000190,2000108000000,40,1.0778745,2000108000141,-1,2000108000139,2000108000140,-1,331,24.44265,23.151665,24.184454,10161,43.661137,32.224754,31.104708,117604,4,3,3,64.88918,-42.453342,-72.95841,76.60108,136.85594,-0.21824749,0.012961273,0.8529041,13579501,2,894,0.034345683,43
2000108000141,39000200000924,2000108000162,2000108000000,39,1.173417,2000108000142,2000108000163,2000108000140,2000108000141,2000108000174,264,23.754126,22.032812,23.323797,10161,43.618538,32.22744,31.134123,117606,4,3,3,62.577633,-38.467476,-71.73497,69.77325,121.47284,-0.03242349,0.112782545,0.70683956,13578283,2,924,0.0389106,589
2000108000142,38000200000888,2000108000162,2000108000000,38,1.2758462,2000108000143,-1,2000108000141,2000108000142,2000108000175,256,19.192644,16.180346,19.192644,10161,43.56321,32.22704,31.16249,117606,4,3,3,76.34287,-48.690212,-64.18121,65.77017,124.45752,-0.45923886,0.23596665,0.8602752,13578283,2,888,0.042359944,437
2000108000143,37000200000875,2000108000162,2000108000000,37,1.3857181,2000108000144,-1,2000108000142,2000108000143,2000108000176,189,16.782806,15.061493,16.954937,10161,43.518944,32.242157,31.211863,117606,4,3,3,80.07513,-56.001583,-69.52661,60.768745,109.43456,-0.3008559,0.053509783,0.5263928,13579551,2,875,0.030985754,674
2000108000144,36000200000799,2000108000162,2000108000000,36,1.5036365,2000108000145,-1,2000108000143,2000108000144,2000108000177,259,15.836083,14.459033,15.836083,22606,43.474884,32.274666,31.250874,229954,4,3,3,73.4104,-66.39593,-72.88829,63.110813,109.474815,-0.7962921,-0.19203985,1.1823758,13579266,2,799,0.04124142,247
2000108000145,35000200000933,2000108000162,2000108000000,35,1.6302707,2000108000146,-1,2000108000144,2000108000145,-1,218,13.942638,12.909851,14.028705,22606,43.404602,32.318977,31.284868,229954,4,3,3,73.45451,-68.64496,-69.82742,65.86085,123.522255,-0.53225577,0.33737403,0.6502821,13579519,2,933,0.03418164,722
2000108000146,34000200001051,2000108000162,2000108000000,34,1.766336,2000108000147,-1,2000108000145,2000108000146,-1,169,12.651653,12.13526,12.651653,22606,43.345608,32.34533,31.311357,229954,4,3,3,76.56928,-87.08638,-68.243866,68.58402,119.86849,-0.21708535,0.17871648,0.15363938,13579550,2,1051,0.022239283,947
2000108000147,33000500000702,2000108000162,2000108000000,33,1.9126327,2000108000148,-1,2000108000146,2000108000147,2000108000180,189,12.307391,11.790997,12.73772,22606,43.315136,32.409523,31.352116,229954,4,3,3,67.84273,-85.30067,-74.096954,65.82798,117.11806,-0.5615569,0.42263538,0.95499516,13578326,5,702,0.025901759,491
2000108000148,32000500000841,2000108000162,2000108000000,32,2.0700274,2000108000149,-1,2000108000147,2000108000148,-1,161,11.5328,11.188538,12.049194,22606,43.26064,32.46727,31.372444,229954,4,3,3,64.81369,-94.3088,-62.03097,62.5289,112.94466,-0.3175076,0.11279655,0.28641954,13577758,5,841,0.025773598,202
2000108000149,31000500000840,2000108000162,2000108000000,31,2.2394855,2000108000150,-1,2000108000148,2000108000149,-1,163,12.307391,10.758209,12.651653,22606,43.239365,32.528717,31.409958,229954,4,3,3,55.05725,-94.77895,-55.56323,68.111,115.68713,-0.36030173,0.099754594,0.2598725,13579552,5,840,0.024222929,243
2000108000150,30000500000820,2000108000162,2000108000000,30,2.422044,2000108000151,-1,2000108000149,2000108000150,-1,151,11.016406,10.758209,11.446734,22606,43.208073,32.568386,31.447287,229954,4,3,3,43.486073,-91.15296,-49.307835,71.33839,119.916916,-0.31697574,-0.027435878,0.1743425,13579553,5,820,0.020673541,49
2000108000151,29000500000873,2000108000162,2000108000000,29,2.6188614,2000108000152,-1,2000108000150,2000108000151,-1,123,10.241815,9.811486,10.672143,22606,43.201447,32.632313,31.498915,229954,4,3,3,41.902473,-77.74865,-50.123158,74.48823,127.23252,-0.17639734,-0.114288814,0.027188227,13578332,5,873,0.0154875,679
2000108000152,28000500000822,2000108000162,2000108000000,28,2.8311827,2000108000153,-1,2000108000151,2000108000152,-1,122,8.606567,8.348371,8.606567,22606,43.2128,32.674988,31.537836,229954,4,3,3,34.221565,-76.693924,-48.95967,69.30746,115.04483,-0.23327276,-0.102279276,0.111623086,13577758,5,822,0.019012118,698
2000108000153,27000500000761,2000108000162,2000108000000,27,3.060419,2000108000154,-1,2000108000152,2000108000153,-1,119,7.2295165,7.057385,7.831976,22606,43.1927,32.724926,31.577673,229954,4,3,3,29.186783,-67.035164,-47.17375,63.94712,109.180954,-0.27324396,-1.3174121E-4,0.14321052,13577758,5,761,0.020013375,444
2000108000154,26000500000717,2000108000162,2000108000000,26,3.3080978,2000108000155,-1,2000108000153,2000108000154,-1,112,6.7131224,6.7131224,7.057385,22606,43.16073,32.7226,31.617561,229954,4,3,3,22.005358,-63.18795,-44.27838,62.190372,107.49005,-0.36604556,0.30084887,0.20982376,13577758,5,717,0.020020127,578
2000108000155,25000500000584,2000108000162,2000108000000,25,3.575905,2000108000156,-1,2000108000154,2000108000155,-1,115,5.8524656,5.8524656,6.196728,22606,43.156006,32.75446,31.63564,229954,4,3,3,22.146593,-58.943317,-42.116535,65.63674,110.241394,-0.48037177,0.24730583,0.19989438,13579558,5,584,0.018519951,59
2000108000156,24000500000715,2000108000160,2000108000000,24,3.8656828,2000108000157,2000108000161,2000108000155,2000108000156,-1,82,7.057385,7.057385,7.1434507,22606,43.15209,32.75884,31.692102,229954,4,3,3,23.541718,-40.873413,-45.89954,73.95722,124.45229,-0.13392945,0.011046418,-0.047924116,13579602,5,715,0.012123809,637
2000108000157,23000500000589,2000108000160,2000108000000,23,4.1794686,2000108000158,-1,2000108000156,2000108000157,-1,80,6.1106625,6.1106625,6.36886,22606,43.13955,32.798725,31.716648,229954,4,3,3,24.590313,-34.37819,-43.473423,70.61744,122.61035,-0.05135291,0.010529523,-0.039695572,13579554,5,589,0.011199469,432
2000108000158,22000500000634,2000108000160,2000108000000,22,4.5195556,2000108000159,-1,2000108000157,2000108000158,-1,60,3.6147583,3.5286925,3.8729553,22606,43.144466,32.82656,31.755545,229954,4,3,3,19.7017,-19.250305,-35.50705,63.053886,100.6607,-0.011349572,-0.02211428,-0.104527615,13579602,5,634,0.012962787,448
2000108000159,21000500000519,2000108000160,2000108000000,21,4.888449,2000108000160,-1,2000108000158,2000108000159,-1,58,0.9467224,0.9467224,1.549182,22606,43.132374,32.809624,31.764002,229954,4,3,3,19.897139,-25.040281,-39.91753,52.91607,97.677536,0.013951602,-0.07484587,-0.11499604,13579602,5,519,0.01408419,931
2000108000160,20000500001247,2000108000160,2000108000000,20,5.2888336,-1,-1,2000108000159,2000108000160,-1,25,0.6885254,0.6885254,0.9467224,22606,43.103992,32.783527,31.761871,229954,4,3,3,36.49527,3.2133362,-24.544222,41.232567,76.16979,0.025040444,-0.06783802,0.079981424,13579605,5,1247,0.010029846,829
2000108000161,24000500002162,2000108000162,2000108000000,24,3.8656828,2000108000162,-1,2000108000155,2000108000161,-1,26,0.86065674,0.86065674,0.86065674,22606,43.1146,32.892284,31.541815,229954,4,3,3,15.654482,-122.014534,-16.683647,39.194534,63.973244,0.05281869,0.104849644,-0.052761752,13578358,5,2162,0.01479864,630
2000108000162,23000500002660,2000108000162,2000108000000,23,4.1794686,-1,-1,2000108000161,2000108000162,-1,21,0.0,0.0,0.0,22606,43.129482,32.96821,31.503323,229954,4,3,3,3.7274294,-105.712944,-20.014112,35.376034,67.14546,0.064988814,0.14303206,-0.067624465,13579518,5,2660,0.013340833,281
2000108000163,39000200000926,2000108000173,2000108000000,39,1.173417,2000108000164,2000108000174,2000108000140,2000108000141,-1,20,0.0,0.0,0.0,10161,43.444286,32.127796,31.081314,117604,4,3,3,138.90904,-43.975563,-23.610592,35.8628,72.2426,0.017463926,-0.069115855,-0.09630955,6103187,2,926,0.0087937955,787
2000108000164,37000200004231,2000108000173,2000108000000,37,1.3857181,2000108000165,-1,2000108000163,2000108000164,-1,23,1.8073791,1.8073791,1.8073791,10161,43.3068,32.1646,31.11618,117604,4,3,3,87.01645,-72.77977,-1.909381,34.39238,53.38898,-0.026940044,-0.051653676,0.0030331989,13579528,2,4231,0.01842707,486
2000108000165,36000200000801,2000108000173,2000108000000,36,1.5036365,2000108000166,-1,2000108000164,2000108000144,-1,22,0.0,0.0,0.0,10161,43.263588,32.231327,31.100122,117606,4,3,3,68.92689,-88.749695,4.2671847,38.292984,71.42179,-0.008683209,-0.04653601,0.06069918,13578349,2,801,0.009691328,429
2000108000166,35000200003509,2000108000173,2000108000000,35,1.6302707,2000108000167,-1,2000108000165,2000108000166,-1,26,2.2377074,2.2377074,2.2377074,10161,43.237347,32.29158,31.096508,117606,4,3,3,44.44718,-103.67204,8.485682,37.455276,76.684425,0.09660981,0.13577628,0.03373562,13579528,2,3509,0.0101896105,130
2000108000167,34000200003455,2000108000173,2000108000000,34,1.766336,2000108000168,-1,2000108000166,2000108000167,-1,26,1.9795104,1.7213135,1.9795104,10161,43.21367,32.36428,31.07265,117606,4,3,3,33.184772,-106.198425,10.034548,32.793514,64.81491,0.12043831,-0.007873469,0.021891022,13579528,2,3455,0.015941711,90
2000108000168,32000200004336,2000108000173,2000108000000,32,2.0700274,2000108000169,-1,2000108000167,2000108000168,-1,27,1.4631164,1.4631164,1.549182,10161,43.18698,32.49748,31.070934,117606,4,3,3,18.089033,-108.45371,-4.2241693,34.647194,69.63316,0.08264253,-0.09970292,0.042585023,13579527,2,4336,0.01097573,679
2000108000169,31000200004216,2000108000173,2000108000000,31,2.2394855,2000108000170,-1,2000108000168,2000108000169,-1,25,1.6352477,1.6352477,1.6352477,10161,43.18498,32.564983,31.068754,117606,4,3,3,15.709798,-107.41947,-6.299821,38.734592,79.8526,0.10089061,-0.0017511466,0.0061456324,6104363,2,4216,0.009249217,806
2000108000170,30000200004761,2000108000173,2000108000000,30,2.422044,2000108000171,-1,2000108000169,2000108000170,-1,20,1.7213135,1.7213135,1.7213135,10161,43.186043,32.62808,31.057156,117606,4,3,3,17.559177,-110.18544,-4.846085,35.839745,72.773445,-0.009109616,-0.048887223,0.08393905,13579527,2,4761,0.008376255,215
2000108000171,28000200003702,2000108000173,2000108000000,28,2.8311827,2000108000172,-1,2000108000170,2000108000171,-1,25,1.2909851,1.2909851,1.2909851,10161,43.169113,32.7368,31.070189,117606,4,3,3,13.643008,-109.761086,-20.52117,37.079807,83.06191,0.06191042,-0.00974898,-0.06534712,6104363,2,3702,0.012231117,802
2000108000172,27000200004134,2000108000173,2000108000000,27,3.060419,2000108000173,-1,2000108000171,2000108000172,-1,20,1.6352477,1.549182,1.6352477,10161,43.172916,32.79718,31.10055,117606,4,3,3,7.752333,-102.702156,-13.680688,34.483727,68.98218,-0.020569833,-0.06172527,-0.08040545,13578350,2,4134,0.00977698,441
2000108000173,26000200003992,2000108000173,2000108000000,26,3.3080978,-1,-1,2000108000172,2000108000173,-1,20,1.549182,1.4631164,1.549182,10161,43.17029,32.840908,31.115446,117606,4,3,3,8.899948,-96.587685,-23.48228,43.090126,73.22023,0.06457286,0.023938404,-0.03737917,6104363,2,3992,0.0086244885,295
2000108000174,39000200000925,2000108000190,2000108000000,39,1.173417,2000108000175,-1,2000108000140,2000108000141,2000108000163,31,0.0,0.0,0.0,10161,43.580444,32.283966,31.15484,117606,4,3,3,24.034578,-132.40114,-122.73751,46.565468,94.288635,0.0023500028,0.09969261,-0.067804895,13580194,2,925,0.013786551,683
2000108000175,38000200000889,2000108000190,2000108000000,38,1.2758462,2000108000176,-1,2000108000174,2000108000142,-1,52,0.0,0.0,0.0,10161,43.58943,32.372135,31.224682,117606,4,3,3,12.56171,-84.549034,-100.36913,48.461735,78.18394,0.1145861,0.14726606,-0.19215758,13580221,2,889,0.018996976,784
2000108000176,37000200000876,2000108000190,2000108000000,37,1.3857181,2000108000177,-1,2000108000175,2000108000143,-1,70,0.0,0.0,0.0,22606,43.602806,32.443108,31.298681,229954,4,3,3,16.240143,-56.626175,-92.25371,50.905807,70.76538,0.18118098,-0.016475927,0.03951679,13580225,2,876,0.03135151,922
2000108000177,36000200000800,2000108000190,2000108000000,36,1.5036365,2000108000178,-1,2000108000176,2000108000144,2000108000165,26,0.0,0.0,0.0,22606,43.58709,32.484314,31.350044,229954,4,3,3,5.8451357,-65.08589,-100.53707,32.721436,69.56277,-0.050093293,0.050501335,-0.035335824,13580194,2,800,0.013626238,301
2000108000178,35000500002976,2000108000190,2000108000000,35,1.6302707,2000108000179,-1,2000108000177,2000108000178,-1,33,3.5286925,3.18443,4.217218,22606,43.588554,32.502037,31.406433,229954,4,3,3,3.0532157,-41.221306,-86.604996,43.423557,74.52324,-0.044092026,-0.2698919,0.11232978,13580194,5,2976,0.012089022,612
2000108000179,34000500001811,2000108000190,2000108000000,34,1.766336,2000108000180,-1,2000108000178,2000108000179,-1,54,3.0122986,2.840167,3.0122986,22606,43.574963,32.51535,31.467459,229954,4,3,3,10.661207,-25.453648,-81.015724,39.306232,68.731445,0.10744554,-0.29235992,-0.02812164,13580226,5,1811,0.024704704,614
2000108000180,33000500000703,2000108000190,2000108000000,33,1.9126327,2000108000181,-1,2000108000179,2000108000147,-1,34,0.0,0.0,0.0,22606,43.572998,32.54293,31.520313,229954,4,3,3,5.2115455,-11.366117,-76.69305,36.525223,70.22662,-0.090112574,-0.14237888,0.058062755,13580301,5,703,0.01608121,268
2000108000181,32000500002111,2000108000190,2000108000000,32,2.0700274,2000108000182,-1,2000108000180,2000108000181,-1,45,4.3893495,4.3893495,4.3893495,22606,43.5778,32.55302,31.560776,229954,4,3,3,20.122433,11.878177,-71.62652,42.588512,77.1557,-0.085835844,-0.18685974,0.06107315,13580301,5,2111,0.01759051,800
2000108000182,31000500001539,2000108000190,2000108000000,31,2.2394855,2000108000183,-1,2000108000181,2000108000182,-1,65,3.9590209,3.7868896,4.0450864,22606,43.576656,32.523956,31.619143,229954,4,3,3,47.525238,12.307637,-87.2919,50.05553,79.06813,0.22934243,-0.2290618,0.5868119,13580221,5,1539,0.021490349,196
2000108000183,30000500001551,2000108000190,2000108000000,30,2.422044,2000108000184,-1,2000108000182,2000108000183,-1,55,3.8729553,3.7008238,4.0450864,22606,43.559708,32.508762,31.66427,229954,4,3,3,56.331272,35.051136,-91.57962,49.8255,80.07344,0.21427836,-0.17780323,0.2713253,13580077,5,1551,0.017638605,480
2000108000184,29000500001888,2000108000190,2000108000000,29,2.6188614,2000108000185,-1,2000108000183,2000108000184,-1,41,4.131152,4.0450864,4.131152,22606,43.52022,32.47843,31.704935,229954,4,3,3,64.798454,56.333443,-93.35628,50.82315,88.47812,-0.05614472,-0.09599143,0.10509874,13580077,5,1888,0.013347893,819
2000108000185,28000500002460,2000108000190,2000108000000,28,2.8311827,2000108000186,-1,2000108000184,2000108000185,-1,33,3.098364,2.9262328,3.18443,22606,43.44592,32.448536,31.731958,229954,4,3,3,82.3209,60.22932,-104.59694,48.405426,75.95798,-0.095430605,-0.11614987,0.15764244,13580002,5,2460,0.012968711,933
2000108000186,27000500002255,2000108000190,2000108000000,27,3.060419,2000108000187,-1,2000108000185,2000108000186,-1,34,0.86065674,0.86065674,1.9795104,22606,43.440536,32.43754,31.821165,229954,4,3,3,92.8326,41.711956,-114.7657,44.33127,70.78035,-0.06754786,-0.10494446,0.16153133,13580078,5,2255,0.017449494,432
2000108000187,25000500002578,2000108000190,2000108000000,25,3.575905,2000108000188,-1,2000108000186,2000108000187,-1,24,1.2909851,1.2909851,1.2909851,22606,43.266514,32.382717,31.915491,229954,4,3,3,91.25625,5.021502,-126.0818,45.267647,68.96585,0.016233372,-0.19650863,0.02348967,13580078,5,2578,0.010213034,650
2000108000188,24000500002326,2000108000190,2000108000000,24,3.8656828,2000108000189,-1,2000108000187,2000108000188,-1,24,1.8934448,1.8934448,1.9795104,22606,43.20665,32.404,31.99965,229954,4,3,3,90.26624,-1.6137292,-133.9832,51.996872,100.94115,0.0059184316,-0.21681252,0.023018543,13580002,5,2326,0.008287982,846
2000108000189,23000500001910,2000108000190,2000108000000,23,4.1794686,2000108000190,-1,2000108000188,2000108000189,-1,28,1.4631164,1.4631164,1.4631164,22606,43.16446,32.41262,32.096954,229954,4,3,3,91.21375,-1.780214,-129.47092,46.59664,78.41174,-0.015612611,-0.0493604,-0.008718709,13580002,5,1910,0.009030233,898
2000108000190,22000500002136,2000108000190,2000108000000,22,4.5195556,-1,-1,2000108000189,2000108000190,-1,22,1.2049193,1.2049193,1.2049193,22606,43.131145,32.394165,32.16022,229954,4,3,3,89.76769,-1.2616128,-132.29044,44.887745,79.92994,-0.045427877,-0.047978323,0.011214551,13580002,5,2136,0.008386079,369
2000108000191,50000200000672,2000108000191,2000108000000,50,0.40789944,-1,-1,2000108000012,2000108000013,-1,26,0.0,0.0,0.0,10161,43.823483,32.387077,30.81085,117606,4,3,3,-69.18294,-53.23168,-205.58778,39.008305,72.971825,0.076271795,-0.13936664,0.13127805,13578282,2,672,0.012495773,378
2000108000192,51000200000654,2000108000192,2000108000000,51,0.36234027,-1,-1,2000108000011,2000108000012,-1,20,0.0,0.0,0.0,10161,43.846153,32.27543,30.722988,117606,4,3,3,37.050312,-211.93106,-187.37363,35.248512,56.164406,0.022677977,-0.04460277,-0.04733388,13580077,2,654,0.01601961,244