haloID,subHaloID,lastProgenitorId,treeId,snapNum,redshift,firstProgenitorId,nextProgenitorId,descendantId,firstHaloInFOFgroupId,nextHaloInFOFgroupId,np,m_Mean200,m_Crit200,m_TopHat,phKey,x,y,z,zIndex,ix,iy,iz,velX,velY,velZ,velDisp,vMax,spinX,spinY,spinZ,mostBoundID,fileNr,subhaloIndex,halfmassRadius,random
3000198000000,63000300001129,3000198000134,3000198000000,63,0.0,3000198000001,-1,-1,3000198000000,-1,1472,140.54524,110.42226,127.03293,16195,47.80503,27.846724,22.550272,62884,5,3,2,-59.28316,-135.59195,-195.20595,110.850395,206.5294,-0.36802155,1.8043128,-0.9392545,9716607,3,1129,0.0717753,847
3000198000001,62000300001154,3000198000134,3000198000000,62,0.019932542,3000198000002,-1,3000198000000,3000198000001,-1,1443,138.6518,108.614876,126.51653,16195,47.815304,27.878763,22.58939,62884,5,3,2,-58.704716,-137.1505,-196.80615,109.0906,200.72029,-0.38188505,1.8517712,-0.7519391,9716607,3,1154,0.07217568,745
3000198000002,61000300001175,3000198000103,3000198000000,61,0.041403063,3000198000003,3000198000104,3000198000001,3000198000002,3000198000104,1408,137.27475,108.270615,124.1067,16195,47.823563,27.905994,22.624933,62884,5,3,2,-55.073635,-133.12225,-195.75133,107.82001,202.60884,-0.27330238,1.5542331,-0.5456845,6222710,3,1175,0.069242656,425
3000198000003,60000300001177,3000198000103,3000198000000,60,0.064493395,3000198000004,-1,3000198000002,3000198000003,3000198000105,1408,135.20917,105.77471,123.50424,16195,47.8335,27.932442,22.667515,62884,5,3,2,-55.614147,-133.46986,-195.65616,107.53004,204.75371,-0.16615659,1.574298,-0.62154937,9721623,3,1177,0.071357444,176
3000198000004,59000300001187,3000198000103,3000198000000,59,0.08928783,3000198000005,-1,3000198000003,3000198000004,3000198000106,1390,133.22966,101.29929,121.3526,16195,47.84752,27.966156,22.712845,62884,5,3,2,-55.643684,-133.32635,-195.69147,107.58565,201.41525,-0.12017887,1.2629133,-0.542457,9716607,3,1187,0.072037295,312
3000198000005,58000300001166,3000198000103,3000198000000,58,0.11588337,3000198000006,-1,3000198000004,3000198000005,3000198000107,1412,130.99196,100.868965,118.85669,16195,47.86113,28.001299,22.769741,62885,5,3,2,-55.28103,-131.55534,-193.35295,105.58332,200.82466,-0.03367392,1.2699102,-0.42149094,6222710,3,1166,0.07230167,947
3000198000006,57000300001116,3000198000103,3000198000000,57,0.14438343,3000198000007,-1,3000198000005,3000198000006,3000198000108,1369,129.6149,100.69684,113.95095,16195,47.877098,28.034721,22.822742,62885,5,3,2,-56.539143,-131.86983,-192.58401,108.17103,202.31674,-0.028741546,1.1147603,-0.3998234,6222710,3,1116,0.06878223,526
3000198000007,56000300001143,3000198000103,3000198000000,56,0.17489761,3000198000008,-1,3000198000006,3000198000007,3000198000109,1335,124.45096,99.57798,112.83209,16195,47.89316,28.068623,22.875702,62885,5,3,2,-56.592163,-132.59459,-193.68019,110.817215,208.08417,0.22532038,0.9335835,-0.14044012,6222710,3,1143,0.06409947,756
3000198000008,55000300001085,3000198000103,3000198000000,55,0.20754863,3000198000009,-1,3000198000007,3000198000008,3000198000110,1292,120.836205,98.286995,111.885376,16195,47.912983,28.109142,22.937527,62885,5,3,2,-56.982883,-131.35336,-192.10374,113.226326,208.61638,0.31183943,0.84535336,-0.0663497,9716607,3,1085,0.05963397,938
3000198000009,54000300001106,3000198000103,3000198000000,54,0.24246909,3000198000010,-1,3000198000008,3000198000009,3000198000111,1317,118.85669,99.750114,111.11078,16195,47.931564,28.149843,23.001207,62885,5,3,2,-56.263012,-132.57347,-192.43456,110.536,205.65552,0.28922644,0.77355736,-0.07453704,9721675,3,1106,0.06523654,271
3000198000010,53000300001114,3000198000103,3000198000000,53,0.2798018,3000198000011,-1,3000198000009,3000198000010,-1,1268,116.791115,99.40585,109.389465,16195,47.945976,28.196331,23.066298,62885,5,3,2,-55.67101,-130.69576,-189.18675,108.82238,202.28168,0.46350458,0.3125559,0.19281125,9723249,3,1114,0.06434113,150
3000198000011,52000300001119,3000198000103,3000198000000,52,0.31970343,3000198000012,-1,3000198000010,3000198000011,-1,1237,114.983734,98.45913,108.52881,16195,47.965874,28.244574,23.128494,62885,5,3,2,-54.719063,-131.51508,-189.89822,109.50911,201.19157,0.43316993,0.3645999,0.17503625,9723286,3,1119,0.06395743,103
3000198000012,51000300001064,3000198000103,3000198000000,51,0.36234027,3000198000013,-1,3000198000011,3000198000012,3000198000114,1251,114.12308,96.479614,107.23782,16195,47.984226,28.290712,23.201057,62885,5,3,2,-55.05113,-132.32489,-188.76094,110.46473,204.5595,0.2494844,0.5140931,-0.12803298,9721675,3,1064,0.061090294,515
3000198000013,50000300001059,3000198000103,3000198000000,50,0.40789944,3000198000014,-1,3000198000012,3000198000013,-1,1202,112.74603,93.55338,104.74192,16195,48.010105,28.349005,23.275711,62887,5,3,2,-52.943108,-130.35329,-186.29436,115.22177,210.9517,0.43047833,0.11719936,0.02226709,9721675,3,1059,0.055619903,927
3000198000014,49000300001002,3000198000103,3000198000000,49,0.45657724,3000198000015,-1,3000198000013,3000198000014,-1,1280,109.90586,92.43453,103.450935,16195,48.03495,28.40269,23.347708,62887,5,3,2,-52.73708,-129.88416,-184.09462,111.231346,204.2773,0.3279377,-0.0035641782,0.021815076,6220908,3,1002,0.063623525,576
3000198000015,48000300001040,3000198000103,3000198000000,48,0.5085914,3000198000016,-1,3000198000014,3000198000015,-1,1224,108.44275,94.24191,103.96733,16195,48.05728,28.455927,23.41833,62887,5,3,2,-53.32445,-130.84122,-182.24844,110.59197,199.79257,0.23272623,0.2938401,0.16165292,9721675,3,1040,0.06330457,441
3000198000016,47000300001027,3000198000103,3000198000000,47,0.5641766,3000198000017,-1,3000198000015,3000198000016,-1,1218,107.58209,94.155846,104.31159,16190,48.076508,28.50759,23.499834,64643,5,3,2,-55.521935,-130.62825,-183.67867,113.50513,206.38303,-0.13860129,0.6419315,0.089799844,9723513,3,1027,0.059966225,156
3000198000017,46000300001001,3000198000103,3000198000000,46,0.6235901,3000198000018,-1,3000198000016,3000198000017,-1,1129,105.00012,94.24191,101.90176,16190,48.106384,28.568735,23.581701,64643,5,3,2,-54.072353,-128.36848,-180.21301,118.93787,205.41093,-0.11977439,0.7133926,0.09266769,6220908,3,1001,0.050470408,496
3000198000018,45000300000968,3000198000103,3000198000000,45,0.6871088,3000198000019,-1,3000198000017,3000198000018,-1,1140,102.76241,92.2624,100.35257,16190,48.129543,28.625935,23.661018,64643,5,3,2,-53.27347,-129.98192,-180.12495,122.035614,210.0735,0.085307814,0.86160827,-0.108843565,9723294,3,968,0.05050794,963
3000198000019,44000300000999,3000198000103,3000198000000,44,0.75503564,3000198000020,-1,3000198000018,3000198000019,-1,1068,98.0288,87.70092,94.586174,16190,48.158215,28.693161,23.741188,64643,5,3,2,-52.456493,-127.668274,-182.28021,116.229836,203.34052,0.12438469,0.844087,-0.038835477,9723249,3,999,0.052083045,741
3000198000020,43000300001005,3000198000103,3000198000000,43,0.8276991,3000198000021,-1,3000198000019,3000198000020,-1,1052,95.18863,84.08616,93.29519,16190,48.19127,28.759586,23.83794,64643,5,3,2,-54.874027,-126.68966,-178.65707,112.45242,197.62996,0.3330605,0.8076777,-0.21205787,9723391,3,1005,0.050994612,542
3000198000021,42000300000973,3000198000103,3000198000000,42,0.9054624,3000198000022,-1,3000198000020,3000198000021,-1,1067,92.0042,81.07386,88.991905,16190,48.219387,28.819979,23.921799,64643,5,3,2,-54.642284,-128.86684,-179.78615,114.55131,203.83249,0.26672587,1.0968449,-0.2722009,9723304,3,973,0.050843038,956
3000198000022,41000300000904,3000198000103,3000198000000,41,0.98870814,3000198000023,-1,3000198000021,3000198000022,-1,1078,89.5083,80.81567,87.528786,16190,48.235687,28.880749,24.010324,64643,5,3,2,-54.352886,-124.36316,-175.00124,112.817314,204.0065,0.56603354,0.96460164,-0.087478995,9723304,3,904,0.05220301,650
3000198000023,40000300000890,3000198000103,3000198000000,40,1.0778745,3000198000024,-1,3000198000022,3000198000023,-1,1046,87.959114,80.38534,86.32387,16190,48.25006,28.936329,24.10783,64643,5,3,2,-52.5929,-121.15343,-174.97345,115.455956,200.71973,0.4702092,1.1692891,-0.18773548,9723304,3,890,0.052990306,540
3000198000024,39000300000866,3000198000103,3000198000000,39,1.173417,3000198000025,-1,3000198000023,3000198000024,-1,976,86.409935,80.471405,86.2378,16190,48.28532,29.008656,24.211637,64643,5,3,2,-53.580303,-117.68262,-169.69731,125.19772,206.72974,0.43452704,1.1561801,-0.230647,9723256,3,866,0.04336636,746
3000198000025,38000300000824,3000198000103,3000198000000,38,1.2758462,3000198000026,-1,3000198000024,3000198000025,-1,949,82.79517,77.11484,82.79517,16190,48.333546,29.079185,24.299088,64643,5,3,2,-48.460648,-114.7284,-170.28593,131.21973,221.09573,0.45538434,1.1019089,-0.21872008,9723304,3,824,0.03820252,305
3000198000026,37000300000789,3000198000080,3000198000000,37,1.3857181,3000198000027,3000198000081,3000198000025,3000198000026,3000198000081,874,79.09435,73.069756,79.438614,16190,48.357773,29.145319,24.40082,64643,5,3,2,-43.124763,-118.37236,-176.12175,114.68332,194.06914,0.4076743,0.8763387,-0.12941708,9723361,3,789,0.045272168,124
3000198000027,36000300000746,3000198000080,3000198000000,36,1.5036365,3000198000028,-1,3000198000026,3000198000027,3000198000082,833,67.04516,59.901707,67.73368,16190,48.39872,29.217703,24.497225,64647,5,3,2,-41.58802,-116.724724,-176.88464,115.858925,201.92204,0.42175636,0.8872241,-0.16983216,9723303,3,746,0.0406526,797
3000198000028,35000300000777,3000198000080,3000198000000,35,1.6302707,3000198000029,-1,3000198000027,3000198000028,-1,752,61.10663,57.319736,62.139416,16190,48.41402,29.275831,24.592602,64647,5,3,2,-42.53491,-116.02147,-173.41867,121.13962,208.21107,0.39306834,0.6587435,0.13263392,9723275,3,777,0.03491073,727
3000198000029,34000300000761,3000198000080,3000198000000,34,1.766336,3000198000030,-1,3000198000028,3000198000029,-1,707,60.934494,58.180393,61.02056,16191,48.443336,29.347519,24.687284,64661,5,3,2,-43.228184,-117.024376,-168.33064,120.15018,196.73055,0.3522029,0.6789198,-0.045081455,9723275,3,761,0.034766994,231
3000198000030,33000300000761,3000198000076,3000198000000,33,1.9126327,3000198000031,3000198000077,3000198000029,3000198000030,-1,625,55.51236,54.823833,56.200882,16191,48.46258,29.405855,24.782324,64661,5,3,2,-42.784447,-107.52818,-162.04497,125.29672,208.96178,0.099924915,0.05768572,0.10398548,9723526,3,761,0.027661689,673
3000198000031,32000300000672,3000198000076,3000198000000,32,2.0700274,3000198000032,-1,3000198000030,3000198000031,-1,600,53.10252,51.8976,54.135307,16191,48.500576,29.479923,24.876154,64661,5,3,2,-41.969273,-107.375374,-160.20802,119.47534,199.54611,0.007851683,0.044440508,0.029439563,9723526,3,672,0.028330816,21
3000198000032,31000300000634,3000198000069,3000198000000,31,2.2394855,3000198000033,3000198000070,3000198000031,3000198000032,3000198000070,530,46.647594,45.614807,47.50825,16191,48.53251,29.55916,24.979301,64661,5,3,2,-52.894577,-103.97948,-155.47473,118.72849,200.43678,0.075263746,0.25547948,0.13058443,9723219,3,634,0.024971848,883
3000198000033,30000300000624,3000198000069,3000198000000,30,2.422044,3000198000034,-1,3000198000032,3000198000033,-1,480,43.377098,42.860703,43.979557,16191,48.55678,29.602705,25.051691,64661,5,3,2,-57.594173,-102.49598,-147.13068,123.534325,205.96436,-0.06444953,-0.073362574,0.07575782,9723294,3,624,0.021078534,925
3000198000034,29000300000473,3000198000069,3000198000000,29,2.6188614,3000198000035,-1,3000198000033,3000198000034,-1,547,43.54923,42.94677,45.012344,16191,48.596123,29.688063,25.148394,64661,5,3,2,-51.64146,-100.92154,-153.68666,115.39662,192.96443,-0.029409677,0.065140635,0.09352082,9723304,3,473,0.027788091,518
3000198000035,28000300000422,3000198000064,3000198000000,28,2.8311827,3000198000036,3000198000065,3000198000034,3000198000035,-1,516,42.430374,42.000046,43.1189,16191,48.640293,29.765629,25.248327,64661,5,3,2,-47.625626,-99.670975,-157.65933,119.1613,194.98146,0.042952333,0.14471531,0.08547607,9723215,3,422,0.025791299,257
3000198000036,27000300000374,3000198000052,3000198000000,27,3.060419,3000198000037,3000198000053,3000198000035,3000198000036,3000198000053,473,40.53693,40.3648,41.655785,16191,48.660942,29.81439,25.319252,64661,5,3,2,-43.92247,-99.67059,-150.08423,125.00214,200.54602,0.16489883,0.13549113,0.082955025,9723503,3,374,0.022406815,633
3000198000037,26000300000362,3000198000052,3000198000000,26,3.3080978,3000198000038,-1,3000198000036,3000198000037,3000198000054,413,36.663975,36.40578,37.266438,16191,48.693134,29.86216,25.389957,64661,5,3,2,-51.918655,-92.83198,-141.65532,130.56233,199.49158,0.13432524,0.15518545,0.1798311,9723301,3,362,0.020781346,372
3000198000038,25000300000334,3000198000052,3000198000000,25,3.575905,3000198000039,-1,3000198000037,3000198000038,-1,385,32.274628,31.500036,33.135284,16184,48.791153,29.930378,25.492266,64689,5,3,2,-48.54206,-82.27068,-135.86818,122.41776,193.71892,0.002821049,-0.21201,-0.27143463,9723279,3,334,0.021171208,985
3000198000039,24000300000309,3000198000051,3000198000000,24,3.8656828,3000198000040,3000198000052,3000198000038,3000198000039,3000198000055,241,18.848381,18.848381,20.0533,16187,48.872658,29.97331,25.51355,64696,5,3,2,-63.185886,-102.630135,-125.95548,101.739456,150.85161,0.11963591,-0.1636765,-0.33806482,9723501,3,309,0.02093793,976
3000198000040,23000300000329,3000198000051,3000198000000,23,4.1794686,3000198000041,-1,3000198000039,3000198000040,-1,219,16.266413,16.09428,17.385265,16187,48.92087,30.029179,25.584688,64696,5,3,2,-80.27417,-98.919586,-110.338165,96.73665,160.6554,0.032166157,-0.19383344,0.27300268,9723528,3,329,0.016503172,99
3000198000041,22000300000279,3000198000051,3000198000000,22,4.5195556,3000198000042,-1,3000198000040,3000198000041,-1,216,15.147558,14.975427,16.610674,16187,48.942097,30.09401,25.63394,64696,5,3,2,-69.772804,-92.533516,-101.65446,96.30133,164.73726,0.15614045,-0.18594423,0.23445487,9723526,3,279,0.01565757,439
3000198000042,21000300000255,3000198000051,3000198000000,21,4.888449,3000198000043,-1,3000198000041,3000198000042,-1,179,15.061493,14.975427,15.577887,16187,48.977043,30.1389,25.689636,64696,5,3,2,-56.232788,-89.98903,-96.72606,105.09944,172.4225,0.09032657,-0.099563,0.1880886,6220908,3,255,0.012783277,868
3000198000043,20000300000195,3000198000051,3000198000000,20,5.2888336,3000198000044,-1,3000198000042,3000198000043,-1,166,12.823785,12.823785,13.426245,16187,49.001507,30.200676,25.726233,64696,5,3,2,-54.105755,-85.36853,-95.73411,98.59037,166.92024,-0.018795833,-0.096190415,0.21916862,9723286,3,195,0.011554546,575
3000198000044,19000300000147,3000198000051,3000198000000,19,5.7238646,3000198000045,-1,3000198000043,3000198000044,-1,157,8.348371,8.348371,8.520501,16187,48.991985,30.238668,25.7836,64696,5,3,2,-49.541187,-82.32036,-86.64449,94.39585,151.62386,0.055456646,-0.0773409,0.16469622,9723221,3,147,0.013324288,396
3000198000045,18000300000094,3000198000051,3000198000000,18,6.1968336,3000198000046,-1,3000198000044,3000198000045,-1,141,8.090173,8.090173,8.262304,16187,49.066067,30.269016,25.84694,64696,5,3,2,-47.61417,-74.42294,-78.1689,92.87954,152.23878,0.07999198,-0.18226893,0.26616457,9723301,3,94,0.011896008,619
3000198000046,17000300000121,3000198000051,3000198000000,17,6.7115865,3000198000047,-1,3000198000045,3000198000046,-1,85,4.991809,4.991809,5.3360715,16187,49.062412,30.300457,25.871883,64698,5,3,2,-43.218132,-72.327805,-89.511536,87.079315,139.59648,0.08674109,-0.17267534,0.23163293,9723301,3,121,0.008512552,694
3000198000047,16000300000212,3000198000049,3000198000000,16,7.272188,3000198000048,3000198000050,3000198000046,3000198000047,-1,43,3.3565612,3.3565612,3.442627,16187,49.050755,30.34605,25.90975,64698,5,3,2,1.8242607,-113.11679,-82.80333,71.87179,123.47622,0.08551945,-0.011321479,-0.095437974,9723301,3,212,0.0062705963,964
3000198000048,15000300000164,3000198000049,3000198000000,15,7.8832035,3000198000049,-1,3000198000047,3000198000048,-1,38,1.549182,1.549182,1.6352477,16187,49.070927,30.442225,25.983593,64698,5,3,2,-7.205994,-107.57121,-68.31242,62.120754,105.58532,0.17472683,0.016170878,-0.08001163,6220907,3,164,0.00797293,897
3000198000049,14000300000259,3000198000049,3000198000000,14,8.549912,-1,-1,3000198000048,3000198000049,-1,21,0.86065674,0.86065674,0.9467224,16187,49.066162,30.495,25.998955,64698,5,3,2,-8.146274,-122.61453,-65.134254,53.270973,93.6752,0.056366965,0.062242016,-0.0448566,6220908,3,259,0.005935969,586
3000198000050,16000300000446,3000198000051,3000198000000,16,7.272188,3000198000051,-1,3000198000046,3000198000050,-1,29,2.4098387,2.4098387,2.4098387,16187,49.235752,30.35466,25.92111,64698,5,3,2,-124.11248,-18.045145,-80.72281,68.06507,113.87344,0.004539798,-0.0044453507,0.079955414,9723220,3,446,0.0042817,39
3000198000051,15000300000303,3000198000051,3000198000000,15,7.8832035,-1,-1,3000198000050,3000198000051,-1,27,1.549182,1.549182,1.7213135,16187,49.275803,30.34011,25.952618,64698,5,3,2,-104.58494,-24.040297,-73.85256,59.030117,101.84065,-0.017924853,-0.022597287,0.017191209,9723220,3,303,0.006386926,684
3000198000052,24000300000311,3000198000052,3000198000000,24,3.8656828,-1,-1,3000198000038,3000198000039,-1,27,0.0,0.0,0.0,16187,48.88639,30.004187,25.554304,64696,5,3,2,-146.67642,-37.04632,-77.50974,75.7518,109.71572,0.108548485,-0.035010323,0.027702034,9723527,3,311,0.0047254376,756
3000198000053,27000300000375,3000198000064,3000198000000,27,3.060419,3000198000054,-1,3000198000035,3000198000036,-1,20,0.0,0.0,0.0,16191,48.785305,29.824266,25.3387,64661,5,3,2,-71.919685,-107.33298,-145.0698,52.648296,89.89471,-0.029506585,-0.07011615,7.853041E-4,9721608,3,375,0.006188368,387
3000198000054,26000300000363,3000198000064,3000198000000,26,3.3080978,3000198000055,-1,3000198000053,3000198000037,-1,21,0.0,0.0,0.0,16184,48.79829,29.889835,25.405281,64689,5,3,2,113.38618,-92.50272,-89.487434,67.56794,103.15577,-0.042291604,-0.013133089,0.03182007,9721615,3,363,0.0045826924,573
3000198000055,24000300000310,3000198000064,3000198000000,24,3.8656828,3000198000056,-1,3000198000054,3000198000039,3000198000052,43,0.0,0.0,0.0,16184,48.61729,29.917841,25.587624,64689,5,3,2,74.5605,7.4440517,-163.78688,57.51367,104.65254,-0.034109317,-0.007802122,-0.12752323,9721608,3,310,0.008221755,126
3000198000056,23000300000784,3000198000064,3000198000000,23,4.1794686,3000198000057,-1,3000198000055,3000198000056,-1,92,6.36886,6.36886,6.7131224,16184,48.60059,29.910948,25.666656,64689,5,3,2,46.795425,-14.95511,-168.67288,74.59649,122.94646,0.010321887,-0.034156393,-0.34449777,9721609,3,784,0.012754292,101
3000198000057,22000300000862,3000198000064,3000198000000,22,4.5195556,3000198000058,-1,3000198000056,3000198000057,-1,77,5.8524656,5.7664,5.8524656,16184,48.6079,29.907799,25.757467,64689,5,3,2,30.052362,1.4341897,-150.98402,78.10215,129.39296,-0.05441826,-0.022379689,-0.20210159,9721615,3,862,0.00900202,603
3000198000058,21000300000800,3000198000064,3000198000000,21,4.888449,3000198000059,-1,3000198000057,3000198000058,-1,66,5.594269,5.594269,5.594269,16184,48.60724,29.918066,25.842863,64689,5,3,2,25.961088,-12.30709,-144.18707,74.1324,124.16509,-0.081547946,0.070848785,-0.1406012,9723330,3,800,0.009832094,190
3000198000059,20000300000645,3000198000064,3000198000000,20,5.2888336,3000198000060,-1,3000198000058,3000198000059,-1,63,4.6475463,4.4754148,4.733612,16184,48.56628,29.915802,25.90858,64689,5,3,2,22.210613,-2.7373483,-129.78539,69.913635,117.56972,-0.013411978,0.04135373,-0.13053572,9721608,3,645,0.009235678,282
3000198000060,19000300000758,3000198000064,3000198000000,19,5.7238646,3000198000061,-1,3000198000059,3000198000060,-1,46,3.7008238,3.7008238,3.7008238,16184,48.560047,29.909042,25.974932,64689,5,3,2,12.931915,-5.8428764,-122.58641,77.08104,133.75302,0.020855643,0.0012845455,-0.059358664,9721608,3,758,0.0049656252,478
3000198000061,18000300000613,3000198000064,3000198000000,18,6.1968336,3000198000062,-1,3000198000060,3000198000061,-1,42,3.3565612,3.2704954,3.5286925,16184,48.543133,29.914488,26.026066,64689,5,3,2,16.368128,-9.213411,-118.9055,70.68892,118.47279,0.028470026,0.018277159,-0.055785414,9721666,3,613,0.0060792607,34
3000198000062,17000300000548,3000198000064,3000198000000,17,6.7115865,3000198000063,-1,3000198000061,3000198000062,-1,33,1.9795104,1.8934448,2.1516418,16184,48.52375,29.94757,26.085028,64689,5,3,2,-1.0369875,-10.661629,-120.14996,54.71044,97.95115,0.041367065,-0.0397599,-0.09087469,9723330,3,548,0.0070386836,461
3000198000063,16000300000300,3000198000064,3000198000000,16,7.272188,3000198000064,-1,3000198000062,3000198000063,-1,38,1.7213135,1.7213135,1.8073791,16184,48.513546,29.907438,26.134783,64689,5,3,2,11.849424,-9.08279,-115.51417,58.937088,102.46753,0.029392349,-0.024742698,-0.10271819,9721637,3,300,0.007772342,688
3000198000064,15000300000456,3000198000064,3000198000000,15,7.8832035,-1,-1,3000198000063,3000198000064,-1,21,1.8073791,1.8073791,1.8073791,16184,48.51907,29.878277,26.232508,64689,5,3,2,-0.92262757,16.404083,-114.04677,70.83637,111.506165,0.007673634,-0.028239416,-0.0036271028,9721617,3,456,0.0035808722,159
3000198000065,28000300003788,3000198000069,3000198000000,28,2.8311827,3000198000066,-1,3000198000034,3000198000065,-1,28,2.065576,2.065576,2.1516418,16191,48.64612,29.655502,25.023144,64661,5,3,2,-84.95903,-59.993492,-21.931116,44.239517,73.55564,-0.12783286,0.12727699,-0.05335952,9721518,3,3788,0.012139645,803
3000198000066,27000300003763,3000198000069,3000198000000,27,3.060419,3000198000067,-1,3000198000065,3000198000066,-1,29,1.8934448,1.8934448,2.065576,16191,48.705143,29.67978,25.033138,64661,5,3,2,-89.532585,-72.72429,-55.025955,38.593708,75.85855,-0.14750004,0.18638602,-0.0712209,9723480,3,3763,0.010163615,534
3000198000067,26000300003149,3000198000069,3000198000000,26,3.3080978,3000198000068,-1,3000198000066,3000198000067,-1,30,1.3770508,1.3770508,1.3770508,16191,48.728558,29.721535,25.061222,64661,5,3,2,-70.81185,-80.67381,-60.88788,38.488472,70.42386,-0.14956103,0.105593406,0.024066385,9721503,3,3149,0.017630232,657
3000198000068,25000300003491,3000198000069,3000198000000,25,3.575905,3000198000069,-1,3000198000067,3000198000068,-1,25,1.2049193,1.2049193,1.4631164,16191,48.793022,29.739141,25.104736,64661,5,3,2,-63.02534,-78.25811,-68.59229,34.176785,65.20933,-0.15430935,0.046766628,-0.046948213,9723493,3,3491,0.011316023,216
3000198000069,24000300003606,3000198000069,3000198000000,24,3.8656828,-1,-1,3000198000068,3000198000069,-1,21,1.549182,1.549182,1.9795104,16188,48.831615,29.80021,25.117723,64668,5,3,2,-53.510174,-85.96855,-71.18233,41.23222,71.17653,-0.09698012,0.07230616,-0.03459135,9723399,3,3606,0.009339239,111
3000198000070,31000300000635,3000198000076,3000198000000,31,2.2394855,3000198000071,-1,3000198000031,3000198000032,-1,27,0.0,0.0,0.0,16191,48.321888,29.403667,24.877684,64661,5,3,2,155.02563,-46.64096,-128.67996,42.24903,63.42758,-0.21794571,0.024542123,-0.060991667,9721348,3,635,0.013477755,395
3000198000071,30000300003991,3000198000076,3000198000000,30,2.422044,3000198000072,-1,3000198000070,3000198000071,-1,34,2.065576,1.9795104,2.1516418,16191,48.239323,29.442186,24.949245,64661,5,3,2,130.9483,-62.807983,-129.1455,43.52441,85.07772,-0.34625414,0.10174135,-0.049816,9721408,3,3991,0.01733829,190
3000198000072,29000300004886,3000198000076,3000198000000,29,2.6188614,3000198000073,-1,3000198000071,3000198000072,-1,26,1.549182,1.549182,1.6352477,16191,48.16626,29.47598,25.022486,64661,5,3,2,112.44538,-72.95362,-112.01876,34.470665,71.6952,-0.057432294,-0.0739567,-0.06060967,9721408,3,4886,0.012582381,580
3000198000073,27000300004444,3000198000076,3000198000000,27,3.060419,3000198000074,-1,3000198000072,3000198000073,-1,25,1.3770508,1.3770508,1.3770508,16191,48.03821,29.564213,25.171059,64661,5,3,2,92.892815,-77.15767,-122.25848,35.78654,64.535835,-0.05347848,-0.029476827,-0.058360633,9721346,3,4444,0.01230187,386
3000198000074,26000300004810,3000198000076,3000198000000,26,3.3080978,3000198000075,-1,3000198000073,3000198000074,-1,22,1.549182,1.549182,1.549182,16191,47.98083,29.617598,25.243174,64661,5,3,2,86.79074,-73.9319,-117.561584,44.804256,74.35592,-0.008690399,-0.022389766,-0.001174341,9721348,3,4810,0.00911791,145
3000198000075,25000300004196,3000198000076,3000198000000,25,3.575905,3000198000076,-1,3000198000074,3000198000075,-1,24,1.8934448,1.8934448,2.065576,16191,47.948025,29.672977,25.28714,64661,5,3,2,77.037186,-80.79219,-111.76844,47.63993,82.96864,0.0064360253,-0.021943958,-0.018438378,9721348,3,4196,0.00699013,76
3000198000076,24000300003978,3000198000076,3000198000000,24,3.8656828,-1,-1,3000198000075,3000198000076,-1,23,1.3770508,1.3770508,1.3770508,16191,47.94008,29.738165,25.327744,64661,5,3,2,72.299255,-78.33506,-110.20545,45.707314,76.50866,0.03225315,0.035202365,0.0062505133,9721404,3,3978,0.009312722,274
3000198000077,33000300003161,3000198000080,3000198000000,33,1.9126327,3000198000078,-1,3000198000029,3000198000077,-1,31,1.4631164,1.2909851,1.4631164,16191,48.424454,29.48321,25.123203,64661,5,3,2,109.156136,-224.61,-206.43034,35.59816,54.958828,0.11387142,0.05264259,0.10430105,6222694,3,3161,0.0238058,109
3000198000078,32000300003966,3000198000080,3000198000000,32,2.0700274,3000198000079,-1,3000198000077,3000198000078,-1,30,1.6352477,1.6352477,1.6352477,16191,48.35137,29.60892,25.211916,64661,5,3,2,101.29277,-221.65112,-172.9869,34.752293,60.59414,0.14323954,-0.08113369,0.19926101,6222694,3,3966,0.017033778,193
3000198000079,30000300004792,3000198000080,3000198000000,30,2.422044,3000198000080,-1,3000198000078,3000198000079,-1,20,0.774591,0.774591,0.774591,16191,48.292786,29.86301,25.353909,64661,5,3,2,90.54189,-206.58331,-127.803986,30.674622,46.711185,0.16192271,0.06097142,0.21058859,6222632,3,4792,0.020646714,454
3000198000080,28000300004697,3000198000080,3000198000000,28,2.8311827,-1,-1,3000198000079,3000198000080,-1,25,0.774591,0.774591,0.774591,16184,48.142334,30.067396,25.48715,64689,5,3,2,72.16818,-178.47327,-113.78427,37.277958,52.868412,0.20600338,0.03787657,0.020646526,6222636,3,4697,0.017215542,358
3000198000081,37000300000790,3000198000103,3000198000000,37,1.3857181,3000198000082,-1,3000198000025,3000198000026,-1,41,0.0,0.0,0.0,16190,48.296444,29.05776,24.214226,64643,5,3,2,-54.674046,-44.372177,35.38473,38.901913,64.469124,-0.01243689,-0.16652651,0.05637674,9723549,3,790,0.025228655,631
3000198000082,36000300000747,3000198000103,3000198000000,36,1.5036365,3000198000083,-1,3000198000081,3000198000027,-1,63,0.0,0.0,0.0,16190,48.337666,29.08867,24.206345,64643,5,3,2,-62.440453,-70.38368,-14.36573,45.823635,73.4791,0.048712406,-0.25989377,0.13021028,9723556,3,747,0.024345323,115
3000198000083,35000300002176,3000198000103,3000198000000,35,1.6302707,3000198000084,-1,3000198000082,3000198000083,-1,91,5.8524656,5.0778747,6.1106625,16190,48.378277,29.152746,24.221474,64643,5,3,2,-62.197197,-79.805176,-47.408524,50.508747,82.55047,-0.06274659,-0.28108752,0.15233733,9723541,3,2176,0.026842011,2
3000198000084,34000300002170,3000198000103,3000198000000,34,1.766336,3000198000085,-1,3000198000083,3000198000084,-1,88,5.7664,5.4221373,5.7664,16190,48.40918,29.196444,24.244068,64643,5,3,2,-64.83973,-87.23953,-65.74284,49.16833,79.90387,-0.0150154065,-0.3351115,0.26906285,9723541,3,2170,0.030330645,191
3000198000085,33000300002111,3000198000103,3000198000000,33,1.9126327,3000198000086,-1,3000198000084,3000198000085,-1,89,5.8524656,5.508203,6.024597,16190,48.437706,29.231783,24.309902,64643,5,3,2,-63.487427,-92.52737,-76.12159,48.106773,84.29839,-0.06475352,-0.259245,0.26499486,9723850,3,2111,0.025135836,839
3000198000086,32000300002345,3000198000103,3000198000000,32,2.0700274,3000198000087,-1,3000198000085,3000198000086,-1,71,6.196728,6.024597,6.4549255,16190,48.453632,29.269047,24.381496,64643,5,3,2,-49.50733,-90.14053,-91.27948,55.269894,88.17164,-0.42004937,-0.12924927,0.10243541,9723653,3,2345,0.020003011,174
3000198000087,31000300002287,3000198000103,3000198000000,31,2.2394855,3000198000088,-1,3000198000086,3000198000087,-1,69,6.024597,5.680334,6.1106625,16191,48.4737,29.318472,24.457178,64661,5,3,2,-53.74339,-89.43329,-96.08695,52.689487,86.40744,-0.33574116,-0.07237529,0.055759568,9723541,3,2287,0.019821709,662
3000198000088,30000300002156,3000198000100,3000198000000,30,2.422044,3000198000089,3000198000101,3000198000087,3000198000088,-1,70,3.7008238,3.7008238,4.8196774,16191,48.4901,29.381657,24.523876,64661,5,3,2,-57.202347,-93.07814,-97.42818,48.80676,84.51419,-0.30488613,-0.032977335,0.035726942,9723556,3,2156,0.021952417,728
3000198000089,29000300002315,3000198000100,3000198000000,29,2.6188614,3000198000090,-1,3000198000088,3000198000089,-1,61,3.6147583,3.6147583,3.6147583,16191,48.510006,29.427973,24.565643,64661,5,3,2,-58.215332,-101.25438,-101.27242,47.45046,79.852776,-0.39010525,-0.0034283483,-0.058453314,9723653,3,2315,0.018574128,641
3000198000090,28000300001694,3000198000100,3000198000000,28,2.8311827,3000198000091,-1,3000198000089,3000198000090,-1,75,2.7541015,2.4959044,3.3565612,16191,48.534283,29.50177,24.58998,64661,5,3,2,-49.904324,-74.7559,-93.96485,50.552612,77.53849,0.10807007,-0.28353015,0.20475398,9723556,3,1694,0.025400748,337
3000198000091,27000300002169,3000198000100,3000198000000,27,3.060419,3000198000092,-1,3000198000090,3000198000091,-1,44,3.2704954,3.2704954,3.3565612,16191,48.575375,29.54838,24.6909,64661,5,3,2,-74.456635,-95.47077,-88.22851,52.01713,87.14679,-0.009155994,0.007952447,-0.005577218,9723653,3,2169,0.011991891,916
3000198000092,26000300001181,3000198000100,3000198000000,26,3.3080978,3000198000093,-1,3000198000091,3000198000092,-1,92,4.3032837,4.217218,4.4754148,16191,48.625217,29.612583,24.71805,64661,5,3,2,-53.81829,-67.357605,-88.800995,63.479015,90.44391,0.043909326,-0.17735195,0.4081248,9723541,3,1181,0.023190837,143
3000198000093,25000300001238,3000198000100,3000198000000,25,3.575905,3000198000094,-1,3000198000092,3000198000093,-1,76,5.1639404,5.0778747,5.508203,16191,48.676228,29.644825,24.758753,64661,5,3,2,-73.21035,-61.7005,-85.70331,66.47752,98.59194,-0.14634547,-0.05000632,0.3404971,9723552,3,1238,0.01705512,360
3000198000094,24000300001220,3000198000100,3000198000000,24,3.8656828,3000198000095,-1,3000198000093,3000198000094,-1,71,3.098364,3.098364,3.098364,16191,48.73528,29.683043,24.838644,64661,5,3,2,-50.62312,-76.67512,-81.14039,70.08483,89.415375,0.17094746,-0.38367772,0.36263332,9723552,3,1220,0.018426826,656
3000198000095,23000300001573,3000198000098,3000198000000,23,4.1794686,3000198000096,3000198000099,3000198000094,3000198000095,-1,32,2.9262328,2.9262328,2.9262328,16191,48.805,29.758062,24.840029,64661,5,3,2,-125.48714,-68.43547,-64.85858,51.83683,86.68942,-0.0016542595,-0.04950688,0.05519517,9723861,3,1573,0.009502603,807
3000198000096,22000300002707,3000198000098,3000198000000,22,4.5195556,3000198000097,-1,3000198000095,3000198000096,-1,26,2.2377074,2.2377074,2.3237731,16188,48.862984,29.799837,24.872244,64668,5,3,2,-99.096436,-85.46571,-68.4829,59.79328,95.88488,-0.08320671,-0.00443654,0.007873914,9723549,3,2707,0.005636346,236
3000198000097,21000300002595,3000198000098,3000198000000,21,4.888449,3000198000098,-1,3000198000096,3000198000097,-1,22,1.1188537,1.1188537,1.2049193,16188,48.91467,29.820295,24.872269,64668,5,3,2,-107.52233,-74.40592,-76.713295,45.25278,70.568085,-0.05306029,-0.004837615,0.05159078,9723556,3,2595,0.008919376,392
3000198000098,20000300002444,3000198000098,3000198000000,20,5.2888336,-1,-1,3000198000097,3000198000098,-1,21,0.6885254,0.6885254,1.2049193,16188,48.983982,29.856117,24.914242,64668,5,3,2,-101.9833,-77.960205,-69.195045,41.846046,73.44003,-0.08202813,-0.008568643,0.01357392,9723548,3,2444,0.009428514,98
3000198000099,23000300003647,3000198000100,3000198000000,23,4.1794686,3000198000100,-1,3000198000094,3000198000099,-1,20,0.9467224,0.9467224,0.9467224,16191,48.601257,29.609936,24.816753,64661,5,3,2,39.011364,-43.994713,-123.66021,38.407455,67.03241,-0.15309899,-0.06992657,0.09554057,9721715,3,3647,0.010178951,748
3000198000100,22000300003527,3000198000100,3000198000000,22,4.5195556,-1,-1,3000198000099,3000198000100,-1,20,0.60245967,0.516394,0.60245967,16191,48.557148,29.63375,24.872229,64661,5,3,2,31.932848,-44.701614,-117.23342,35.24433,59.17446,-0.13078345,-0.08357866,0.09615496,9721727,3,3527,0.011627704,165
3000198000101,30000300004283,3000198000103,3000198000000,30,2.422044,3000198000102,-1,3000198000087,3000198000101,-1,21,2.2377074,2.1516418,2.2377074,16191,48.658863,29.479849,24.465122,64661,5,3,2,-62.99464,-64.96158,-71.205284,30.965824,58.733418,-0.010752302,0.0070562023,0.019925108,9721727,3,4283,0.013590076,340
3000198000102,29000300004757,3000198000103,3000198000000,29,2.6188614,3000198000103,-1,3000198000101,3000198000102,-1,21,1.6352477,1.6352477,1.8073791,16191,48.68274,29.531345,24.512894,64661,5,3,2,-45.3468,-51.15513,-75.76324,36.75488,61.936428,-0.043767035,-0.02222302,0.03386255,9721727,3,4757,0.013738376,37
3000198000103,27000300003984,3000198000103,3000198000000,27,3.060419,-1,-1,3000198000102,3000198000103,-1,20,1.6352477,1.6352477,2.2377074,16191,48.7352,29.568863,24.629898,64661,5,3,2,11.401688,-31.581087,-86.38173,36.913734,72.27491,-0.092677526,-0.09971365,0.059997372,9721748,3,3984,0.0109671615,102
3000198000104,61000300001176,3000198000134,3000198000000,61,0.041403063,3000198000105,-1,3000198000001,3000198000002,-1,30,0.0,0.0,0.0,16195,47.942005,27.932127,22.615084,62885,5,3,2,-197.62831,-279.6333,-306.369,33.490196,66.185295,0.10959379,-0.0029917285,0.020673556,9721093,3,1176,0.017483722,816
3000198000105,60000300001178,3000198000134,3000198000000,60,0.064493395,3000198000106,-1,3000198000104,3000198000003,-1,36,0.0,0.0,0.0,16195,47.97715,28.000036,22.685253,62885,5,3,2,-146.45247,-268.49625,-311.6871,37.061207,73.26535,0.05481309,-0.075187586,-0.013151565,9719054,3,1178,0.016123205,138
3000198000106,59000300001188,3000198000134,3000198000000,59,0.08928783,3000198000107,-1,3000198000105,3000198000004,-1,40,0.0,0.0,0.0,16195,48.00171,28.064455,22.757818,62885,5,3,2,-110.28082,-256.8376,-312.48212,37.534073,73.42733,0.072872005,-0.079242304,0.050529227,9721092,3,1188,0.016184043,996
3000198000107,58000300001167,3000198000134,3000198000000,58,0.11588337,3000198000108,-1,3000198000106,3000198000005,-1,45,0.0,0.0,0.0,16195,48.031956,28.127836,22.840488,62885,5,3,2,-83.96375,-244.22365,-307.71216,35.797638,70.61547,0.041998718,-0.06859034,0.09313339,9721073,3,1167,0.019016542,796
3000198000108,57000300001117,3000198000134,3000198000000,57,0.14438343,3000198000109,-1,3000198000107,3000198000006,-1,49,0.0,0.0,0.0,16195,48.04761,28.181599,22.920202,62885,5,3,2,-62.072464,-233.67355,-302.06052,34.380722,65.57465,0.08961634,-0.109584816,0.039057117,9721092,3,1117,0.024564419,681
3000198000109,56000300001144,3000198000134,3000198000000,56,0.17489761,3000198000110,-1,3000198000108,3000198000007,-1,51,0.0,0.0,0.0,16195,48.054573,28.260519,22.999458,62885,5,3,2,-45.747417,-223.06621,-298.69797,33.268047,63.934025,0.085842185,-0.11890906,0.038418543,9722447,3,1144,0.027652958,479
3000198000110,55000300001086,3000198000134,3000198000000,55,0.20754863,3000198000111,-1,3000198000109,3000198000008,-1,52,0.0,0.0,0.0,16195,48.06652,28.312447,23.100002,62885,5,3,2,-28.648712,-208.40852,-294.1029,34.597954,67.285614,0.12707052,-0.068156466,-0.11398679,9721973,3,1086,0.025821429,859
3000198000111,54000300001107,3000198000134,3000198000000,54,0.24246909,3000198000112,-1,3000198000110,3000198000009,-1,58,0.0,0.0,0.0,16195,48.068497,28.381311,23.19095,62887,5,3,2,-17.90797,-194.8719,-291.9028,36.644474,67.89032,-0.022063602,0.07271711,-0.09548002,9722447,3,1107,0.028294176,712
3000198000112,53000300002499,3000198000134,3000198000000,53,0.2798018,3000198000113,-1,3000198000111,3000198000112,-1,71,7.4016476,4.6475463,6.024597,16195,48.085865,28.45175,23.283644,62887,5,3,2,-1.5059263,-185.34398,-286.00906,36.02878,69.427734,-0.02067703,-0.24652672,-0.06270298,9721973,3,2499,0.031994704,281
3000198000113,52000300002519,3000198000134,3000198000000,52,0.31970343,3000198000114,-1,3000198000112,3000198000113,-1,74,7.4877133,4.6475463,6.196728,16195,48.08243,28.498713,23.385307,62887,5,3,2,8.423941,-176.33688,-279.37244,34.71317,65.52694,-0.16824658,-0.053569462,-0.23069882,9719094,3,2519,0.036157623,744
3000198000114,51000300001065,3000198000134,3000198000000,51,0.36234027,3000198000115,-1,3000198000113,3000198000012,-1,65,0.0,0.0,0.0,16190,48.091663,28.563082,23.489492,64643,5,3,2,16.037271,-167.76183,-272.8843,35.715317,66.63274,-0.16234717,-0.06639295,-0.17653736,9721082,3,1065,0.034371357,672
3000198000115,50000300002830,3000198000134,3000198000000,50,0.40789944,3000198000116,-1,3000198000114,3000198000115,-1,69,6.196728,5.4221373,5.680334,16190,48.086014,28.637531,23.594963,64643,5,3,2,24.554167,-155.7445,-266.67383,36.816097,65.596695,-0.07111784,-0.05931266,-0.2089529,9721078,3,2830,0.03278869,111
3000198000116,49000300002817,3000198000134,3000198000000,49,0.45657724,3000198000117,-1,3000198000115,3000198000116,-1,68,5.9385314,4.733612,5.4221373,16190,48.087704,28.70175,23.69901,64643,5,3,2,26.10052,-143.37184,-261.89536,38.520683,71.48644,-0.10855243,-0.0363711,-0.23732558,9721078,3,2817,0.029972862,559
3000198000117,48000300002753,3000198000134,3000198000000,48,0.5085914,3000198000118,-1,3000198000116,3000198000117,-1,71,6.36886,4.905743,6.196728,16190,48.0749,28.759325,23.806404,64643,5,3,2,29.144388,-129.43727,-258.87363,40.13956,68.77588,-0.16395679,-0.025571998,-0.286484,9719097,3,2753,0.032068633,160
3000198000118,47000300002806,3000198000134,3000198000000,47,0.5641766,3000198000119,-1,3000198000117,3000198000118,-1,75,5.680334,5.1639404,5.594269,16190,48.04706,28.800774,23.914835,64643,5,3,2,33.362926,-114.04443,-254.60472,41.479755,72.96029,-0.0840885,0.022360727,0.025701199,9719096,3,2806,0.029522853,53
3000198000119,46000300002115,3000198000134,3000198000000,46,0.6235901,3000198000120,-1,3000198000118,3000198000152,-1,73,0.0,0.0,0.0,16190,48.037094,28.84748,24.016905,64643,5,3,2,28.754627,-105.18356,-247.1613,39.531185,71.348175,-0.17324705,-0.012894284,-0.18763284,9721067,3,2115,0.027447913,886
3000198000120,45000300003191,3000198000134,3000198000000,45,0.6871088,3000198000121,-1,3000198000119,3000198000120,-1,63,6.1106625,4.3032837,4.4754148,16190,48.013226,28.890614,24.13083,64643,5,3,2,27.549227,-98.31934,-241.99751,38.383938,69.76085,-0.043543134,-0.089173876,-0.3116796,9719094,3,3191,0.02731271,916
3000198000121,44000300003109,3000198000134,3000198000000,44,0.75503564,3000198000122,-1,3000198000120,3000198000121,-1,67,4.4754148,3.7868896,4.3032837,16190,47.989716,28.940517,24.245743,64643,5,3,2,24.179342,-88.11574,-234.24931,36.70564,71.21396,-0.07014579,-0.046346076,-0.30688092,9721067,3,3109,0.030967575,488
3000198000122,43000300003430,3000198000134,3000198000000,43,0.8276991,3000198000123,-1,3000198000121,3000198000122,-1,55,3.7868896,3.5286925,3.7008238,16190,47.975483,28.979126,24.36268,64643,5,3,2,22.916643,-82.37357,-222.14409,37.807175,73.17669,-0.08017133,0.11909442,-0.08357011,9719094,3,3430,0.023381522,77
3000198000123,42000300004027,3000198000134,3000198000000,42,0.9054624,3000198000124,-1,3000198000122,3000198000123,-1,42,3.7008238,3.0122986,3.6147583,16190,47.956844,29.017496,24.453932,64647,5,3,2,18.54667,-68.075645,-216.89977,32.606186,63.47765,-0.10569894,0.032556664,-0.0105253635,9721093,3,4027,0.021569232,770
3000198000124,41000300003436,3000198000134,3000198000000,41,0.98870814,3000198000125,-1,3000198000123,3000198000124,-1,54,3.6147583,2.9262328,3.6147583,16190,47.958584,29.050894,24.554058,64647,5,3,2,11.114466,-60.8306,-215.81393,33.478764,62.480225,0.043076076,-0.06879257,-0.1715783,9721074,3,3436,0.030185789,636
3000198000125,40000300003927,3000198000134,3000198000000,40,1.0778745,3000198000126,-1,3000198000124,3000198000125,-1,45,3.442627,2.4098387,3.3565612,16190,47.96678,29.075977,24.664076,64647,5,3,2,6.7067137,-54.380787,-206.19704,34.621803,60.349327,-0.13441324,0.110107005,-0.03168187,9719090,3,3927,0.029226532,261
3000198000126,39000300003134,3000198000134,3000198000000,39,1.173417,3000198000127,-1,3000198000125,3000198000126,-1,62,3.0122986,2.3237731,3.0122986,16190,47.974228,29.123535,24.777868,64647,5,3,2,4.7699423,-45.17331,-205.46034,34.141834,63.7205,-0.19876188,0.16644758,-0.036793597,9721074,3,3134,0.034272324,621
3000198000127,38000300003117,3000198000134,3000198000000,38,1.2758462,3000198000128,-1,3000198000126,3000198000127,-1,61,3.6147583,3.442627,3.6147583,16190,47.962444,29.13073,24.888178,64647,5,3,2,0.5357875,-36.18229,-198.9502,38.243156,67.669044,-0.16461872,0.24601366,-0.040390145,9721093,3,3117,0.02603116,994
3000198000128,37000300002822,3000198000134,3000198000000,37,1.3857181,3000198000129,-1,3000198000127,3000198000128,-1,64,4.3032837,4.131152,4.3032837,16190,47.958183,29.163807,25.006273,64647,5,3,2,-7.6922197,-27.82783,-194.99097,42.07222,70.94827,-0.15219255,0.10982208,-0.008913362,9721074,3,2822,0.025264302,398
3000198000129,36000300002821,3000198000134,3000198000000,36,1.5036365,3000198000130,-1,3000198000128,3000198000129,-1,62,4.3032837,4.131152,4.3893495,16190,47.96091,29.227798,25.120264,64647,5,3,2,-11.063321,-20.350044,-192.23119,46.841827,70.816216,-0.12471726,0.120143466,-0.015256114,9721082,3,2821,0.025364978,454
3000198000130,35000300002727,3000198000134,3000198000000,35,1.6302707,3000198000131,-1,3000198000129,3000198000130,-1,66,4.0450864,4.0450864,4.0450864,16190,47.964092,29.214226,25.213106,64647,5,3,2,-9.150401,-14.872583,-187.14877,53.476128,83.53741,-0.11415262,0.10468628,0.0027025533,9721082,3,2727,0.01913546,719
3000198000131,34000300003604,3000198000134,3000198000000,34,1.766336,3000198000132,-1,3000198000130,3000198000131,-1,44,1.6352477,1.549182,1.6352477,16190,47.980385,29.266848,25.31942,64647,5,3,2,-21.618587,-4.4647117,-183.98767,43.88815,60.239716,-0.07919513,-0.08860931,-0.13591334,9721087,3,3604,0.02799682,987
3000198000132,33000300003471,3000198000134,3000198000000,33,1.9126327,3000198000133,-1,3000198000131,3000198000132,-1,41,1.3770508,1.3770508,1.3770508,16185,47.97754,29.147802,25.425703,64675,5,3,2,-27.625702,-6.124358,-184.26784,40.565147,59.401157,-0.105628215,0.025254231,-0.18061389,9721087,3,3471,0.03618118,863
3000198000133,31000300004430,3000198000134,3000198000000,31,2.2394855,3000198000134,-1,3000198000132,3000198000133,-1,25,1.7213135,1.7213135,1.7213135,16184,48.0495,29.331846,25.651058,64689,5,3,2,-27.541508,-28.309816,-180.60303,31.478086,62.164726,-0.18178266,0.01366481,-0.12562887,9721087,3,4430,0.012594027,340
3000198000134,30000300005706,3000198000134,3000198000000,30,2.422044,-1,-1,3000198000133,3000198000134,-1,20,1.549182,1.549182,1.549182,16184,48.06872,29.34787,25.763395,64689,5,3,2,-33.20479,-15.671131,-178.65768,34.971443,72.119385,-0.16128306,0.059098583,-0.16003971,9721087,3,5706,0.008231525,235