haloID,subHaloID,lastProgenitorId,treeId,snapNum,redshift,firstProgenitorId,nextProgenitorId,descendantId,firstHaloInFOFgroupId,nextHaloInFOFgroupId,np,m_Mean200,m_Crit200,m_TopHat,phKey,x,y,z,zIndex,ix,iy,iz,velX,velY,velZ,velDisp,vMax,spinX,spinY,spinZ,mostBoundID,fileNr,subhaloIndex,halfmassRadius,random
3000061001320,63000300000747,3000061001555,3000061000000,63,0.0,3000061001321,-1,-1,3000061001320,3000061001556,6355,681.46796,504.34482,580.68506,16007,52.8772,15.784097,21.398058,61772,5,1,2,-210.86713,10.013126,61.161552,179.44984,332.51495,2.4914157,1.1710985,2.1439705,9363228,3,747,0.11465373,969
3000061001321,62000300000737,3000061001555,3000061000000,62,0.019932542,3000061001322,-1,3000061001320,3000061001321,3000061001557,6371,673.80817,496.51285,578.017,16007,52.918655,15.779275,21.385693,61772,5,1,2,-203.3262,19.842222,59.875786,177.8831,331.75082,2.6539724,1.3320689,1.8275273,9363228,3,737,0.113950364,167
3000061001322,61000300000729,3000061001555,3000061000000,61,0.041403063,3000061001323,-1,3000061001321,3000061001322,3000061001602,6279,662.3614,492.46777,572.50885,16007,52.957455,15.769308,21.369904,61772,5,1,2,-194.32828,36.382797,55.490765,178.1962,326.91434,2.548412,1.29252,1.7300751,9363228,3,729,0.112125926,890
3000061001323,60000300000729,3000061001555,3000061000000,60,0.064493395,3000061001324,-1,3000061001322,3000061001323,3000061001603,6310,647.1278,487.99237,570.4433,16007,53.001648,15.761587,21.361269,61772,5,1,2,-184.933,53.34192,50.382244,179.90906,329.46533,2.2495666,1.1157572,2.0108366,9363228,3,729,0.11011805,696
3000061001324,59000300000745,3000061001555,3000061000000,59,0.08928783,3000061001325,-1,3000061001323,3000061001324,3000061001604,6210,645.14825,490.05792,567.25885,16007,53.044876,15.744084,21.349546,61772,5,1,2,-176.1448,67.71451,47.41181,181.26013,334.13724,2.7086253,1.1215286,1.5895395,9364918,3,745,0.11011608,186
3000061001325,58000300000722,3000061001555,3000061000000,58,0.11588337,3000061001326,-1,3000061001324,3000061001325,3000061001605,6116,664.0827,490.74646,564.5908,16007,53.09013,15.7200985,21.344034,61772,5,1,2,-158.45375,91.465675,39.172615,180.86597,330.5269,2.8693259,0.8937306,1.6113648,9364918,3,722,0.10977639,881
3000061001326,57000300000698,3000061001555,3000061000000,57,0.14438343,3000061001327,-1,3000061001325,3000061001326,3000061001606,6168,678.9721,492.1235,569.75476,16007,53.13054,15.695349,21.328045,61772,5,1,2,-147.12498,107.492355,34.475647,178.84177,325.8374,2.9094877,0.25495002,1.4779166,9364918,3,698,0.11107782,769
3000061001327,56000300000699,3000061001555,3000061000000,56,0.17489761,3000061001328,-1,3000061001326,3000061001327,3000061001607,6432,689.4721,487.21777,596.9515,16007,53.168545,15.664845,21.314392,61772,5,1,2,-135.1858,123.544014,28.086424,181.98665,331.51382,2.9899335,-0.05944889,2.0792289,9363825,3,699,0.11667527,59
3000061001328,55000300000639,3000061001555,3000061000000,55,0.20754863,3000061001329,-1,3000061001327,3000061001328,3000061001608,6572,708.06226,511.05795,608.5704,16007,53.207615,15.6251545,21.311382,61772,5,1,2,-114.08615,146.84622,21.855143,182.38675,332.2172,2.9471555,0.12161255,2.446286,9363825,3,639,0.11620296,35
3000061001329,54000300000659,3000061001555,3000061000000,54,0.24246909,3000061001330,-1,3000061001328,3000061001329,3000061001565,6420,730.18115,520.5252,619.931,15598,53.23883,15.579768,21.303892,54750,5,1,2,-107.21452,166.60754,12.75646,185.22379,329.0002,2.6264007,-0.7824597,2.6085775,9365463,3,659,0.11369272,822
3000061001330,53000300000660,3000061001555,3000061000000,53,0.2798018,3000061001331,-1,3000061001329,3000061001330,3000061001566,6408,742.1443,534.726,655.04584,15598,53.263382,15.512886,21.29338,54750,5,1,2,-88.32134,193.31602,0.7173105,184.99571,329.40546,3.2596984,-0.30314052,2.1945004,9363825,3,660,0.11487106,669
3000061001331,52000300000651,3000061001555,3000061000000,52,0.31970343,3000061001332,-1,3000061001330,3000061001331,3000061001611,6565,754.02136,550.38995,684.6524,15598,53.29876,15.437145,21.295797,54750,5,1,2,-71.4665,223.02538,-7.2144694,184.57672,329.461,3.1445067,-0.518045,2.0219615,9363825,3,651,0.12079618,605
3000061001332,51000300000349,3000061001555,3000061000000,51,0.36234027,3000061001333,-1,3000061001331,3000061000012,3000061000933,5584,0.0,0.0,0.0,15598,53.324745,15.353281,21.319109,54750,5,1,2,-53.57026,252.19789,-16.049734,185.6339,325.79102,3.6277509,-0.03953902,1.8563818,9363825,3,349,0.10021865,754
3000061001333,50000300000583,3000061001555,3000061000000,50,0.40789944,3000061001334,-1,3000061001332,3000061001333,3000061001613,6436,721.3164,530.6809,649.7098,15598,53.337154,15.248936,21.319412,54750,5,1,2,-33.234055,273.2139,-11.576957,187.92673,331.08575,5.014573,-0.7951469,2.2670767,9364030,3,583,0.114653684,932
3000061001334,49000300000272,3000061001555,3000061000000,49,0.45657724,3000061001335,-1,3000061001333,3000061000014,3000061000935,5505,0.0,0.0,0.0,15598,53.337868,15.118385,21.326965,54750,5,1,2,-19.01408,289.23987,-17.430824,195.10153,340.1432,4.733979,-0.4514132,1.5089915,9364643,3,272,0.09165868,799
3000061001335,48000300000604,3000061001551,3000061000000,48,0.5085914,3000061001336,3000061001552,3000061001334,3000061001335,3000061001615,6275,644.71796,502.96777,605.472,15598,53.336594,15.003541,21.34311,54750,5,1,2,-7.208346,300.51828,-6.516144,189.27834,325.4461,4.9973702,-1.8137759,2.5717113,9364643,3,604,0.111867115,432
3000061001336,47000300000563,3000061001539,3000061000000,47,0.5641766,3000061001337,3000061001540,3000061001335,3000061001336,3000061001572,5866,619.5007,498.83664,569.23834,15598,53.34115,14.882366,21.361069,54750,5,1,2,2.3517182,313.66122,-3.0665042,194.06679,326.04303,5.4671583,-1.3128529,1.2309154,9364030,3,563,0.10273863,981
3000061001337,46000300000140,3000061001539,3000061000000,46,0.6235901,3000061001338,-1,3000061001336,3000061000017,3000061000938,5246,0.0,0.0,0.0,15598,53.33583,14.745123,21.367365,54750,5,1,2,4.470239,316.96503,4.745027,203.3709,337.59503,4.6388965,-0.6106674,0.72630847,9365468,3,140,0.08630975,324
3000061001338,45000300000513,3000061001539,3000061000000,45,0.6871088,3000061001339,-1,3000061001337,3000061001338,3000061001781,5291,545.74243,467.853,528.09894,15598,53.328552,14.584204,21.33701,54748,5,1,2,8.914897,333.45584,10.773691,212.2602,357.41635,4.9586153,-0.62072366,0.5840124,9364654,3,513,0.07889131,530
3000061001339,44000300000503,3000061001491,3000061000000,44,0.75503564,3000061001340,3000061001492,3000061001338,3000061001339,3000061001575,4841,504.34482,441.34476,492.46777,15598,53.310196,14.400554,21.331654,54748,5,1,2,12.248486,343.06445,6.3312674,191.28523,326.04156,3.8966088,-0.60288423,0.71162975,9364654,3,503,0.08624916,778
3000061001340,43000300000536,3000061001491,3000061000000,43,0.8276991,3000061001341,-1,3000061001339,3000061001340,3000061001495,4422,468.5415,384.62747,454.51282,15598,53.299587,14.227877,21.335388,54748,5,1,2,3.8822334,342.85406,2.3298397,186.61989,321.1024,3.205533,0.078538656,0.74401605,9396615,3,536,0.08090009,446
3000061001341,42000300000525,3000061001486,3000061000000,42,0.9054624,3000061001342,3000061001487,3000061001340,3000061001341,3000061001496,4154,398.57013,356.57007,390.30783,15598,53.295876,14.047847,21.34505,54748,5,1,2,-5.6991405,338.7147,9.890019,184.96613,319.61942,2.4103754,-0.30554017,0.6817108,9363818,3,525,0.075686894,337
3000061001342,41000300000480,3000061001486,3000061000000,41,0.98870814,3000061001343,-1,3000061001341,3000061001342,3000061001497,3909,378.00043,347.9635,373.0086,15598,53.301926,13.878462,21.341991,54748,5,1,2,-12.498798,333.38492,5.997092,190.0258,323.52237,1.663362,0.68704504,1.2973145,9363818,3,480,0.06990679,429
3000061001343,40000300000468,3000061001463,3000061000000,40,1.0778745,3000061001344,3000061001464,3000061001342,3000061001343,3000061001464,3747,371.37338,343.31595,368.87747,15598,53.306473,13.70924,21.343277,54748,5,1,2,-20.191582,332.7273,8.348112,190.78323,322.60202,1.4833307,1.0584301,1.3578551,9364007,3,468,0.06720908,181
3000061001344,39000300000430,3000061001463,3000061000000,39,1.173417,3000061001345,-1,3000061001343,3000061001344,3000061001301,3616,373.0086,349.94302,371.97583,15599,53.315815,13.527179,21.33843,54734,5,1,2,-34.999897,329.87225,10.091496,187.83449,319.73816,0.9797024,0.84115916,1.024895,9364654,3,430,0.066120565,821
3000061001345,38000300000375,3000061001463,3000061000000,38,1.2758462,3000061001346,-1,3000061001344,3000061001345,3000061001302,3443,364.5742,335.05365,364.5742,15599,53.340073,13.348191,21.32791,54734,5,1,2,-47.725445,311.82214,16.875017,193.37526,327.22046,1.086369,1.4402092,1.2503543,9365468,3,375,0.060696755,696
3000061001346,37000300000369,3000061001463,3000061000000,37,1.3857181,3000061001347,-1,3000061001345,3000061001346,3000061001467,3460,330.23398,309.23395,332.04135,15599,53.366375,13.159819,21.318409,54734,5,1,2,-48.489983,296.26852,14.375834,189.50957,318.8503,1.2234881,1.4599023,1.1776539,9365468,3,369,0.064146094,992
3000061001347,36000300000357,3000061001463,3000061000000,36,1.5036365,3000061001348,-1,3000061001346,3000061001347,3000061001468,3406,321.11102,300.19705,323.1766,15599,53.388214,13.016955,21.318237,54734,5,1,2,-45.338135,286.67258,16.046068,191.21362,318.11716,1.270543,1.1252115,1.1233761,9364378,3,357,0.06398647,958
3000061001348,35000300000329,3000061001463,3000061000000,35,1.6302707,3000061001349,-1,3000061001347,3000061001348,3000061001469,3563,305.96347,290.12738,310.611,15599,53.41633,12.852554,21.326366,54734,5,1,2,-43.845524,269.8578,21.73736,195.3454,320.99255,1.7002815,1.2093117,1.3723778,9364378,3,329,0.06455252,384
3000061001349,34000300000307,3000061001463,3000061000000,34,1.766336,3000061001350,-1,3000061001348,3000061001349,3000061001470,3377,301.74625,288.8364,306.22165,15599,53.441517,12.69018,21.319391,54732,5,1,2,-43.921757,262.41574,21.59771,199.80962,325.14725,1.6365888,0.96604145,1.4501784,9364667,3,307,0.06010064,496
3000061001350,33000300000284,3000061001463,3000061000000,33,1.9126327,3000061001351,-1,3000061001349,3000061001350,3000061001471,3252,297.3569,287.3733,301.0577,15599,53.462498,12.540999,21.311441,54732,5,1,2,-42.455017,249.2515,23.199432,207.02846,332.145,1.6856512,0.9309407,1.2595624,9364639,3,284,0.05651766,454
3000061001351,32000300000206,3000061001448,3000061000000,32,2.0700274,3000061001352,3000061001449,3000061001350,3000061001351,3000061001472,3181,285.73804,276.44293,289.7831,15599,53.485893,12.410862,21.29002,54732,5,1,2,-37.15297,237.2306,23.215235,204.61748,328.2652,1.5909026,1.0476664,1.5440835,9364639,3,206,0.057084665,898
3000061001352,31000300000183,3000061001432,3000061000000,31,2.2394855,3000061001353,3000061001433,3000061001351,3000061001352,3000061001433,2980,259.14374,252.00029,265.34045,15599,53.498356,12.291585,21.274918,54732,5,1,2,-31.181707,229.56621,21.295816,199.39177,321.70932,1.5376211,0.9423219,1.6009706,9364639,3,183,0.054467913,701
3000061001353,30000300000186,3000061001425,3000061000000,30,2.422044,3000061001354,3000061001426,3000061001352,3000061001353,3000061001434,2502,222.99615,219.20926,229.70927,15599,53.529602,12.143172,21.285421,54732,5,1,2,-26.654354,225.07532,16.638756,209.17645,336.92136,0.99971235,1.0936589,1.662707,9365488,3,186,0.041355666,856
3000061001354,29000300000148,3000061001409,3000061000000,29,2.6188614,3000061001355,3000061001410,3000061001353,3000061001354,3000061001452,2274,197.0904,191.66824,202.68466,15599,53.53517,11.969511,21.29885,54732,5,1,2,-24.329294,222.84639,15.2229185,194.81604,315.85944,0.5561529,1.2188576,1.6892,9363759,3,148,0.04463148,212
3000061001355,28000300000104,3000061001409,3000061000000,28,2.8311827,3000061001356,-1,3000061001354,3000061001355,3000061001453,2003,149.41,145.79524,155.95099,15599,53.541546,11.794652,21.328527,54732,5,1,2,-14.331845,208.99496,20.658257,179.3499,290.99005,1.0317264,1.0747576,1.9345952,9365468,3,104,0.044820294,856
3000061001356,27000300000089,3000061001402,3000061000000,27,3.060419,3000061001357,3000061001403,3000061001355,3000061001356,3000061001454,1771,126.6026,124.192764,130.21736,15588,53.54323,11.699014,21.313046,54622,5,1,2,-11.826038,201.92987,30.367178,184.23398,311.1297,1.5698293,0.95145124,1.6119235,9365514,3,89,0.034117967,642
3000061001357,26000300000084,3000061001399,3000061000000,26,3.3080978,3000061001358,3000061001400,3000061001356,3000061001357,3000061001455,1509,108.44275,107.151764,111.28291,15588,53.54182,11.543709,21.33762,54622,5,1,2,-14.640348,187.85031,12.856,178.99747,296.9097,0.33628526,1.580936,1.7579569,9363779,3,84,0.03216454,483
3000061001358,25000300000060,3000061001382,3000061000000,25,3.575905,3000061001359,3000061001383,3000061001357,3000061001358,3000061001384,1032,65.323845,64.204994,68.85254,15588,53.514133,11.38847,21.394693,54622,5,1,2,3.380087,194.25972,2.1588876,152.36661,256.56882,0.9689721,0.7326917,0.8589485,9364661,3,60,0.032214973,90
3000061001359,24000300000051,3000061001382,3000061000000,24,3.8656828,3000061001360,-1,3000061001358,3000061001359,3000061001385,935,54.651703,53.791046,58.52466,15588,53.499786,11.266882,21.405203,54622,5,1,2,8.909347,185.57707,-2.4638007,148.60548,265.59827,1.0765547,0.65346897,0.66205907,9363818,3,51,0.031081377,541
3000061001360,23000300000025,3000061001382,3000061000000,23,4.1794686,3000061001361,-1,3000061001359,3000061001360,3000061001386,811,53.360718,53.188583,55.168095,15588,53.497658,11.189852,21.41546,54622,5,1,2,11.801676,175.11882,-14.669162,142.84586,247.23282,0.79068404,0.4025228,0.5100776,9365496,3,25,0.025746033,524
3000061001361,22000300000038,3000061001382,3000061000000,22,4.5195556,3000061001362,-1,3000061001360,3000061001361,-1,727,50.34842,49.91809,53.360718,15588,53.478905,11.093546,21.42833,54622,5,1,2,19.710144,153.73447,-28.144226,151.9372,248.87122,0.61991054,0.34926757,0.4572331,9365496,3,38,0.022691632,641
3000061001362,21000300000021,3000061001382,3000061000000,21,4.888449,3000061001363,-1,3000061001361,3000061001362,-1,667,50.09022,50.004154,52.67219,15588,53.49488,11.014548,21.40938,54622,5,1,2,9.257877,154.45763,-21.14677,157.84386,256.39163,0.3572286,0.32739684,0.29877418,9365467,3,21,0.019788967,358
3000061001363,20000300000019,3000061001382,3000061000000,20,5.2888336,3000061001364,-1,3000061001362,3000061001363,-1,627,51.8976,51.725468,54.307438,15588,53.504063,10.937193,21.391014,54622,5,1,2,-3.5504918,144.68105,-5.735509,157.6211,263.12866,0.1800703,0.13766378,0.11365307,9365508,3,19,0.01831216,64
3000061001364,19000300000014,3000061001382,3000061000000,19,5.7238646,3000061001365,-1,3000061001363,3000061001364,-1,590,47.422184,47.33612,48.971367,15588,53.51018,10.876498,21.380243,54622,5,1,2,-6.061805,127.232475,-4.762401,175.92557,275.98932,0.26982892,0.04456057,0.09765613,9365535,3,14,0.014621425,230
3000061001365,18000300000005,3000061001373,3000061000000,18,6.1968336,3000061001366,3000061001374,3000061001364,3000061001365,3000061001374,503,40.278732,40.278732,41.74185,15588,53.498356,10.767456,21.41983,54622,5,1,2,7.472531,131.29773,-24.638336,151.81934,237.69139,0.09818604,0.23076056,0.046424426,9363774,3,5,0.017822977,331
3000061001366,17000300000003,3000061001373,3000061000000,17,6.7115865,3000061001367,-1,3000061001365,3000061001366,3000061001375,361,26.508226,26.508226,27.62708,15588,53.483746,10.69002,21.416565,54620,5,1,2,20.001383,109.31443,-43.609074,144.86974,230.90247,-0.112184145,0.004077815,-0.027089931,9365508,3,3,0.0135021545,887
3000061001367,16000300000008,3000061001373,3000061000000,16,7.272188,3000061001368,-1,3000061001366,3000061001367,-1,238,20.913958,20.913958,21.86068,15588,53.487804,10.628109,21.463428,54620,5,1,2,13.690693,94.49222,-34.17914,144.47359,232.36214,-0.10590891,0.08518784,-0.05720485,9363755,3,8,0.008790644,524
3000061001368,15000300000001,3000061001373,3000061000000,15,7.8832035,3000061001369,-1,3000061001367,3000061001368,-1,237,16.438543,16.438543,17.12707,15591,53.4869,10.562969,21.486738,54648,5,1,2,16.883247,117.14618,-28.444176,132.22752,213.55399,-0.31592047,0.3832113,0.08146688,9365510,3,1,0.009944938,788
3000061001369,14000300000003,3000061001373,3000061000000,14,8.549912,3000061001370,-1,3000061001368,3000061001369,-1,154,9.639355,9.553289,10.327881,15588,53.494663,10.526657,21.434195,54620,5,1,2,8.624015,103.17841,-21.990011,115.164024,186.43271,-0.15749596,0.4003415,0.08189091,9365510,3,3,0.009009482,949
3000061001370,13000300000002,3000061001373,3000061000000,13,9.277915,3000061001371,-1,3000061001369,3000061001370,-1,116,6.7131224,6.7131224,6.7131224,15588,53.534584,10.506226,21.426943,54620,5,1,2,15.640153,88.46829,-14.87097,108.9578,172.50192,-0.3203072,0.45761588,0.08408255,9365499,3,2,0.0077836434,532
3000061001371,12000300000007,3000061001372,3000061000000,12,10.073462,3000061001372,3000061001373,3000061001370,3000061001371,-1,42,3.7868896,3.7868896,3.7868896,15588,53.5444,10.527467,21.470745,54620,5,1,2,-74.01954,29.06816,-53.225,89.262825,140.2573,-6.8150077E-4,0.07097086,0.038400795,9363749,3,7,0.0046551265,127
3000061001372,11000300000003,3000061001372,3000061000000,11,10.943864,-1,-1,3000061001371,3000061001372,-1,40,1.8073791,1.8073791,1.8073791,15588,53.53326,10.486804,21.477274,54620,5,1,2,-38.6649,37.81407,-34.17071,79.4234,139.92282,8.464412E-4,0.14379796,0.010017964,9365497,3,3,0.005044368,962
3000061001373,12000300000026,3000061001373,3000061000000,12,10.073462,-1,-1,3000061001370,3000061001373,-1,29,1.8934448,1.8934448,1.8934448,15591,53.35867,10.339317,21.516314,54648,5,1,2,87.88954,134.83592,23.913988,68.32614,115.25655,-0.040969253,0.015096409,-0.076809675,9364920,3,26,0.004511429,395
3000061001374,18000300000006,3000061001382,3000061000000,18,6.1968336,3000061001375,-1,3000061001364,3000061001365,-1,41,0.0,0.0,0.0,15588,53.506584,10.843321,21.350838,54622,5,1,2,-75.37334,54.020878,223.76204,94.10084,147.0185,-0.0061485562,-0.013644452,-0.0030890873,9364648,3,6,0.0042390134,97
3000061001375,17000300000004,3000061001382,3000061000000,17,6.7115865,3000061001376,-1,3000061001374,3000061001366,-1,75,0.0,0.0,0.0,15588,53.564377,10.800094,21.231546,54622,5,1,2,-104.53465,115.983406,130.13737,93.526924,156.27689,-0.0442058,-0.115252376,-0.040184196,9364636,3,4,0.006108138,846
3000061001376,16000300000041,3000061001382,3000061000000,16,7.272188,3000061001377,-1,3000061001375,3000061001376,-1,92,8.864764,8.864764,9.209027,15588,53.625553,10.752972,21.190252,54622,6,1,2,-95.5773,136.16592,87.41637,89.671265,157.83269,-0.105521865,-0.0347342,-0.029899567,9364636,3,41,0.0077207545,716
3000061001377,15000300000018,3000061001382,3000061000000,15,7.8832035,3000061001378,-1,3000061001376,3000061001377,-1,96,6.4549255,6.4549255,7.659845,15588,53.671165,10.699945,21.149073,54620,6,1,2,-91.79686,133.5831,70.622955,90.591324,157.04019,-0.013016725,-0.058425143,-0.056560997,9364636,3,18,0.007487963,891
3000061001378,14000300000007,3000061001382,3000061000000,14,8.549912,3000061001379,-1,3000061001377,3000061001378,-1,93,5.680334,5.680334,6.196728,15588,53.717606,10.624879,21.094822,54621,6,1,2,-82.09477,150.48016,49.424267,89.097404,149.79378,0.044923995,-0.07937243,-0.005209243,9364653,3,7,0.008364945,120
3000061001379,13000300000003,3000061001382,3000061000000,13,9.277915,3000061001380,-1,3000061001378,3000061001379,-1,101,4.905743,4.905743,5.1639404,15588,53.73584,10.55379,21.073877,54621,6,1,2,-70.79113,118.67775,42.77931,94.795906,158.73285,0.05302004,-0.13187201,-0.044014163,9363780,3,3,0.008157855,883
3000061001380,12000300000005,3000061001382,3000061000000,12,10.073462,3000061001381,-1,3000061001379,3000061001380,-1,54,3.098364,3.098364,3.3565612,15588,53.742058,10.488681,21.072823,54621,6,1,2,-59.664665,118.87884,51.809715,86.625275,141.03871,-0.15239361,-0.09517609,-0.11101883,9364653,3,5,0.0053313025,664
3000061001381,11000300000002,3000061001382,3000061000000,11,10.943864,3000061001382,-1,3000061001380,3000061001381,-1,42,1.4631164,1.4631164,1.7213135,15588,53.780434,10.468722,21.072859,54621,6,1,2,-59.156628,129.048,48.091347,70.80806,116.481255,-0.10000236,-0.074499086,-0.050748214,9364640,3,2,0.0064057973,824
3000061001382,10000300000002,3000061001382,3000061000000,10,11.896569,-1,-1,3000061001381,3000061001382,-1,31,1.2049193,1.2049193,1.2049193,15588,53.81329,10.40937,21.026434,54621,6,1,2,-66.85524,110.7202,41.81135,66.248436,107.05992,-0.027365612,-0.10409019,-0.04451386,9364646,3,2,0.0053828387,52
3000061001383,25000300003477,3000061001383,3000061000000,25,3.575905,-1,3000061001384,3000061001357,3000061001383,-1,21,1.7213135,1.7213135,1.7213135,15591,53.398945,11.25981,21.662271,54650,5,1,2,75.75257,315.56586,-146.74197,40.391907,68.22142,-0.008063894,0.18652876,-0.14965938,9364939,3,3477,0.009231863,530
3000061001384,25000300000061,3000061001399,3000061000000,25,3.575905,3000061001385,-1,3000061001357,3000061001358,3000061001405,129,0.0,0.0,0.0,15588,53.563904,11.568948,21.199469,54622,5,1,2,-44.32298,68.62337,141.43573,111.04756,177.83925,0.009418825,0.2343794,0.13651186,9396617,3,61,0.008247575,538
3000061001385,24000300000052,3000061001399,3000061000000,24,3.8656828,3000061001386,-1,3000061001384,3000061001359,3000061001409,170,0.0,0.0,0.0,15588,53.591198,11.542885,21.13046,54622,6,1,2,-43.902355,111.46756,116.03961,102.021576,167.39131,0.010335943,0.1726082,0.14745733,9364090,3,52,0.012223529,202
3000061001386,23000300000026,3000061001399,3000061000000,23,4.1794686,3000061001387,-1,3000061001385,3000061001360,-1,230,0.0,0.0,0.0,15588,53.631207,11.468376,21.0765,54622,6,1,2,-50.014877,122.59363,105.672905,100.364815,170.12729,-0.03229689,0.16180101,0.08371306,9363491,3,26,0.01608071,993
3000061001387,22000300000127,3000061001399,3000061000000,22,4.5195556,3000061001388,-1,3000061001386,3000061001387,-1,338,24.700848,24.614782,26.163963,15588,53.65549,11.385474,21.00165,54622,6,1,2,-66.503,120.847115,103.433655,115.49686,182.19919,-0.28604606,0.3313844,0.053402755,9364038,3,127,0.019979993,457
3000061001388,21000300000083,3000061001399,3000061000000,21,4.888449,3000061001389,-1,3000061001387,3000061001388,-1,333,30.897575,30.553314,32.61889,15588,53.70257,11.339544,20.92202,54622,6,1,2,-83.06478,145.12726,102.83941,123.61112,195.011,-0.09947163,0.3258059,0.15907207,9364078,3,83,0.01716648,529
3000061001389,20000300000069,3000061001399,3000061000000,20,5.2888336,3000061001390,-1,3000061001388,3000061001389,-1,286,26.85249,26.422161,28.22954,15588,53.72558,11.258183,20.868404,54623,6,1,2,-70.07842,153.51292,100.298134,127.7742,199.42862,-0.052130364,0.21188483,0.07419572,9396617,3,69,0.0148686,458
3000061001390,19000300000068,3000061001399,3000061000000,19,5.7238646,3000061001391,-1,3000061001389,3000061001390,-1,247,18.848381,18.762316,19.795105,15588,53.77728,11.178561,20.831944,54623,6,1,2,-77.57091,139.29605,94.77878,125.95828,195.34306,-0.19551782,0.22616427,-0.060728107,9396617,3,68,0.012599733,350
3000061001391,18000300000046,3000061001399,3000061000000,18,6.1968336,3000061001392,-1,3000061001390,3000061001391,-1,200,14.11477,13.856573,14.889361,15588,53.814724,11.099219,20.793861,54623,6,1,2,-78.59445,137.56319,89.53165,108.75575,177.26991,-0.241807,0.3614202,-0.108810574,9364075,3,46,0.013367039,950
3000061001392,17000300000053,3000061001398,3000061000000,17,6.7115865,3000061001393,3000061001399,3000061001391,3000061001392,-1,135,9.122961,9.122961,9.983618,15588,53.829426,11.023993,20.750353,54623,6,1,2,-58.260063,151.79579,100.373085,95.47276,160.61797,0.005481595,0.013822343,0.04841167,9364057,3,53,0.010850827,725
3000061001393,16000300000046,3000061001398,3000061000000,16,7.272188,3000061001394,-1,3000061001392,3000061001393,-1,95,6.6270566,6.4549255,7.4016476,15588,53.857895,10.932658,20.696777,54623,6,1,2,-65.027435,147.96603,105.16054,90.48758,149.34875,-0.10926635,0.052199982,-0.02807616,9364029,3,46,0.0089791445,402
3000061001394,15000300000049,3000061001398,3000061000000,15,7.8832035,3000061001395,-1,3000061001393,3000061001394,-1,68,4.905743,4.905743,4.991809,15588,53.895187,10.860768,20.640583,54623,6,1,2,-59.37429,133.01537,102.78781,84.097404,139.34819,-0.12585984,0.06468739,0.017926645,9364057,3,49,0.007686552,225
3000061001395,14000300000015,3000061001398,3000061000000,14,8.549912,3000061001396,-1,3000061001394,3000061001395,-1,80,4.217218,4.217218,4.3032837,15588,53.904617,10.810486,20.603598,54623,6,1,2,-44.791187,130.84723,81.993256,88.75825,150.68633,0.09288908,-0.12291743,0.03408116,9364043,3,15,0.007323139,227
3000061001396,13000300000025,3000061001398,3000061000000,13,9.277915,3000061001397,-1,3000061001395,3000061001396,-1,47,3.9590209,3.9590209,4.131152,15588,53.943565,10.749094,20.546162,54623,6,1,2,-47.929066,113.90991,84.517166,82.42376,138.85762,-0.023182211,-0.07868225,5.545831E-4,9364029,3,25,0.004953038,303
3000061001397,12000300000013,3000061001398,3000061000000,12,10.073462,3000061001398,-1,3000061001396,3000061001397,-1,38,3.2704954,3.2704954,3.3565612,15588,53.96224,10.704337,20.512566,54621,6,1,2,-53.679054,143.46835,75.572754,87.616425,146.9132,-0.025775647,0.0020541768,0.018323017,9364030,3,13,0.0040020295,140
3000061001398,11000300000005,3000061001398,3000061000000,11,10.943864,-1,-1,3000061001397,3000061001398,-1,33,2.065576,2.065576,2.2377074,15588,53.97675,10.624309,20.47825,54617,6,1,2,-60.34215,131.04227,76.57808,88.511406,141.34235,-0.016836943,-0.030564759,-0.009557279,9364029,3,5,0.0031737457,574
3000061001399,17000300000583,3000061001399,3000061000000,17,6.7115865,-1,-1,3000061001391,3000061001399,-1,25,0.60245967,0.60245967,0.60245967,15588,53.95083,11.119461,20.756445,54623,6,1,2,-211.45482,97.44449,4.6780696,47.574898,70.006355,0.0091069415,-0.09639172,-0.14492136,9396881,3,583,0.009818345,712
3000061001400,26000300000587,3000061001402,3000061000000,26,3.3080978,3000061001401,-1,3000061001356,3000061001413,-1,58,0.0,0.0,0.0,15599,53.67764,12.118439,20.850233,54732,6,1,2,36.983803,250.20166,273.01947,65.015686,80.48936,-0.18511637,-0.08454776,-0.29759094,9377990,3,587,0.017848883,638
3000061001401,25000300000601,3000061001402,3000061000000,25,3.575905,3000061001402,-1,3000061001400,3000061001414,-1,22,0.0,0.0,0.0,15599,53.58186,11.896985,20.69396,54732,6,1,2,89.11438,383.98203,261.01117,43.928413,73.643974,0.10860086,-0.0966227,-0.023666963,9378067,3,601,0.008495887,810
3000061001402,24000300002430,3000061001402,3000061000000,24,3.8656828,-1,-1,3000061001401,3000061001402,-1,28,1.4631164,1.4631164,1.549182,15588,53.562763,11.707678,20.589214,54622,5,1,2,50.396393,372.7495,228.4342,46.916225,67.69653,0.107566826,-0.18568373,0.054545164,9378038,3,2430,0.01574311,426
3000061001403,27000300000092,3000061001409,3000061000000,27,3.060419,3000061001404,-1,3000061001355,3000061001356,-1,27,0.0,0.0,0.0,15599,53.408955,11.866467,21.020094,54732,5,1,2,-36.60724,17.733906,172.58151,53.226135,81.04843,0.059477646,-0.054102026,-0.03423465,9396600,3,92,0.010598033,715
3000061001404,26000300000086,3000061001409,3000061000000,26,3.3080978,3000061001405,-1,3000061001403,3000061001357,-1,34,0.0,0.0,0.0,15599,53.434357,11.7959,20.953703,54732,5,1,2,-133.21252,28.91977,66.82722,58.23663,79.62135,0.10031579,-0.13942245,-0.25196835,9397174,3,86,0.01446975,732
3000061001405,25000300000062,3000061001409,3000061000000,25,3.575905,3000061001406,-1,3000061001404,3000061001358,-1,47,0.0,0.0,0.0,15599,53.550865,11.882839,20.894304,54732,5,1,2,-214.69925,47.70069,18.937325,54.82118,72.60252,0.26113704,-0.103715345,-0.13769655,9397201,3,62,0.018784283,607
3000061001406,24000300003372,3000061001408,3000061000000,24,3.8656828,3000061001407,3000061001409,3000061001405,3000061001406,-1,25,2.1516418,2.1516418,2.1516418,15599,53.648582,11.838268,20.84691,54732,6,1,2,-228.88684,79.546265,57.328552,46.756798,80.9498,-0.08560944,0.10096547,0.12148066,9397200,3,3372,0.007848207,746
3000061001407,23000300002973,3000061001408,3000061000000,23,4.1794686,3000061001408,-1,3000061001406,3000061001407,-1,21,0.9467224,0.9467224,0.9467224,15599,53.795696,11.817773,20.815992,54733,6,1,2,-261.8537,119.54018,54.36826,37.237778,66.80336,-0.07243016,0.07606285,0.12621109,9397204,3,2973,0.011503778,738
3000061001408,22000300001581,3000061001408,3000061000000,22,4.5195556,-1,-1,3000061001407,3000061001408,-1,23,0.0,0.0,0.0,15599,53.922104,11.756031,20.805752,54733,6,1,2,-270.722,149.15276,56.667465,31.381735,60.07528,-0.06937882,0.08032584,0.013105183,9397177,3,1581,0.016347028,547
3000061001409,24000300000053,3000061001409,3000061000000,24,3.8656828,-1,-1,3000061001405,3000061001359,-1,21,0.0,0.0,0.0,15599,53.653275,11.723668,20.937529,54732,6,1,2,-265.19855,68.914116,-51.058445,41.930683,66.276726,0.06776666,-0.014362855,0.0042998516,9396852,3,53,0.013347254,544
3000061001410,29000300000150,3000061001425,3000061000000,29,2.6188614,3000061001411,-1,3000061001353,3000061001354,3000061001431,34,0.0,0.0,0.0,15599,53.56929,12.190605,21.212894,54732,5,1,2,-64.014946,-37.877174,283.7925,54.374508,96.01597,0.03227696,-0.11652431,-0.099722885,9382665,3,150,0.009470843,383
3000061001411,28000300000106,3000061001425,3000061000000,28,2.8311827,3000061001412,-1,3000061001410,3000061001355,3000061001432,33,0.0,0.0,0.0,15599,53.586338,12.156431,21.049091,54732,6,1,2,-32.800068,95.91441,263.3726,52.987194,91.596375,0.10688034,-0.07344303,-0.046885557,9377834,3,106,0.009480137,625
3000061001412,27000300000091,3000061001425,3000061000000,27,3.060419,3000061001413,-1,3000061001411,3000061001356,3000061001403,49,0.0,0.0,0.0,15599,53.605896,12.0911,20.934784,54732,6,1,2,-27.461916,146.99377,211.77536,64.78021,101.712296,0.15416542,-0.086597525,-0.10197612,9377834,3,91,0.009501956,752
3000061001413,26000300000588,3000061001425,3000061000000,26,3.3080978,3000061001414,-1,3000061001412,3000061001413,3000061001400,39,8.778699,8.692633,10.069683,15599,53.604763,12.014859,20.818693,54732,6,1,2,-58.27856,144.31477,157.4183,53.364906,96.141815,0.1112841,-0.06865443,-0.089090444,9377834,3,588,0.010047618,151
3000061001414,25000300000600,3000061001425,3000061000000,25,3.575905,3000061001415,-1,3000061001413,3000061001414,3000061001401,104,10.93034,10.672143,11.790997,15599,53.649635,11.939909,20.729763,54732,6,1,2,-58.83479,142.95285,175.00327,67.27414,101.01223,0.037217658,-0.47136113,0.174778,9396626,3,600,0.021410631,326
3000061001415,24000300000770,3000061001425,3000061000000,24,3.8656828,3000061001416,-1,3000061001414,3000061001415,-1,91,7.831976,7.7459106,8.692633,15599,53.71008,11.865667,20.640732,54732,6,1,2,-67.851364,160.31517,170.84361,71.01681,108.257774,0.05791731,-0.49842077,0.40016854,9364062,3,770,0.015261418,406
3000061001416,23000300000545,3000061001425,3000061000000,23,4.1794686,3000061001417,-1,3000061001415,3000061001416,-1,94,5.3360715,5.3360715,5.4221373,15599,53.774006,11.7906065,20.547016,54733,6,1,2,-88.64081,161.94809,153.63666,69.41491,107.647964,0.083268866,-0.46409315,0.06832035,9364062,3,545,0.01655564,880
3000061001417,22000300000583,3000061001425,3000061000000,22,4.5195556,3000061001418,-1,3000061001416,3000061001417,-1,66,4.8196774,4.8196774,5.3360715,15588,53.829285,11.707628,20.484138,54619,6,1,2,-104.98398,149.35603,131.88773,65.68792,115.65976,0.18999764,-0.30058238,0.09772228,9364062,3,583,0.009945004,360
3000061001418,21000300000967,3000061001424,3000061000000,21,4.888449,3000061001419,3000061001425,3000061001417,3000061001418,-1,47,4.217218,4.217218,4.3893495,15588,53.877914,11.614523,20.425276,54619,6,1,2,-108.068726,166.47739,133.00308,60.11341,100.16744,0.040421378,-0.064171314,-0.137831,9396626,3,967,0.01166775,455
3000061001419,20000300000701,3000061001424,3000061000000,20,5.2888336,3000061001420,-1,3000061001418,3000061001419,-1,46,2.7541015,2.7541015,2.7541015,15588,53.928574,11.55157,20.355993,54619,6,1,2,-108.43671,163.10664,117.15058,51.233513,87.13851,0.115797326,-0.15080263,-0.065783285,9377827,3,701,0.014062481,736
3000061001420,19000300000526,3000061001424,3000061000000,19,5.7238646,3000061001421,-1,3000061001419,3000061001420,-1,46,1.3770508,1.2909851,1.7213135,15588,53.98899,11.460651,20.334356,54619,6,1,2,-93.07953,158.57082,112.00562,52.673897,90.31647,0.0180291,-0.08344884,-0.025208801,9377827,3,526,0.012797544,824
3000061001421,18000300000374,3000061001424,3000061000000,18,6.1968336,3000061001422,-1,3000061001420,3000061001421,-1,47,2.1516418,1.6352477,2.1516418,15588,54.05506,11.387238,20.223036,54619,6,1,2,-92.8381,165.012,108.84198,60.82511,98.2468,0.017539717,-0.06136326,0.025753895,9364062,3,374,0.011620021,986
3000061001422,17000300000269,3000061001424,3000061000000,17,6.7115865,3000061001423,-1,3000061001421,3000061001422,-1,52,1.8073791,1.8073791,1.8073791,15588,54.078175,11.308964,20.157806,54619,6,1,2,-99.38638,168.84525,98.04106,68.02947,96.79045,0.02263801,-0.115251705,-0.1457261,9382839,3,269,0.0123940585,114
3000061001423,16000300000298,3000061001424,3000061000000,16,7.272188,3000061001424,-1,3000061001422,3000061001423,-1,30,0.6885254,0.6885254,0.774591,15588,54.123524,11.195388,20.18502,54619,6,1,2,-97.395,138.17326,80.37001,63.555973,93.94054,-0.18488559,0.14700733,-0.05157253,9363993,3,298,0.008162906,321
3000061001424,15000300000389,3000061001424,3000061000000,15,7.8832035,-1,-1,3000061001423,3000061001424,-1,22,0.6885254,0.6885254,0.86065674,15588,54.135803,11.104365,20.170088,54619,6,1,2,-86.59596,116.01168,70.26318,63.211227,78.695114,-0.2664662,0.16233607,-0.061265003,9377835,3,389,0.007812515,267
3000061001425,21000300002337,3000061001425,3000061000000,21,4.888449,-1,-1,3000061001417,3000061001425,-1,22,1.2049193,1.2049193,1.2909851,15588,53.620987,11.52678,20.308247,54618,6,1,2,79.90605,175.06638,130.74095,47.91968,76.48952,0.09930497,-0.031099442,-0.116115116,9363474,3,2337,0.007649611,154
3000061001426,30000300004610,3000061001429,3000061000000,30,2.422044,3000061001427,3000061001430,3000061001352,3000061001426,-1,29,2.3237731,2.3237731,2.4959044,15599,52.995712,12.115271,21.067194,54732,5,1,2,261.2,148.99185,75.04631,36.36874,71.29512,-0.023871018,-0.015256876,0.019380013,9363050,3,4610,0.012818582,130
3000061001427,29000300004748,3000061001429,3000061000000,29,2.6188614,3000061001428,-1,3000061001426,3000061001427,-1,27,2.3237731,2.2377074,2.4098387,15599,52.861588,12.056324,21.027065,54732,5,1,2,218.52249,139.76154,60.688366,44.25555,76.82801,-0.01094615,0.03782825,0.03192191,9363289,3,4748,0.010254991,21
3000061001428,28000300004506,3000061001429,3000061000000,28,2.8311827,3000061001429,-1,3000061001427,3000061001428,-1,27,1.8934448,1.8934448,1.8934448,15599,52.75844,11.976167,21.015785,54732,5,1,2,182.82468,123.262634,48.79845,40.3319,73.15528,0.0077832397,-0.059209574,-0.024630902,9363066,3,4506,0.011920844,969
3000061001429,27000300004579,3000061001429,3000061000000,27,3.060419,-1,-1,3000061001428,3000061001429,-1,25,1.7213135,0.9467224,1.8073791,15596,52.63345,11.919568,20.968313,54725,5,1,2,162.81786,116.545265,45.22242,35.811844,66.785126,-0.015062467,-0.04763574,-0.06688211,9363037,3,4579,0.01452135,131
3000061001430,30000300002713,3000061001432,3000061000000,30,2.422044,3000061001431,-1,3000061001352,3000061001430,-1,26,1.7213135,1.7213135,1.8073791,15599,53.78,12.518716,21.36417,54733,6,1,2,-69.453735,44.704704,171.39879,33.159325,65.65454,0.19787587,-0.04100082,0.068680726,9377934,3,2713,0.01284044,46
3000061001431,29000300000151,3000061001432,3000061000000,29,2.6188614,3000061001432,-1,3000061001430,3000061001354,-1,25,0.0,0.0,0.0,15599,53.79758,12.474,21.241646,54733,6,1,2,-15.456346,102.215034,205.53693,32.717396,64.10629,0.14553548,0.057383694,0.039450753,9377937,3,151,0.012650018,736
3000061001432,28000300000107,3000061001432,3000061000000,28,2.8311827,-1,-1,3000061001431,3000061001355,-1,20,0.0,0.0,0.0,15599,53.80612,12.386834,21.131844,54733,6,1,2,60.42489,164.32343,223.7314,40.410637,75.64926,0.027019035,-0.074843585,-0.08435762,9378035,3,107,0.008289795,430
3000061001433,31000300000184,3000061001448,3000061000000,31,2.2394855,3000061001434,-1,3000061001351,3000061001352,3000061001450,35,0.0,0.0,0.0,15599,53.487503,12.531757,21.146208,54732,5,1,2,-67.01516,-28.966238,270.27014,56.086143,100.93595,0.040239315,0.05142336,-0.031466223,9382844,3,184,0.0071372255,271
3000061001434,30000300000187,3000061001448,3000061000000,30,2.422044,3000061001435,-1,3000061001433,3000061001353,3000061001474,51,0.0,0.0,0.0,15599,53.517593,12.516066,20.993387,54732,5,1,2,-96.67359,52.87587,221.41673,54.75867,92.29707,0.037882894,-0.103907414,-0.041154683,9382891,3,187,0.013205692,632
3000061001435,29000300001509,3000061001448,3000061000000,29,2.6188614,3000061001436,-1,3000061001434,3000061001435,-1,69,5.4221373,4.905743,5.508203,15599,53.587135,12.473385,20.87624,54732,6,1,2,-102.22814,87.76187,199.85043,47.38682,88.34082,0.12582016,-0.015384279,-0.1141397,9382844,3,1509,0.01730312,257
3000061001436,28000300000905,3000061001448,3000061000000,28,2.8311827,3000061001437,-1,3000061001435,3000061001436,-1,95,4.5614805,4.5614805,4.905743,15599,53.642105,12.405488,20.790579,54732,6,1,2,-93.62218,109.6697,186.98492,51.73154,91.03941,-0.035748452,-0.31708512,-0.3086244,9382891,3,905,0.02696228,485
3000061001437,27000300001258,3000061001448,3000061000000,27,3.060419,3000061001438,-1,3000061001436,3000061001437,-1,59,8.004107,8.004107,9.036896,15599,53.70462,12.336232,20.647877,54732,6,1,2,-91.96555,119.55897,183.6433,53.03251,91.957184,-0.049167663,-0.046021823,-0.11130185,9382844,3,1258,0.013534625,933
3000061001438,26000300001261,3000061001448,3000061000000,26,3.3080978,3000061001439,-1,3000061001437,3000061001438,-1,61,4.733612,4.6475463,4.8196774,15599,53.76538,12.259396,20.576117,54733,6,1,2,-92.62821,141.39099,153.25815,59.82776,105.834625,-0.13152522,-0.17433098,-0.17713921,9377821,3,1261,0.01130299,827
3000061001439,25000300001167,3000061001448,3000061000000,25,3.575905,3000061001440,-1,3000061001438,3000061001439,-1,55,4.733612,4.733612,5.0778747,15599,53.84491,12.195418,20.504005,54729,6,1,2,-78.32891,153.56024,147.26874,54.760506,96.63366,-0.1252073,-0.06307823,-0.046847757,9377781,3,1167,0.011653459,313
3000061001440,24000300001662,3000061001448,3000061000000,24,3.8656828,3000061001441,-1,3000061001439,3000061001440,-1,47,3.7008238,3.7008238,3.7008238,15599,53.884117,12.104352,20.419067,54729,6,1,2,-81.32252,154.94995,151.68764,55.50355,105.741066,-0.042228818,-0.007453671,-0.030486798,9377821,3,1662,0.008243417,386
3000061001441,23000300001142,3000061001448,3000061000000,23,4.1794686,3000061001442,-1,3000061001440,3000061001441,-1,46,4.6475463,4.6475463,4.733612,15599,53.906048,12.010819,20.305462,54729,6,1,2,-79.05911,169.32262,155.78098,55.404293,94.135025,-0.07119801,-0.018169822,-0.067119874,9382850,3,1142,0.010578813,970
3000061001442,22000300001201,3000061001448,3000061000000,22,4.5195556,3000061001443,-1,3000061001441,3000061001442,-1,40,3.3565612,3.2704954,3.5286925,15599,53.967476,11.92352,20.241531,54729,6,1,2,-88.060936,166.14252,143.24738,53.80481,102.92787,-0.09714471,0.019173121,0.01811048,9382887,3,1201,0.010222833,190
3000061001443,21000300001503,3000061001448,3000061000000,21,4.888449,3000061001444,-1,3000061001442,3000061001443,-1,35,2.4959044,2.4098387,2.840167,15599,53.976936,11.834259,20.154476,54729,6,1,2,-82.93944,175.24753,142.432,50.896084,94.23694,-0.08445862,0.036571566,0.022575514,9382844,3,1503,0.009644982,968
3000061001444,20000300001330,3000061001448,3000061000000,20,5.2888336,3000061001445,-1,3000061001443,3000061001444,-1,33,3.0122986,3.0122986,3.3565612,15599,54.038357,11.7354965,20.10195,54729,6,1,2,-78.58935,176.79724,139.36671,57.26475,98.9249,-0.05171112,0.024837045,0.016793242,9377829,3,1330,0.0064299502,245
3000061001445,19000300000721,3000061001448,3000061000000,19,5.7238646,3000061001446,-1,3000061001444,3000061001445,-1,44,2.9262328,2.9262328,3.18443,15588,54.077305,11.657057,20.021027,54619,6,1,2,-81.44166,189.02106,149.42584,64.222145,108.102036,-0.03427412,0.026621548,0.008869614,9377829,3,721,0.0072850077,678
3000061001446,18000300000552,3000061001448,3000061000000,18,6.1968336,3000061001447,-1,3000061001445,3000061001446,-1,39,2.9262328,2.840167,2.9262328,15588,54.146614,11.55665,19.937508,54619,6,1,2,-84.77106,189.71771,147.05853,58.4976,99.812706,0.041463446,-0.053835865,-0.022008356,9377822,3,552,0.0081691705,782
3000061001447,17000300000325,3000061001448,3000061000000,17,6.7115865,3000061001448,-1,3000061001446,3000061001447,-1,39,1.3770508,1.2049193,1.9795104,15588,54.18598,11.467527,19.851614,54619,6,1,2,-80.36432,184.88922,138.37929,59.476593,92.67131,-0.11170163,0.036809124,0.047165345,9377822,3,325,0.009055983,607
3000061001448,16000300000642,3000061001448,3000061000000,16,7.272188,-1,-1,3000061001447,3000061001448,-1,22,1.549182,1.549182,1.549182,15588,54.188328,11.349105,19.866552,54619,6,1,2,-89.7976,196.3571,121.35867,52.78343,90.94202,-0.084605664,-0.049385432,-0.04174644,9382880,3,642,0.006173926,927
3000061001449,32000300000208,3000061001463,3000061000000,32,2.0700274,3000061001450,-1,3000061001350,3000061001351,-1,20,0.0,0.0,0.0,15599,53.463844,12.211831,21.332632,54732,5,1,2,265.0225,366.47397,164.12453,49.26752,89.24921,-0.07414541,0.05478441,0.03233372,9395116,3,208,0.0053892974,135
3000061001450,31000300000185,3000061001463,3000061000000,31,2.2394855,3000061001451,-1,3000061001449,3000061001352,3000061001473,33,0.0,0.0,0.0,15599,53.326878,12.070953,21.238485,54732,5,1,2,144.39296,165.50502,174.38737,42.87857,86.92286,-0.064654216,-0.062124807,-0.084025115,9396824,3,185,0.009945208,625
3000061001451,30000300000189,3000061001463,3000061000000,30,2.422044,3000061001452,-1,3000061001450,3000061001353,-1,36,0.0,0.0,0.0,15599,53.292637,11.996134,21.147076,54732,5,1,2,-1.7193308,20.012001,127.54219,57.837017,100.40998,-0.10064546,-0.06262062,-0.021369936,9396823,3,189,0.008259092,418
3000061001452,29000300000149,3000061001463,3000061000000,29,2.6188614,3000061001453,-1,3000061001451,3000061001354,3000061001410,40,0.0,0.0,0.0,15599,53.341755,12.048482,21.10072,54732,5,1,2,-190.79729,-56.205097,39.501717,53.803272,95.045685,-0.09729099,-0.07818691,-0.023142245,9395122,3,149,0.010482894,550
3000061001453,28000300000105,3000061001463,3000061000000,28,2.8311827,3000061001454,-1,3000061001452,3000061001355,3000061001411,41,0.0,0.0,0.0,15599,53.488396,12.065126,21.110321,54732,5,1,2,-348.9783,0.42070308,-64.88047,62.04251,106.41747,-0.06265021,-0.021199072,-0.08706085,9395225,3,105,0.0072925407,625
3000061001454,27000300000090,3000061001463,3000061000000,27,3.060419,3000061001455,-1,3000061001453,3000061001356,3000061001412,57,0.0,0.0,0.0,15599,53.6879,12.033464,21.158802,54732,6,1,2,-320.6547,50.281918,-101.29496,57.839146,98.66281,-0.12437045,-0.08359855,-0.137892,9396823,3,90,0.011174075,200
3000061001455,26000300000085,3000061001463,3000061000000,26,3.3080978,3000061001456,-1,3000061001454,3000061001357,3000061001404,38,0.0,0.0,0.0,15599,53.877907,11.978867,21.214928,54733,6,1,2,-296.75656,86.2704,-87.80778,53.88219,97.160034,-0.0033567927,-0.0064053386,-0.12197726,9396823,3,85,0.008182706,798
3000061001456,25000300001504,3000061001463,3000061000000,25,3.575905,3000061001457,-1,3000061001455,3000061001456,-1,53,3.442627,3.3565612,3.8729553,15599,54.044582,11.924698,21.268976,54733,6,1,2,-259.15543,87.75061,-78.368904,51.574596,96.30576,0.1494058,-0.12097297,-0.10296136,9395116,3,1504,0.010775292,408
3000061001457,24000300002864,3000061001463,3000061000000,24,3.8656828,3000061001458,-1,3000061001456,3000061001457,-1,31,2.4098387,2.4098387,2.4098387,15599,54.182014,11.866357,21.322819,54733,6,1,2,-231.03879,106.47436,-66.000916,51.754158,93.764145,-0.053473536,-0.0777354,-0.006939586,9395116,3,2864,0.0073375716,705
3000061001458,23000300002167,3000061001463,3000061000000,23,4.1794686,3000061001459,-1,3000061001457,3000061001458,-1,37,2.3237731,2.3237731,2.4098387,15599,54.29493,11.792991,21.356121,54733,6,1,2,-210.68059,97.204926,-71.35448,51.122772,93.88772,-0.013255833,0.022686597,-0.0549418,9396823,3,2167,0.008893453,793
3000061001459,22000300001842,3000061001463,3000061000000,22,4.5195556,3000061001460,-1,3000061001458,3000061001459,-1,36,2.9262328,2.9262328,3.098364,15599,54.40516,11.74879,21.393925,54733,6,1,2,-181.92546,100.453186,-66.70799,58.055115,98.02509,-0.009943726,-0.024100007,-0.0010267902,9396825,3,1842,0.0077583943,426
3000061001460,21000300001757,3000061001463,3000061000000,21,4.888449,3000061001461,-1,3000061001459,3000061001460,-1,32,2.840167,2.840167,2.840167,15588,54.489864,11.710594,21.407671,54623,6,1,2,-162.22691,94.58542,-54.993675,58.40489,93.365685,0.0038586035,-0.010891813,0.03798961,9396823,3,1757,0.007914468,656
3000061001461,20000300001540,3000061001463,3000061000000,20,5.2888336,3000061001462,-1,3000061001460,3000061001461,-1,31,2.065576,2.065576,2.065576,15588,54.5883,11.671094,21.431507,54623,6,1,2,-145.83452,96.41829,-52.571312,54.82309,96.95196,0.06169939,-0.021409428,0.038419668,9395116,3,1540,0.0067059128,231
3000061001462,19000300001801,3000061001463,3000061000000,19,5.7238646,3000061001463,-1,3000061001461,3000061001462,-1,22,1.9795104,1.9795104,2.065576,15588,54.67207,11.629654,21.452564,54623,6,1,2,-136.56044,84.13959,-33.42218,59.229607,98.99257,-0.060960878,-0.04466318,-0.013459511,9395049,3,1801,0.004532585,933
3000061001463,18000300001217,3000061001463,3000061000000,18,6.1968336,-1,-1,3000061001462,3000061001463,-1,25,1.6352477,1.6352477,1.6352477,15643,54.740105,11.592908,21.43901,55062,6,1,2,-131.71745,86.0168,-29.183891,53.81709,94.61375,-0.027813938,-0.054551993,-0.013546315,9395116,3,1217,0.005550939,6
3000061001464,40000300000469,3000061001486,3000061000000,40,1.0778745,3000061001465,-1,3000061001342,3000061001343,-1,23,0.0,0.0,0.0,15598,53.394215,13.772911,21.389704,54748,5,1,2,-239.1588,-84.207924,69.454994,43.193245,82.755135,0.08120949,-0.116041176,-0.026258208,9394842,3,469,0.0067282813,558
3000061001465,39000300000432,3000061001486,3000061000000,39,1.173417,3000061001466,-1,3000061001464,3000061001344,-1,32,0.0,0.0,0.0,15598,53.46548,13.776794,21.33535,54748,5,1,2,-67.86873,84.00376,133.8667,36.17834,79.48915,0.074320585,-0.08504027,0.027616745,9394842,3,432,0.011608753,790
3000061001466,38000300000377,3000061001486,3000061000000,38,1.2758462,3000061001467,-1,3000061001465,3000061001345,3000061002710,33,0.0,0.0,0.0,15598,53.48366,13.695432,21.258541,54748,5,1,2,-10.577983,189.0776,150.02667,50.001675,100.8591,0.062441804,-0.10651373,0.045562904,9365294,3,377,0.006614392,712
3000061001467,37000300000370,3000061001486,3000061000000,37,1.3857181,3000061001468,-1,3000061001466,3000061001346,3000061002711,36,0.0,0.0,0.0,15599,53.47839,13.575689,21.177746,54734,5,1,2,22.216516,271.31573,142.76381,42.732773,90.28722,-0.013319143,-0.15012835,0.0962029,9394831,3,370,0.009709486,163
3000061001468,36000300000358,3000061001486,3000061000000,36,1.5036365,3000061001469,-1,3000061001467,3000061001347,3000061002712,34,0.0,0.0,0.0,15599,53.453995,13.407045,21.097446,54734,5,1,2,44.47283,330.69354,128.28078,42.924522,85.70638,-0.017825052,-0.060120694,0.09518964,9395400,3,358,0.009401182,681
3000061001469,35000300000330,3000061001486,3000061000000,35,1.6302707,3000061001470,-1,3000061001468,3000061001348,-1,34,0.0,0.0,0.0,15599,53.42263,13.183166,21.03443,54734,5,1,2,48.646824,398.66855,95.08199,45.8465,91.38722,3.9741478E-4,-0.0071080728,0.13517545,9394846,3,330,0.008820271,708
3000061001470,34000300000308,3000061001486,3000061000000,34,1.766336,3000061001471,-1,3000061001469,3000061001349,-1,33,0.0,0.0,0.0,15599,53.40488,12.948858,20.999458,54734,5,1,2,39.032978,470.64655,28.03231,49.328953,97.48328,0.048825406,-0.11559076,0.0794896,9365290,3,308,0.007486249,242
3000061001471,33000300000285,3000061001486,3000061000000,33,1.9126327,3000061001472,-1,3000061001470,3000061001350,-1,34,0.0,0.0,0.0,15599,53.39583,12.669743,21.014305,54732,5,1,2,1.5400934,523.26794,-106.52957,44.24809,90.67488,0.04718767,-0.08175232,0.11447631,9365859,3,285,0.008103422,385
3000061001472,32000300000207,3000061001486,3000061000000,32,2.0700274,3000061001473,-1,3000061001471,3000061001351,3000061001449,27,0.0,0.0,0.0,15599,53.41494,12.358111,21.150936,54732,5,1,2,-74.65435,531.17505,-348.8608,56.198902,98.24182,-0.0013352261,-0.010148633,0.10216518,9394831,3,207,0.0060207173,325
3000061001473,31000300000186,3000061001486,3000061000000,31,2.2394855,3000061001474,-1,3000061001472,3000061001352,-1,23,0.0,0.0,0.0,15599,53.501705,12.124316,21.412115,54732,5,1,2,-219.78265,277.97125,-457.61133,52.358425,97.91261,0.006108935,-0.0457045,0.0463304,9394835,3,186,0.005240881,69
3000061001474,30000300000188,3000061001486,3000061000000,30,2.422044,3000061001475,-1,3000061001473,3000061001353,3000061001451,51,0.0,0.0,0.0,15592,53.63972,12.0117235,21.621626,54760,6,1,2,-221.37668,156.29373,-287.2648,49.69569,98.47734,0.03872432,0.044344503,0.08864616,9395401,3,188,0.01191547,147
3000061001475,29000300002284,3000061001486,3000061000000,29,2.6188614,3000061001476,-1,3000061001474,3000061001475,-1,63,5.4221373,5.4221373,5.508203,15592,53.74049,11.917761,21.76402,54761,6,1,2,-181.95903,131.60115,-215.4367,60.92796,110.29025,0.038562972,-0.015332258,0.099740244,9394869,3,2284,0.010463792,199
3000061001476,28000300002218,3000061001486,3000061000000,28,2.8311827,3000061001477,-1,3000061001475,3000061001476,-1,60,4.6475463,4.6475463,4.905743,15592,53.83867,11.829552,21.866175,54761,6,1,2,-153.74155,118.0968,-171.38576,56.493164,101.30824,0.037923366,7.0395163E-4,0.10340783,9394835,3,2218,0.011941961,683
3000061001477,27000300002237,3000061001486,3000061000000,27,3.060419,3000061001478,-1,3000061001476,3000061001477,-1,55,4.6475463,4.6475463,4.6475463,15592,53.91589,11.767589,21.976269,54761,6,1,2,-132.22696,112.75082,-155.41539,53.33235,95.385056,0.035867866,0.0068516205,0.08889016,9395400,3,2237,0.01193377,836
3000061001478,26000300002699,3000061001486,3000061000000,26,3.3080978,3000061001479,-1,3000061001477,3000061001478,-1,41,3.5286925,3.5286925,3.7868896,15591,53.987812,11.710046,22.045797,54651,6,1,2,-106.74273,108.12645,-134.49248,63.01145,116.646416,-0.02533245,-0.0641018,0.0033484194,9395400,3,2699,0.005883525,901
3000061001479,25000300002437,3000061001486,3000061000000,25,3.575905,3000061001480,-1,3000061001478,3000061001479,-1,43,3.5286925,3.5286925,3.5286925,15591,54.046757,11.646068,22.114244,54651,6,1,2,-98.54219,101.72701,-121.79606,50.590446,98.45113,0.008985115,-0.0857453,0.019719243,9395400,3,2437,0.009868645,730
3000061001480,24000300001982,3000061001486,3000061000000,24,3.8656828,3000061001481,-1,3000061001479,3000061001480,-1,48,2.9262328,2.9262328,3.0122986,15591,54.09794,11.594207,22.148209,54651,6,1,2,-95.34574,95.98367,-111.60438,51.018562,88.999916,-0.046108883,-0.16529617,0.020999094,9365859,3,1982,0.012963838,632
3000061001481,23000300002101,3000061001486,3000061000000,23,4.1794686,3000061001482,-1,3000061001480,3000061001481,-1,38,2.840167,2.840167,3.2704954,15591,54.12853,11.549446,22.256893,54651,6,1,2,-96.32145,88.74563,-104.76443,47.93397,84.8707,0.027035147,-0.12109961,0.051996768,9395399,3,2101,0.011558056,651
3000061001482,22000300001657,3000061001486,3000061000000,22,4.5195556,3000061001483,-1,3000061001481,3000061001482,-1,42,3.2704954,3.0122986,3.6147583,15591,54.188072,11.488704,22.299513,54651,6,1,2,-79.31821,88.2441,-90.35263,58.590904,101.2405,-0.026249472,-0.018814081,0.079840615,9394839,3,1657,0.008603329,882
3000061001483,21000300001407,3000061001486,3000061000000,21,4.888449,3000061001484,-1,3000061001482,3000061001483,-1,41,3.5286925,3.5286925,3.5286925,15591,54.236603,11.466658,22.31715,54651,6,1,2,-78.1919,88.58227,-81.64172,61.60649,102.275696,-0.033845067,-0.057335615,0.046324585,9394839,3,1407,0.008666772,681
3000061001484,20000300001132,3000061001486,3000061000000,20,5.2888336,3000061001485,-1,3000061001483,3000061001484,-1,41,3.5286925,3.442627,3.5286925,15591,54.277813,11.404535,22.365507,54651,6,1,2,-70.437614,83.63975,-76.61354,63.04796,110.779785,-0.04872351,-0.053908225,0.0181584,9395399,3,1132,0.0068631293,237
3000061001485,19000300001127,3000061001486,3000061000000,19,5.7238646,3000061001486,-1,3000061001484,3000061001485,-1,33,2.2377074,2.2377074,2.4098387,15591,54.29841,11.371906,22.434973,54651,6,1,2,-65.1488,81.02172,-73.22405,57.575954,102.56341,-0.025217308,-0.030903112,0.03147555,9394832,3,1127,0.006892606,368
3000061001486,18000300001359,3000061001486,3000061000000,18,6.1968336,-1,-1,3000061001485,3000061001486,-1,23,1.7213135,1.7213135,1.7213135,15591,54.346104,11.323097,22.497705,54655,6,1,2,-62.419064,71.740585,-76.983406,53.047333,95.93642,-0.01839524,-0.023936942,0.020444436,9394836,3,1359,0.0052405647,599
3000061001487,42000300002369,3000061001491,3000061000000,42,0.9054624,3000061001488,-1,3000061001340,3000061001487,-1,25,6.196728,2.065576,5.1639404,15598,53.329422,13.756705,21.469015,54748,5,1,2,-228.89352,393.63464,-300.3556,35.111507,75.689156,-0.027726758,-0.19824901,-0.0724651,9365870,3,2369,0.009073309,236
3000061001488,41000300003663,3000061001491,3000061000000,41,0.98870814,3000061001489,-1,3000061001487,3000061001488,-1,25,4.3032837,3.0122986,3.7008238,15592,53.435524,13.570035,21.620886,54762,5,1,2,-216.72134,298.67114,-259.82767,33.92858,68.68415,0.03733256,-0.1916505,-0.05657836,9365844,3,3663,0.012685858,188
3000061001489,40000300003387,3000061001491,3000061000000,40,1.0778745,3000061001490,-1,3000061001488,3000061001489,-1,29,2.9262328,1.8934448,2.840167,15592,53.543602,13.4356985,21.75064,54762,5,1,2,-196.67282,246.21165,-223.30118,32.18682,64.213974,-0.044891745,-0.26734462,0.0010293269,9365913,3,3387,0.015951462,543
3000061001490,39000300004752,3000061001491,3000061000000,39,1.173417,3000061001491,-1,3000061001489,3000061001490,-1,23,1.9795104,1.8073791,1.9795104,15592,53.661465,13.304441,21.863583,54762,6,1,2,-177.94711,217.93994,-188.89232,34.502903,74.09416,-0.026324613,-0.14029373,-0.0729988,9365870,3,4752,0.01092675,400
3000061001491,38000300005599,3000061001491,3000061000000,38,1.2758462,-1,-1,3000061001490,3000061001491,-1,25,1.8073791,1.549182,1.8073791,15592,53.74281,13.204002,21.954178,54763,6,1,2,-147.38156,185.8454,-163.61507,30.490932,66.78688,-0.04942444,-0.2038093,-0.0058828173,9365870,3,5599,0.012412482,651
3000061001492,44000300003393,3000061001493,3000061000000,44,0.75503564,3000061001493,3000061001494,3000061001338,3000061001492,-1,22,2.2377074,1.549182,2.1516418,15598,53.211246,14.689108,20.992067,54750,5,1,2,133.44469,541.50653,346.36435,23.576948,45.740414,0.08560004,0.02571709,-0.061225176,9380029,3,3393,0.030275067,310
3000061001493,42000300004391,3000061001493,3000061000000,42,0.9054624,-1,-1,3000061001492,3000061001493,-1,27,1.4631164,1.3770508,1.4631164,15598,53.08121,14.143129,20.639574,54748,5,1,2,89.0442,521.87537,329.37967,29.744272,53.075012,1.1598117,0.0055472725,-0.16180496,9378284,3,4391,0.028695479,656
3000061001494,44000300000505,3000061001539,3000061000000,44,0.75503564,3000061001495,-1,3000061001338,3000061001339,3000061001782,225,0.0,0.0,0.0,15598,53.417126,14.593348,21.34549,54748,5,1,2,-208.55678,39.58056,120.30925,102.25599,165.82457,0.034377985,-0.019924972,-0.24551554,9377284,3,505,0.015671808,4
3000061001495,43000300000537,3000061001539,3000061000000,43,0.8276991,3000061001496,-1,3000061001494,3000061001340,3000061001783,407,0.0,0.0,0.0,15598,53.507133,14.550713,21.286507,54748,5,1,2,-135.3026,137.27617,132.04114,96.64949,166.28738,0.2131251,-0.09734298,-0.7268321,9378760,3,537,0.027767438,621
3000061001496,42000300000526,3000061001539,3000061000000,42,0.9054624,3000061001497,-1,3000061001495,3000061001341,3000061001784,425,0.0,0.0,0.0,15598,53.5657,14.472365,21.221514,54748,5,1,2,-101.11094,185.82574,135.70468,98.890915,172.50365,0.24836725,-0.09576271,-0.862227,9378848,3,526,0.027187157,61
3000061001497,41000300000481,3000061001539,3000061000000,41,0.98870814,3000061001498,-1,3000061001496,3000061001342,-1,507,0.0,0.0,0.0,15598,53.604565,14.372647,21.138208,54748,6,1,2,-73.95186,217.86993,138.81096,91.32118,162.41406,0.10193223,-0.11442909,-1.0409335,9377075,3,481,0.037001237,671
3000061001498,40000300001028,3000061001539,3000061000000,40,1.0778745,3000061001499,-1,3000061001497,3000061001498,-1,540,56.975475,50.86481,56.545147,15598,53.62218,14.234467,21.07237,54748,6,1,2,-50.71603,236.3269,144.21053,93.23458,163.82391,0.2847327,-0.33038485,-1.0885389,9377318,3,1028,0.040816553,817
3000061001499,39000300000971,3000061001539,3000061000000,39,1.173417,3000061001500,-1,3000061001498,3000061001499,-1,587,53.44678,48.45497,53.360718,15598,53.661327,14.112299,21.003548,54748,6,1,2,-19.53306,249.84177,160.79768,97.05001,170.1877,0.3000018,-0.2926359,-1.1289562,9378760,3,971,0.041519802,738
3000061001500,38000300000936,3000061001539,3000061000000,38,1.2758462,3000061001501,-1,3000061001499,3000061001500,-1,562,54.135307,50.52055,54.135307,15598,53.653343,13.983077,20.91741,54748,6,1,2,19.845106,258.30008,166.86853,97.6226,172.99715,0.31961396,-0.6020567,-1.0075293,9378760,3,936,0.037554476,896
3000061001501,37000300000945,3000061001539,3000061000000,37,1.3857181,3000061001502,-1,3000061001500,3000061001501,-1,527,52.241863,48.11071,52.241863,15598,53.642498,13.829605,20.824566,54748,6,1,2,47.829376,267.18878,173.88803,99.714355,169.09956,0.3083912,-0.5309599,-0.92928016,9377302,3,945,0.035739917,349
3000061001502,36000300000912,3000061001539,3000061000000,36,1.5036365,3000061001503,-1,3000061001501,3000061001502,-1,489,48.54104,46.475464,48.8853,15598,53.607628,13.678146,20.702097,54748,6,1,2,70.44766,275.97278,180.51251,102.26643,173.30295,0.33891284,-0.27686104,-0.78270066,9377302,3,912,0.030527467,919
3000061001503,35000300000879,3000061001539,3000061000000,35,1.6302707,3000061001504,-1,3000061001502,3000061001503,-1,509,45.786938,43.1189,46.561527,15599,53.547527,13.509286,20.604748,54734,5,1,2,95.84861,272.7988,182.55946,100.972916,172.63457,0.5666325,-0.21231215,-1.0238378,9377906,3,879,0.03182205,628
3000061001504,34000300000973,3000061001539,3000061000000,34,1.766336,3000061001505,-1,3000061001503,3000061001504,-1,408,36.491844,35.20086,37.094303,15599,53.50053,13.360873,20.50756,54730,5,1,2,96.80965,273.82516,175.33179,97.24653,170.7784,0.5649499,-0.10799825,-0.9900619,9377316,3,973,0.02681743,982
3000061001505,33000300000860,3000061001539,3000061000000,33,1.9126327,3000061001506,-1,3000061001504,3000061001505,-1,456,33.135284,31.844297,33.565613,15599,53.42502,13.207548,20.390093,54730,5,1,2,101.31388,274.72012,175.92279,90.39502,163.036,0.80879235,-0.015433244,-1.3032646,9377029,3,860,0.0349833,748
3000061001506,32000300000759,3000061001539,3000061000000,32,2.0700274,3000061001507,-1,3000061001505,3000061001506,-1,449,30.553314,29.176262,31.500036,15599,53.36995,13.059633,20.312239,54730,5,1,2,98.01449,270.84622,167.2739,88.81169,157.14128,0.9262397,0.09453018,-1.2257006,9377344,3,759,0.035852265,740
3000061001507,31000300000681,3000061001528,3000061000000,31,2.2394855,3000061001508,3000061001529,3000061001506,3000061001507,3000061001529,408,30.122986,28.659868,31.327904,15599,53.324375,12.906361,20.21867,54730,5,1,2,94.890915,261.84818,162.58452,93.64828,159.32465,0.5777397,0.037502505,-0.80850375,9363548,3,681,0.031556707,255
3000061001508,30000300000665,3000061001527,3000061000000,30,2.422044,3000061001509,3000061001528,3000061001507,3000061001508,-1,393,31.327904,30.381182,32.61889,15599,53.259026,12.74205,20.127161,54730,5,1,2,85.98997,247.79454,154.68997,97.10046,164.98735,0.791547,0.20918223,-0.72208625,9363548,3,665,0.028977033,56
3000061001509,29000300000580,3000061001527,3000061000000,29,2.6188614,3000061001510,-1,3000061001508,3000061001509,3000061001530,344,34.94266,33.565613,36.83611,15599,53.200226,12.5824995,20.032682,54728,5,1,2,85.97228,258.76703,139.16446,100.259026,159.93442,0.5799075,0.25559765,-0.5979097,9377302,3,580,0.025721285,957
3000061001510,28000300000479,3000061001527,3000061000000,28,2.8311827,3000061001511,-1,3000061001509,3000061001510,-1,438,35.286926,35.02873,36.40578,15599,53.17108,12.446647,19.944733,54728,5,1,2,88.77305,245.41875,138.84433,115.41565,179.462,0.87673265,0.18575655,-0.7538197,9377075,3,479,0.027306551,9
3000061001511,27000300000409,3000061001527,3000061000000,27,3.060419,3000061001512,-1,3000061001510,3000061001511,3000061001531,374,34.42627,33.82381,35.889385,15599,53.168,12.314972,19.900862,54728,5,1,2,75.73887,212.64755,121.145035,104.93176,168.04236,0.58843476,0.36633456,-0.7087945,9377047,3,409,0.026342887,330
3000061001512,26000300000375,3000061001527,3000061000000,26,3.3080978,3000061001513,-1,3000061001511,3000061001512,3000061001532,348,27.196753,26.594292,27.971344,15599,53.144398,12.214778,19.85352,54728,5,1,2,74.58054,187.71004,105.468575,108.18592,173.55019,0.44402453,0.16388662,-0.5600775,9377904,3,375,0.024393257,307
3000061001513,25000300000331,3000061001527,3000061000000,25,3.575905,3000061001514,-1,3000061001512,3000061001513,3000061001533,309,22.979534,22.549206,23.66806,15599,53.108868,12.127865,19.806911,54728,5,1,2,74.543144,186.32892,101.333595,104.48826,172.35152,0.41680762,0.28606594,-0.63696533,9377287,3,331,0.02157295,458
3000061001514,24000300000339,3000061001527,3000061000000,24,3.8656828,3000061001515,-1,3000061001513,3000061001514,3000061001534,244,17.557398,17.557398,17.815594,15599,53.04427,12.050676,19.748207,54728,5,1,2,72.88341,179.981,94.93059,107.10228,170.98647,0.5288998,0.12028799,-0.37081674,9377344,3,339,0.017819263,69
3000061001515,23000300000450,3000061001526,3000061000000,23,4.1794686,3000061001516,3000061001527,3000061001514,3000061001515,-1,166,13.684442,13.598376,14.372967,15599,53.03277,11.964201,19.721464,54728,5,1,2,75.25631,158.55536,89.91084,92.78564,148.07788,0.3097968,0.085227154,-0.25032637,9377337,3,450,0.015735961,299
3000061001516,22000300000501,3000061001526,3000061000000,22,4.5195556,3000061001517,-1,3000061001515,3000061001516,-1,121,6.36886,6.36886,6.4549255,15599,53.0069,11.856832,19.731874,54728,5,1,2,54.09121,137.90517,81.54883,78.6509,120.40381,0.18469782,0.2262452,-0.29248786,9377344,3,501,0.015985848,198
3000061001517,21000300000365,3000061001523,3000061000000,21,4.888449,3000061001518,3000061001524,3000061001516,3000061001517,3000061001524,90,4.991809,4.991809,5.3360715,15599,53.041607,11.776918,19.725267,54728,5,1,2,45.23815,128.9165,61.20362,69.86995,117.6467,0.070887595,0.06331035,-0.19764836,9377331,3,365,0.012950005,218
3000061001518,20000300000684,3000061001523,3000061000000,20,5.2888336,3000061001519,-1,3000061001517,3000061001518,-1,60,5.680334,5.594269,5.680334,15599,52.98801,11.722762,19.656178,54728,5,1,2,32.656883,114.6359,52.42643,80.26151,121.87404,-0.036936667,0.012746187,-0.036524788,9377341,3,684,0.008136098,317
3000061001519,19000300000444,3000061001523,3000061000000,19,5.7238646,3000061001520,-1,3000061001518,3000061001519,-1,66,4.3032837,4.3032837,4.3032837,15588,52.970062,11.677924,19.61286,54618,5,1,2,36.73388,110.00624,54.044167,70.60682,116.45985,0.04634136,0.030441247,-0.06780918,9377073,3,444,0.010687665,38
3000061001520,18000300000331,3000061001523,3000061000000,18,6.1968336,3000061001521,-1,3000061001519,3000061001520,-1,62,3.098364,3.098364,3.098364,15588,52.984272,11.602842,19.623375,54618,5,1,2,28.03656,102.94811,61.547913,59.975147,109.5553,0.010373431,0.13664977,0.045638617,9377341,3,331,0.010776575,87
3000061001521,17000300000652,3000061001523,3000061000000,17,6.7115865,3000061001522,-1,3000061001520,3000061001521,-1,30,1.8934448,1.8934448,2.065576,15588,52.93617,11.5596695,19.569235,54618,5,1,2,36.520893,104.98552,58.689327,70.24064,100.79441,-0.007041111,0.06810727,0.035384286,9377072,3,652,0.0077662487,85
3000061001522,16000300000421,3000061001523,3000061000000,16,7.272188,3000061001523,-1,3000061001521,3000061001522,-1,30,1.9795104,1.9795104,2.2377074,15588,52.960163,11.488121,19.549644,54618,5,1,2,31.87371,102.40219,61.159805,60.024937,103.64387,-0.04436422,0.08286607,0.045169402,9377903,3,421,0.0062965564,140
3000061001523,15000300000449,3000061001523,3000061000000,15,7.8832035,-1,-1,3000061001522,3000061001523,-1,21,1.2909851,1.2909851,1.549182,15611,52.946243,11.460727,19.528889,54398,5,1,2,24.37144,100.327255,59.58029,53.417454,94.778275,-0.038940024,0.05434601,0.0019834663,9377903,3,449,0.0058476054,330
3000061001524,21000300000366,3000061001526,3000061000000,21,4.888449,3000061001525,-1,3000061001516,3000061001517,-1,26,0.0,0.0,0.0,15599,52.858047,11.848943,19.586071,54728,5,1,2,90.7413,168.7016,138.74702,59.70457,85.94063,-0.0123521425,-0.17863543,0.018736983,9376999,3,366,0.007016183,325
3000061001525,20000300001445,3000061001526,3000061000000,20,5.2888336,3000061001526,-1,3000061001524,3000061001525,-1,29,1.4631164,1.4631164,1.4631164,15600,52.84487,11.74445,19.515171,54508,5,1,2,87.3662,179.54802,123.027084,56.488472,78.59641,-0.08943034,-0.22298403,-0.09667264,9377049,3,1445,0.009284342,645
3000061001526,19000300001241,3000061001526,3000061000000,19,5.7238646,-1,-1,3000061001525,3000061001526,-1,30,0.86065674,0.86065674,0.86065674,15611,52.822174,11.63872,19.427917,54398,5,1,2,66.242035,127.26533,113.84238,52.43289,70.092995,0.018069904,-0.07817505,0.013674733,9376999,3,1241,0.013286816,425
3000061001527,23000300003606,3000061001527,3000061000000,23,4.1794686,-1,-1,3000061001514,3000061001527,-1,21,1.549182,1.549182,1.8073791,15588,52.984154,11.626009,19.637089,54618,5,1,2,84.18732,294.83142,58.90471,49.172733,85.701996,-0.060113642,-0.013332403,-0.01649169,9378815,3,3606,0.0057123,576
3000061001528,30000300003209,3000061001528,3000061000000,30,2.422044,-1,-1,3000061001507,3000061001528,-1,23,1.2049193,1.2049193,1.3770508,15599,53.08009,12.772834,19.940193,54730,5,1,2,141.51315,393.15216,258.84204,34.041294,57.06856,-0.11918941,0.03670346,-0.009425335,9378869,3,3209,0.022194322,604
3000061001529,31000300000682,3000061001539,3000061000000,31,2.2394855,3000061001530,-1,3000061001506,3000061001507,-1,27,0.0,0.0,0.0,15599,53.439514,12.9166765,20.332027,54730,5,1,2,94.010994,205.27579,134.59964,41.590084,72.54439,-0.11242388,-0.08867314,0.09129288,9378808,3,682,0.01090636,384
3000061001530,29000300000581,3000061001539,3000061000000,29,2.6188614,3000061001531,-1,3000061001529,3000061001509,-1,23,0.0,0.0,0.0,15599,53.295837,12.690591,20.144306,54728,5,1,2,178.06897,204.9125,251.757,58.26414,88.10184,-0.0790506,0.09380893,0.09384826,9378808,3,581,0.0069948253,842
3000061001531,27000300000410,3000061001539,3000061000000,27,3.060419,3000061001532,-1,3000061001530,3000061001511,-1,31,0.0,0.0,0.0,15599,53.075626,12.319162,19.840054,54728,5,1,2,178.71872,406.74835,229.74644,63.95358,98.64776,0.02130814,0.08373098,0.035604514,9378197,3,410,0.0066428455,279
3000061001532,26000300000376,3000061001539,3000061000000,26,3.3080978,3000061001533,-1,3000061001531,3000061001512,-1,56,0.0,0.0,0.0,15599,52.983925,12.095262,19.721651,54728,5,1,2,99.01245,373.7463,198.94809,60.53408,105.595764,0.046446666,-0.020947572,0.0064249397,9378799,3,376,0.011076527,279
3000061001533,25000300000332,3000061001539,3000061000000,25,3.575905,3000061001534,-1,3000061001532,3000061001513,-1,70,0.0,0.0,0.0,15599,52.93739,11.907627,19.607119,54728,5,1,2,79.935356,341.83978,171.2143,68.19364,114.920654,0.08193651,-0.039966814,-0.0021158294,9378799,3,332,0.010657402,886
3000061001534,24000300000340,3000061001539,3000061000000,24,3.8656828,3000061001535,-1,3000061001533,3000061001514,-1,60,0.0,0.0,0.0,15600,52.903683,11.725319,19.524364,54508,5,1,2,59.154552,315.93945,149.33923,72.76173,121.8123,0.04637058,0.03010321,0.0037109135,9378799,3,340,0.009844371,348
3000061001535,23000300001191,3000061001539,3000061000000,23,4.1794686,3000061001536,-1,3000061001534,3000061001535,-1,65,4.6475463,4.6475463,4.733612,15611,52.86192,11.549822,19.425856,54398,5,1,2,54.077843,290.27197,141.81711,63.605347,109.0721,0.054473467,0.14513415,-0.023373999,9378799,3,1191,0.011578716,498
3000061001536,22000300001659,3000061001539,3000061000000,22,4.5195556,3000061001537,-1,3000061001535,3000061001536,-1,42,2.9262328,2.9262328,3.0122986,15611,52.828354,11.391996,19.371628,54398,5,1,2,47.03198,285.12372,117.0804,52.626396,94.03828,0.005821471,-0.0142928595,0.07903652,9378197,3,1659,0.012150722,712
3000061001537,21000300001228,3000061001539,3000061000000,21,4.888449,3000061001538,-1,3000061001536,3000061001537,-1,46,1.7213135,1.6352477,1.8934448,15611,52.793053,11.247273,19.325254,54398,5,1,2,47.163864,274.94867,114.70997,53.19744,91.76284,-0.011412271,-0.022254286,0.007522086,9378809,3,1228,0.013378392,594
3000061001538,20000300001943,3000061001539,3000061000000,20,5.2888336,3000061001539,-1,3000061001537,3000061001538,-1,26,2.1516418,2.1516418,2.1516418,15611,52.812897,11.108367,19.294308,54398,5,1,2,39.860027,253.676,97.05995,56.17844,90.354324,-0.045101847,0.022657922,-0.05609979,9378855,3,1943,0.007003368,227
3000061001539,19000300001642,3000061001539,3000061000000,19,5.7238646,-1,-1,3000061001538,3000061001539,-1,25,1.8934448,1.8934448,1.8934448,15611,52.794594,10.975821,19.251135,54398,5,1,2,31.901342,235.78618,90.6541,49.172634,91.44232,-0.04118073,-0.0302527,0.013048088,9378810,3,1642,0.006409703,677
3000061001540,47000300003476,3000061001551,3000061000000,47,0.5641766,3000061001541,-1,3000061001335,3000061001540,-1,29,4.0450864,2.4098387,3.7868896,15598,53.051777,14.7323,20.94578,54750,5,1,2,55.61232,657.90643,282.87033,27.901031,52.754314,-0.14880435,0.090291366,0.040658716,9379975,3,3476,0.02905337,787
3000061001541,46000300002271,3000061001551,3000061000000,46,0.6235901,3000061001542,-1,3000061001540,3000061001541,-1,35,2.4098387,1.549182,2.065576,15598,53.035477,14.431983,20.829697,54748,5,1,2,40.285183,625.17017,283.2805,26.641495,45.488686,-0.27940935,0.00925699,0.027127096,9379975,3,2271,0.040498294,313
3000061001542,44000300003204,3000061001551,3000061000000,44,0.75503564,3000061001543,-1,3000061001541,3000061001542,-1,28,2.3237731,1.8934448,2.2377074,15598,53.010384,13.896163,20.556557,54748,5,1,2,16.381308,553.9404,257.84775,24.528215,52.954323,0.017468285,0.15489289,0.06682421,9378290,3,3204,0.025415523,196
3000061001543,43000300004184,3000061001551,3000061000000,43,0.8276991,3000061001544,-1,3000061001542,3000061001543,-1,31,1.9795104,1.6352477,1.8934448,15599,52.993824,13.641504,20.441257,54730,5,1,2,6.5140543,519.66876,242.58731,29.504734,54.15697,-0.15444727,0.05533581,0.059470695,9379970,3,4184,0.021352893,449
3000061001544,42000300005154,3000061001551,3000061000000,42,0.9054624,3000061001545,-1,3000061001543,3000061001544,-1,28,1.8934448,1.4631164,1.8934448,15599,52.99137,13.3960285,20.329048,54730,5,1,2,-0.41568372,501.93143,229.81815,29.353374,54.412434,-0.063583724,0.019539958,0.027707549,9379970,3,5154,0.018955275,625
3000061001545,41000300005137,3000061001551,3000061000000,41,0.98870814,3000061001546,-1,3000061001544,3000061001545,-1,28,2.1516418,1.4631164,2.065576,15599,52.981274,13.128434,20.22915,54730,5,1,2,-4.907292,475.49054,216.03911,31.776617,52.190445,-0.060658652,0.018021518,0.054305203,9380021,3,5137,0.021608766,811
3000061001546,40000300005643,3000061001551,3000061000000,40,1.0778745,3000061001547,-1,3000061001545,3000061001546,-1,27,2.065576,1.8934448,2.065576,15599,52.984524,12.9024105,20.109997,54730,5,1,2,-6.279185,450.95483,202.15614,34.264557,58.991894,0.012929957,0.09496583,0.084209256,9378287,3,5643,0.016255893,997
3000061001547,39000300005446,3000061001551,3000061000000,39,1.173417,3000061001548,-1,3000061001546,3000061001547,-1,28,2.2377074,2.1516418,2.2377074,15599,52.97335,12.668678,19.99602,54728,5,1,2,-7.3933544,432.6726,193.46544,32.60715,58.949207,0.01284688,0.093669735,0.09545154,9379975,3,5446,0.019165043,124
3000061001548,38000300005306,3000061001551,3000061000000,38,1.2758462,3000061001549,-1,3000061001547,3000061001548,-1,28,2.065576,1.9795104,2.065576,15599,52.96637,12.438329,19.870403,54728,5,1,2,-12.856755,406.9715,187.62952,31.27266,56.656853,-0.09573072,-0.017636167,0.01905998,9380024,3,5306,0.024041906,264
3000061001549,37000300005539,3000061001551,3000061000000,37,1.3857181,3000061001550,-1,3000061001548,3000061001549,-1,26,1.8073791,1.8073791,1.8073791,15599,52.979603,12.210627,19.782904,54728,5,1,2,-8.765962,391.08755,182.06148,30.55747,61.080692,-0.10858068,-0.01816244,0.08072355,9380020,3,5539,0.014464974,704
3000061001550,36000300005994,3000061001551,3000061000000,36,1.5036365,3000061001551,-1,3000061001549,3000061001550,-1,24,1.6352477,1.3770508,1.6352477,15599,52.9914,12.007926,19.68948,54728,5,1,2,-9.192043,379.84204,178.23311,33.990566,65.55676,-0.16788769,-0.046535507,-0.007790156,9380020,3,5994,0.011886085,857
3000061001551,35000300006543,3000061001551,3000061000000,35,1.6302707,-1,-1,3000061001550,3000061001551,-1,20,1.4631164,1.2909851,1.4631164,15599,53.00236,11.786346,19.582464,54728,5,1,2,-6.1377583,360.81335,167.50374,29.369783,53.24337,-0.06340166,-0.03782033,0.01214438,9323595,3,6543,0.015853614,40
3000061001552,48000300000610,3000061001555,3000061000000,48,0.5085914,3000061001553,-1,3000061001334,3000061001335,3000061001820,52,0.0,0.0,0.0,15598,53.320015,14.92374,21.2718,54750,5,1,2,72.54076,602.37866,145.20789,63.317566,99.374565,0.1508248,0.025628183,0.08524755,9377284,3,610,0.010650729,478
3000061001553,47000300000567,3000061001555,3000061000000,47,0.5641766,3000061001554,-1,3000061001552,3000061001336,3000061001729,73,0.0,0.0,0.0,15598,53.297115,14.696931,21.249943,54750,5,1,2,54.65054,394.54102,-0.8005611,53.898735,95.89236,-0.011089878,0.07852354,0.26973078,9377007,3,567,0.016650895,437
3000061001554,46000300000151,3000061001555,3000061000000,46,0.6235901,3000061001555,-1,3000061001553,3000061000017,3000061002492,54,0.0,0.0,0.0,15598,53.283283,14.576253,21.282682,54748,5,1,2,16.060951,186.46393,-101.22431,55.039856,93.73687,-0.20086287,-0.049662348,0.12016005,9377004,3,151,0.014547013,788
3000061001555,45000300000515,3000061001555,3000061000000,45,0.6871088,-1,-1,3000061001554,3000061001338,3000061002493,47,0.0,0.0,0.0,15598,53.30306,14.560776,21.379642,54748,5,1,2,-179.60077,-174.12244,-219.23198,81.69521,102.73759,0.0141610745,-0.1541267,-0.03818092,9377329,3,515,0.011276262,387