haloID,subHaloID,lastProgenitorId,treeId,snapNum,redshift,firstProgenitorId,nextProgenitorId,descendantId,firstHaloInFOFgroupId,nextHaloInFOFgroupId,np,m_Mean200,m_Crit200,m_TopHat,phKey,x,y,z,zIndex,ix,iy,iz,velX,velY,velZ,velDisp,vMax,spinX,spinY,spinZ,mostBoundID,fileNr,subhaloIndex,halfmassRadius,random
3000382000000,63000300001459,3000382000116,3000382000000,63,0.0,3000382000001,-1,-1,3000382000000,-1,477,44.495953,32.532825,39.848404,12649,54.08063,23.15513,15.498903,47615,6,2,1,-250.35194,-162.13216,22.346106,70.512405,130.79909,-1.2182354,-1.3238039,-0.67778623,7430328,3,1459,0.06366678,185
3000382000001,62000300001488,3000382000116,3000382000000,62,0.019932542,3000382000002,-1,3000382000000,3000382000001,-1,474,44.323822,33.82381,39.59021,12649,54.12767,23.18682,15.500806,47615,6,2,1,-250.91168,-161.54335,21.4987,70.53535,124.4125,-1.2762649,-1.2839289,-0.647697,7430328,3,1488,0.061796125,620
3000382000002,61000300001534,3000382000116,3000382000000,61,0.041403063,3000382000003,-1,3000382000001,3000382000002,-1,443,43.635296,33.82381,39.15988,12649,54.180973,23.220482,15.496496,47615,6,2,1,-250.50899,-162.0248,24.853664,72.29202,126.98173,-1.1856072,-1.0228711,-0.5732555,7430288,3,1534,0.055124637,698
3000382000003,60000300001535,3000382000116,3000382000000,60,0.064493395,3000382000004,-1,3000382000002,3000382000003,-1,438,43.29103,32.877087,38.12709,12649,54.238693,23.262852,15.499303,47615,6,2,1,-248.98601,-162.22806,24.77278,74.75285,131.3681,-1.1188225,-1.0167792,-0.61301726,7430328,3,1535,0.0482798,926
3000382000004,59000300001538,3000382000116,3000382000000,59,0.08928783,3000382000005,-1,3000382000003,3000382000004,-1,443,42.77464,32.274628,37.868896,12649,54.296608,23.305218,15.501436,47615,6,2,1,-249.04065,-162.383,25.419373,78.03689,137.4864,-1.2247535,-1.1086149,-0.49764252,7430444,3,1538,0.04644078,195
3000382000005,58000300001497,3000382000116,3000382000000,58,0.11588337,3000382000006,-1,3000382000004,3000382000005,-1,470,40.70906,30.897575,36.491844,12649,54.360825,23.343103,15.513397,47615,6,2,1,-245.66565,-155.75307,21.726679,76.945816,140.42522,-1.6599147,-1.7735451,-0.7511066,7432023,3,1497,0.05742088,419
3000382000006,57000300001454,3000382000116,3000382000000,57,0.14438343,3000382000007,-1,3000382000005,3000382000006,-1,473,39.848404,28.487738,35.975452,12649,54.437077,23.370604,15.514537,47615,6,2,1,-246.47662,-155.53198,22.186728,67.06915,120.71228,-1.8332376,-1.8475456,-0.7996349,7430437,3,1454,0.06535574,734
3000382000007,56000300001482,3000382000068,3000382000000,56,0.17489761,3000382000008,3000382000069,3000382000006,3000382000007,3000382000069,407,40.1066,25.819702,33.99594,12649,54.514538,23.402313,15.504197,47615,6,2,1,-250.44933,-150.89383,32.43866,64.02462,113.408936,-1.9338746,-2.1653483,-0.8966123,7432024,3,1482,0.075841874,528
3000382000008,55000300001425,3000382000058,3000382000000,55,0.20754863,3000382000009,3000382000059,3000382000007,3000382000008,3000382000070,375,38.55742,25.389374,32.102497,12438,54.59883,23.439444,15.496545,48493,6,2,1,-251.29132,-151.56705,27.448847,63.763268,118.62683,-1.5328866,-1.5665762,-1.069833,7432019,3,1425,0.074605666,101
3000382000009,54000300001472,3000382000058,3000382000000,54,0.24246909,3000382000010,-1,3000382000008,3000382000009,3000382000071,333,37.094303,27.368883,32.704956,12438,54.683304,23.490353,15.4740505,48493,6,2,1,-252.6414,-159.87108,27.274458,64.71469,114.300934,-1.2883768,-1.0241565,-0.9489792,7432019,3,1472,0.064476036,770
3000382000010,53000300001477,3000382000058,3000382000000,53,0.2798018,3000382000011,-1,3000382000009,3000382000010,3000382000072,345,36.061516,29.004131,33.565613,12393,54.765965,23.548927,15.460579,48932,6,2,1,-248.83676,-160.99747,22.434282,67.7654,111.26549,-1.3849764,-1.1888851,-0.6618071,7430419,3,1477,0.05808047,369
3000382000011,52000300001479,3000382000058,3000382000000,52,0.31970343,3000382000012,-1,3000382000010,3000382000011,3000382000073,327,36.40578,31.327904,34.42627,12393,54.846615,23.609156,15.458818,48932,6,2,1,-241.256,-167.39241,14.517669,72.64655,120.31842,-1.1292574,-1.0533808,-0.5974201,7432024,3,1479,0.049518216,518
3000382000012,51000300001459,3000382000058,3000382000000,51,0.36234027,3000382000013,-1,3000382000011,3000382000012,3000382000074,371,35.717255,32.102497,34.42627,12393,54.924812,23.677303,15.464152,48932,6,2,1,-243.04927,-154.23407,16.56976,80.2952,126.41849,-1.3371568,-1.0251638,-0.63556015,7432024,3,1459,0.045477547,366
3000382000013,50000300001434,3000382000058,3000382000000,50,0.40789944,3000382000014,-1,3000382000012,3000382000013,3000382000075,365,35.631187,31.586102,34.77053,12393,55.005615,23.742609,15.475304,48932,6,2,1,-243.43608,-149.25816,9.128229,76.52712,122.97122,-1.4360944,-0.9565605,-0.69468623,7430363,3,1434,0.04809767,863
3000382000014,49000300001424,3000382000058,3000382000000,49,0.45657724,3000382000015,-1,3000382000013,3000382000014,3000382000076,295,34.94266,28.315605,32.18856,12393,55.101513,23.802216,15.488511,48932,6,2,1,-251.5289,-131.13322,-2.8954334,68.714264,119.277725,-0.8625377,-0.73986006,-0.31542358,7432023,3,1424,0.04484168,803
3000382000015,48000300001466,3000382000058,3000382000000,48,0.5085914,3000382000016,-1,3000382000014,3000382000015,3000382000077,287,30.983643,19.967236,28.401672,12393,55.20747,23.847479,15.499675,48932,6,2,1,-253.02725,-127.725685,1.5501422,65.53896,124.70032,-0.7894153,-0.4303594,-0.46737322,7430394,3,1466,0.04342652,388
3000382000016,47000300001479,3000382000058,3000382000000,47,0.5641766,3000382000017,-1,3000382000015,3000382000016,3000382000078,251,22.118877,17.557398,20.827892,12393,55.315933,23.901867,15.500311,48932,6,2,1,-256.99637,-123.80378,4.728959,63.614937,115.23772,-0.64283633,-0.25807366,-0.41369802,7430385,3,1479,0.037060995,879
3000382000017,46000300001466,3000382000058,3000382000000,46,0.6235901,3000382000018,-1,3000382000016,3000382000017,3000382000079,231,20.397564,15.836083,18.67625,12393,55.428825,23.945843,15.492541,48932,6,2,1,-251.95528,-115.579666,8.649747,61.651028,113.74932,-0.5590162,0.06496218,-0.22652605,7430372,3,1466,0.037634123,667
3000382000018,45000300001703,3000382000058,3000382000000,45,0.6871088,3000382000019,-1,3000382000017,3000382000018,-1,219,18.762316,15.577887,17.815594,12393,55.548794,24.00937,15.497949,48932,6,2,1,-251.4519,-118.038994,13.024829,60.38525,110.105225,-0.39074403,-0.057818465,-0.3594631,7430320,3,1703,0.03615275,51
3000382000019,44000300001676,3000382000058,3000382000000,44,0.75503564,3000382000020,-1,3000382000018,3000382000019,-1,224,18.331987,14.975427,17.987726,12393,55.665916,24.061512,15.482981,48933,6,2,1,-250.15431,-114.02343,17.981644,61.705647,113.02636,-0.47820044,0.0010454593,-0.2668822,7430430,3,1676,0.038053263,300
3000382000020,43000300001646,3000382000058,3000382000000,43,0.8276991,3000382000021,-1,3000382000019,3000382000020,-1,231,18.848381,15.491821,18.073792,12393,55.781395,24.115133,15.480011,48933,6,2,1,-243.23091,-108.789566,22.370935,65.09691,119.37993,-0.5077634,0.016906952,-0.2548032,7430364,3,1646,0.03506448,959
3000382000021,42000300001643,3000382000058,3000382000000,42,0.9054624,3000382000022,-1,3000382000020,3000382000021,-1,225,17.987726,15.663952,17.815594,12393,55.89314,24.175568,15.488544,48933,6,2,1,-243.28001,-115.70938,24.597443,64.14687,111.86984,-0.6107287,0.20389026,-0.66362244,7430543,3,1643,0.037942085,102
3000382000022,41000300001641,3000382000058,3000382000000,41,0.98870814,3000382000023,-1,3000382000021,3000382000022,-1,208,17.2992,15.750018,16.954937,12393,56.01015,24.208523,15.481562,48933,6,2,1,-238.1807,-116.445404,27.465887,66.024925,107.7262,-0.46500313,0.26913783,-0.66657054,7430394,3,1641,0.038994763,493
3000382000023,40000300001670,3000382000057,3000382000000,40,1.0778745,3000382000024,3000382000058,3000382000022,3000382000023,3000382000058,160,17.385265,16.696741,17.385265,12393,56.143337,24.275152,15.457677,48933,6,2,1,-249.35915,-120.46007,39.630592,72.91756,117.954704,-0.4668967,0.35633233,-0.3590248,7430364,3,1670,0.024862478,611
3000382000024,39000300001689,3000382000057,3000382000000,39,1.173417,3000382000025,-1,3000382000023,3000382000024,-1,186,17.041002,16.008215,17.041002,12393,56.280373,24.373613,15.425628,48933,6,2,1,-228.89713,-113.57989,34.157185,74.4064,125.177246,-0.5046731,0.27078405,-0.4645577,7430402,3,1689,0.022955807,397
3000382000025,38000300001652,3000382000057,3000382000000,38,1.2758462,3000382000026,-1,3000382000024,3000382000025,-1,181,12.73772,11.274603,12.73772,12393,56.410477,24.467129,15.400901,48935,6,2,1,-218.75127,-103.7562,39.587936,63.62826,113.75094,-0.73905635,0.32099602,-0.42429003,7430427,3,1652,0.03525012,382
3000382000026,37000300001631,3000382000043,3000382000000,37,1.3857181,3000382000027,3000382000044,3000382000025,3000382000026,3000382000044,122,9.381158,8.004107,9.381158,12393,56.546642,24.546165,15.395018,48935,6,2,1,-213.6688,-124.84031,31.866035,57.129368,103.30383,-0.29309878,0.3325558,-0.2898625,7430427,3,1631,0.022863839,581
3000382000027,36000300001630,3000382000043,3000382000000,36,1.5036365,3000382000028,-1,3000382000026,3000382000027,3000382000045,93,7.4016476,7.1434507,7.4016476,12394,56.66455,24.63509,15.369844,48942,6,2,1,-207.33412,-134.76643,29.090809,57.386642,110.310104,-0.4317857,0.39828414,-0.03158291,7430427,3,1630,0.016869672,531
3000382000028,35000300002623,3000382000043,3000382000000,35,1.6302707,3000382000029,-1,3000382000027,3000382000028,-1,72,6.885254,6.6270566,6.971319,12394,56.771935,24.721802,15.354614,48942,6,2,1,-205.00429,-129.3594,27.119125,54.561794,101.73363,-0.100349136,0.27642727,-0.11288673,7430396,3,2623,0.0138426535,318
3000382000029,34000300002567,3000382000043,3000382000000,34,1.766336,3000382000030,-1,3000382000028,3000382000029,-1,70,6.196728,6.196728,6.282794,12394,56.897186,24.794168,15.331511,48942,6,2,1,-194.89587,-125.41656,33.867794,55.23573,104.911705,-0.11976991,0.22102349,-0.14244105,7430440,3,2567,0.012737458,110
3000382000030,33000300002567,3000382000043,3000382000000,33,1.9126327,3000382000031,-1,3000382000029,3000382000030,-1,69,5.9385314,5.8524656,5.9385314,12394,57.001495,24.855886,15.307289,48942,6,2,1,-187.94437,-122.04137,30.149788,50.17233,95.95099,-0.14319704,0.17726152,-0.14909159,7430288,3,2567,0.015586159,376
3000382000031,32000300002443,3000382000043,3000382000000,32,2.0700274,3000382000032,-1,3000382000030,3000382000031,-1,72,5.7664,5.594269,5.9385314,12394,57.110508,24.940794,15.287478,48942,6,2,1,-178.74823,-109.637825,33.695118,51.76725,94.1947,-0.21931773,0.18914227,-0.10627077,7430364,3,2443,0.016149443,891
3000382000032,31000300002328,3000382000043,3000382000000,31,2.2394855,3000382000033,-1,3000382000031,3000382000032,-1,73,6.4549255,6.282794,6.540991,12394,57.208565,25.0057,15.26566,48942,6,2,1,-174.36505,-108.66729,31.364904,56.941227,100.073296,-0.18888734,0.26772577,-0.06198623,7430467,3,2328,0.015534656,833
3000382000033,30000300002115,3000382000043,3000382000000,30,2.422044,3000382000034,-1,3000382000032,3000382000033,-1,78,5.9385314,5.9385314,6.1106625,12394,57.29397,25.067919,15.259258,48942,6,2,1,-169.31413,-103.94964,33.03082,59.441853,103.21737,-0.36002007,0.35524458,-0.08812356,7430317,3,2115,0.015397976,963
3000382000034,29000300001932,3000382000043,3000382000000,29,2.6188614,3000382000035,-1,3000382000033,3000382000034,-1,82,6.6270566,6.36886,6.799188,12394,57.40636,25.130997,15.245759,48942,6,2,1,-164.38493,-101.52515,34.747734,61.493114,106.01344,-0.24367256,0.19822493,-0.08589182,7430329,3,1932,0.015745487,219
3000382000035,28000300001968,3000382000043,3000382000000,28,2.8311827,3000382000036,-1,3000382000034,3000382000035,-1,72,6.36886,6.196728,6.36886,12394,57.502777,25.16623,15.216104,48942,6,2,1,-157.36635,-98.18921,39.099464,65.821655,114.42011,-0.16486154,0.19403723,-0.06823735,7430320,3,1968,0.012900329,795
3000382000036,27000300001977,3000382000043,3000382000000,27,3.060419,3000382000037,-1,3000382000035,3000382000036,-1,64,5.680334,5.680334,5.7664,12394,57.59676,25.23515,15.201536,48942,6,2,1,-152.97733,-92.04124,37.859764,60.807858,106.57424,-0.14694476,0.18607694,-0.09682258,7430317,3,1977,0.012217842,782
3000382000037,26000300001938,3000382000043,3000382000000,26,3.3080978,3000382000038,-1,3000382000036,3000382000037,-1,60,4.217218,4.0450864,4.217218,12394,57.706245,25.26977,15.190047,48943,6,2,1,-143.59927,-85.14143,37.39418,52.473843,92.020905,-0.052486554,0.13062672,-0.13075449,7430428,3,1938,0.015536712,411
3000382000038,25000300002111,3000382000043,3000382000000,25,3.575905,3000382000039,-1,3000382000037,3000382000038,-1,49,3.8729553,3.8729553,3.8729553,12394,57.757114,25.300896,15.148163,48943,6,2,1,-143.97548,-87.84731,36.713684,55.671463,97.77291,-0.10941315,0.17181256,-0.036282826,7430431,3,2111,0.010736678,112
3000382000039,24000300001948,3000382000043,3000382000000,24,3.8656828,3000382000040,-1,3000382000038,3000382000039,-1,48,4.131152,4.131152,4.131152,12394,57.844143,25.363443,15.122413,48943,6,2,1,-142.61496,-87.6145,38.7817,64.267784,113.7626,-0.10367899,0.057470664,-0.10201341,7430364,3,1948,0.007842307,671
3000382000040,23000300001744,3000382000043,3000382000000,23,4.1794686,3000382000041,-1,3000382000039,3000382000040,-1,46,3.8729553,3.8729553,3.8729553,12397,57.91963,25.423391,15.124068,48957,6,2,1,-139.5292,-86.57848,38.345886,65.81613,112.598976,-0.10329801,0.04486512,-0.06543161,7430317,3,1744,0.007090867,341
3000382000041,22000300001668,3000382000043,3000382000000,22,4.5195556,3000382000042,-1,3000382000040,3000382000041,-1,41,3.3565612,3.3565612,3.442627,12397,57.995087,25.462317,15.093804,48957,6,2,1,-132.44318,-80.704216,29.954287,57.989815,107.0226,-0.09777616,0.0124605615,-0.09646931,7430439,3,1668,0.0078031584,15
3000382000042,21000300001422,3000382000043,3000382000000,21,4.888449,3000382000043,-1,3000382000041,3000382000042,-1,40,1.8934448,1.8934448,1.8934448,12397,58.062943,25.522196,15.066768,48957,6,2,1,-126.52527,-79.44216,33.937267,49.90357,89.6925,-0.07461713,0.028236229,-0.11950388,7430431,3,1422,0.010603258,316
3000382000043,20000300002171,3000382000043,3000382000000,20,5.2888336,-1,-1,3000382000042,3000382000043,-1,23,1.8934448,1.8934448,1.8934448,12397,58.11757,25.56685,15.074886,48957,6,2,1,-117.14883,-83.92315,24.705677,47.47656,87.20392,0.02556547,0.035116497,-0.0026395724,7430431,3,2171,0.007815325,848
3000382000044,37000300001632,3000382000057,3000382000000,37,1.3857181,3000382000045,-1,3000382000025,3000382000026,-1,49,0.0,0.0,0.0,12393,56.479767,24.344097,15.386511,48933,6,2,1,-227.77554,-46.058353,57.713383,44.937187,75.05616,-0.14020187,0.013521749,-0.120429136,7432088,3,1632,0.016868124,278
3000382000045,36000300001631,3000382000057,3000382000000,36,1.5036365,3000382000046,-1,3000382000044,3000382000027,-1,72,0.0,0.0,0.0,12393,56.60671,24.36274,15.359877,48933,6,2,1,-221.52165,-52.297962,64.1612,44.164978,71.88916,-0.13345028,0.039763212,-0.16403642,7430353,3,1631,0.027213655,895
3000382000046,35000300002347,3000382000057,3000382000000,35,1.6302707,3000382000047,-1,3000382000045,3000382000046,-1,87,5.0778747,4.5614805,5.1639404,12394,56.747086,24.393736,15.328788,48940,6,2,1,-214.40779,-53.289288,64.50808,48.075363,77.467064,-0.22812358,-0.066988066,-0.20562641,7432088,3,2347,0.029205399,275
3000382000047,34000300002524,3000382000057,3000382000000,34,1.766336,3000382000048,-1,3000382000046,3000382000047,-1,73,6.540991,6.196728,6.540991,12394,56.86711,24.464825,15.280643,48942,6,2,1,-214.6642,-54.803894,68.21316,55.4014,92.0851,-0.045141965,-0.07779217,-0.013974513,7430353,3,2524,0.016670782,344
3000382000048,33000300002251,3000382000057,3000382000000,33,1.9126327,3000382000049,-1,3000382000047,3000382000048,-1,78,5.8524656,5.680334,6.196728,12394,56.993866,24.513058,15.229318,48942,6,2,1,-209.52112,-57.069824,65.186424,53.206863,89.729614,-0.18541709,-0.058453076,-0.027707383,7430353,3,2251,0.020560287,400
3000382000049,32000300002442,3000382000057,3000382000000,32,2.0700274,3000382000050,-1,3000382000048,3000382000049,-1,72,5.2500057,4.905743,5.3360715,12394,57.10549,24.56141,15.190978,48942,6,2,1,-204.57086,-56.31691,65.18429,50.53197,83.9827,-0.028113903,-0.020262102,-0.08285506,7431990,3,2442,0.02380054,881
3000382000050,31000300002393,3000382000057,3000382000000,31,2.2394855,3000382000051,-1,3000382000049,3000382000050,-1,70,3.5286925,3.442627,3.5286925,12394,57.213543,24.613901,15.175077,48942,6,2,1,-194.83653,-55.67346,67.427086,48.401676,84.01775,-0.05975186,-0.03733986,-0.069317535,7432019,3,2393,0.019886484,217
3000382000051,30000300003692,3000382000057,3000382000000,30,2.422044,3000382000052,-1,3000382000050,3000382000051,-1,36,3.18443,3.098364,3.2704954,12394,57.327473,24.665735,15.155522,48942,6,2,1,-185.72668,-61.83459,60.10183,50.20883,90.88964,0.046110176,-0.025811167,-0.08981149,7431990,3,3692,0.009646879,973
3000382000052,29000300003781,3000382000057,3000382000000,29,2.6188614,3000382000053,-1,3000382000051,3000382000052,-1,34,2.5819702,2.4959044,2.5819702,12394,57.453697,24.714865,15.135035,48942,6,2,1,-184.83241,-58.562046,60.136726,42.56645,72.041695,0.07622162,-0.06358656,-0.14281517,7430286,3,3781,0.015489833,378
3000382000053,28000300003615,3000382000057,3000382000000,28,2.8311827,3000382000054,-1,3000382000052,3000382000053,-1,34,0.86065674,0.6885254,0.86065674,12394,57.543423,24.686037,15.081134,48942,6,2,1,-177.08324,-61.338314,59.19764,39.013695,67.24683,0.1131622,-0.034900192,-0.09556504,7430286,3,3615,0.0187897,433
3000382000054,26000300004080,3000382000057,3000382000000,26,3.3080978,3000382000055,-1,3000382000053,3000382000054,-1,26,1.8073791,1.8073791,1.9795104,12394,57.73168,24.843681,15.030061,48943,6,2,1,-153.21564,-65.37325,51.758224,44.550037,71.0044,-0.074827895,0.038599994,0.035531808,7432097,3,4080,0.01077161,669
3000382000055,25000300003727,3000382000057,3000382000000,25,3.575905,3000382000056,-1,3000382000054,3000382000055,-1,27,2.2377074,2.2377074,2.2377074,12394,57.80376,24.881016,15.0006275,48943,6,2,1,-146.83049,-61.25604,56.5332,43.338062,83.17125,-0.019104201,0.018622333,0.037693463,7432097,3,3727,0.009544209,238
3000382000056,24000300003406,3000382000057,3000382000000,24,3.8656828,3000382000057,-1,3000382000055,3000382000056,-1,27,2.1516418,2.1516418,2.1516418,12394,57.88835,24.933355,14.96946,48943,6,2,1,-143.93608,-56.90675,54.221596,48.38215,87.47338,-0.028976437,-0.0032922067,0.022032322,7432097,3,3406,0.007918933,820
3000382000057,23000300003232,3000382000057,3000382000000,23,4.1794686,-1,-1,3000382000056,3000382000057,-1,25,1.8073791,1.8073791,1.8073791,12394,57.966297,24.96251,14.931044,48943,6,2,1,-141.93292,-54.38609,52.498848,47.066803,84.87865,-0.01955585,0.009970523,0.009618926,7432097,3,3232,0.007685251,515
3000382000058,40000300001671,3000382000058,3000382000000,40,1.0778745,-1,-1,3000382000022,3000382000023,-1,20,0.0,0.0,0.0,12393,56.17925,24.319557,15.428166,48933,6,2,1,-155.90776,-122.97157,-22.385983,56.97527,95.282265,0.0042557875,-0.08124079,0.07778276,7432091,3,1671,0.004955539,730
3000382000059,55000300001427,3000382000068,3000382000000,55,0.20754863,3000382000060,-1,3000382000007,3000382000008,-1,29,0.0,0.0,0.0,12438,54.484814,23.46242,15.380465,48493,6,2,1,-154.46959,-184.29913,96.21617,26.023357,44.922253,0.13010809,0.33020076,-0.030925535,7446240,3,1427,0.02884209,764
3000382000060,54000300001474,3000382000068,3000382000000,54,0.24246909,3000382000061,-1,3000382000059,3000382000009,-1,30,0.0,0.0,0.0,12438,54.54035,23.532223,15.341566,48493,6,2,1,-162.71283,-186.5924,88.42123,29.0705,51.893417,0.12327577,0.26837248,-0.02247942,7446227,3,1474,0.024581527,378
3000382000061,53000300005028,3000382000068,3000382000000,53,0.2798018,3000382000062,-1,3000382000060,3000382000061,-1,30,2.840167,2.5819702,2.840167,12438,54.588215,23.588,15.3104725,48493,6,2,1,-166.66743,-186.29498,82.244095,31.62156,56.081833,0.12691931,0.23923962,-0.02862008,7446227,3,5028,0.021364907,930
3000382000062,52000300005125,3000382000068,3000382000000,52,0.31970343,3000382000063,-1,3000382000061,3000382000062,-1,31,2.6680357,2.4098387,2.5819702,12438,54.64465,23.654434,15.286934,48493,6,2,1,-172.32227,-185.87927,77.49846,34.184013,60.70045,0.1266747,0.23499253,-0.05279648,7446227,3,5125,0.018848574,510
3000382000063,51000300003874,3000382000068,3000382000000,51,0.36234027,3000382000064,-1,3000382000062,3000382000063,-1,44,2.6680357,2.4959044,2.5819702,12393,54.709618,23.716045,15.252211,48932,6,2,1,-183.08101,-174.904,75.466125,31.501152,57.72046,0.5463063,0.50017345,0.55277836,7431183,3,3874,0.029401328,822
3000382000064,50000300003986,3000382000068,3000382000000,50,0.40789944,3000382000065,-1,3000382000063,3000382000064,-1,44,2.4959044,2.3237731,2.3237731,12393,54.761726,23.795786,15.211563,48932,6,2,1,-184.64996,-168.60858,70.575935,29.274889,50.40885,0.6648456,0.6241483,0.7334614,7446238,3,3986,0.03455213,30
3000382000065,49000300003979,3000382000068,3000382000000,49,0.45657724,3000382000066,-1,3000382000064,3000382000065,-1,44,2.4098387,1.8934448,2.3237731,12393,54.842865,23.86783,15.176358,48932,6,2,1,-184.53226,-167.24722,68.82716,28.745077,55.248024,0.61931264,0.5860212,0.65436155,7446239,3,3979,0.04467327,120
3000382000066,48000300004714,3000382000068,3000382000000,48,0.5085914,3000382000067,-1,3000382000065,3000382000066,-1,34,1.8934448,1.2909851,1.549182,12393,54.923164,23.944872,15.140224,48932,6,2,1,-183.86758,-174.80731,75.275406,24.83602,48.848904,0.20237055,0.30773732,0.027691796,7446239,3,4714,0.037142605,453
3000382000067,47000300005142,3000382000068,3000382000000,47,0.5641766,3000382000068,-1,3000382000066,3000382000067,-1,31,1.6352477,1.2909851,1.6352477,12393,54.99466,24.01685,15.090845,48932,6,2,1,-186.80537,-174.78139,76.184364,22.023838,46.127567,0.1545823,0.2560278,-0.13338144,7446489,3,5142,0.03546787,857
3000382000068,46000300006473,3000382000068,3000382000000,46,0.6235901,-1,-1,3000382000067,3000382000068,-1,21,1.3770508,1.2049193,1.3770508,12393,55.093353,24.09524,15.067241,48932,6,2,1,-188.17036,-169.5915,86.98055,20.68404,41.37461,0.17295486,-0.072385594,-0.115535595,7446239,3,6473,0.024791654,538
3000382000069,56000300001483,3000382000116,3000382000000,56,0.17489761,3000382000070,-1,3000382000006,3000382000007,-1,51,0.0,0.0,0.0,12438,54.485706,23.46005,15.510332,48493,6,2,1,-229.65611,-177.52704,-34.49881,51.046906,95.77815,0.06530292,0.110611424,-0.012675163,7446323,3,1483,0.013852451,981
3000382000070,55000300001426,3000382000116,3000382000000,55,0.20754863,3000382000071,-1,3000382000069,3000382000008,3000382000059,59,0.0,0.0,0.0,12438,54.552155,23.504557,15.522076,48493,6,2,1,-244.49654,-153.8026,-24.5633,52.601078,97.30593,0.04528297,0.07613129,-0.026700007,7446357,3,1426,0.013083638,798
3000382000071,54000300001473,3000382000116,3000382000000,54,0.24246909,3000382000072,-1,3000382000070,3000382000009,3000382000060,61,0.0,0.0,0.0,12438,54.62558,23.547611,15.531724,48493,6,2,1,-256.7494,-133.48788,-24.70319,51.08856,89.4169,0.040704664,0.14636782,-0.0044696555,7446298,3,1473,0.015620281,187
3000382000072,53000300001478,3000382000116,3000382000000,53,0.2798018,3000382000073,-1,3000382000071,3000382000010,-1,51,0.0,0.0,0.0,12393,54.720512,23.598963,15.531524,48932,6,2,1,-263.32938,-118.5943,-4.413965,52.33825,89.79616,0.025973719,0.10216472,0.0057535805,7446298,3,1478,0.012997002,745
3000382000073,52000300001480,3000382000116,3000382000000,52,0.31970343,3000382000074,-1,3000382000072,3000382000011,-1,58,0.0,0.0,0.0,12393,54.81409,23.625957,15.531616,48932,6,2,1,-284.60535,-88.493835,35.701237,49.150375,91.08593,0.012164521,0.06439605,0.021117227,7446357,3,1480,0.014351016,319
3000382000074,51000300001460,3000382000116,3000382000000,51,0.36234027,3000382000075,-1,3000382000073,3000382000012,-1,23,0.0,0.0,0.0,12393,54.926956,23.655836,15.513371,48932,6,2,1,-296.88187,-85.88545,94.56467,52.02334,89.77602,0.0819878,0.06700929,-0.011780959,7446336,3,1460,0.0060901195,716
3000382000075,50000300001435,3000382000116,3000382000000,50,0.40789944,3000382000076,-1,3000382000074,3000382000013,-1,36,0.0,0.0,0.0,12393,55.035583,23.69449,15.467653,48932,6,2,1,-273.7618,-145.6075,153.48601,43.26387,85.17132,0.0770823,0.06925397,0.06378651,7446314,3,1435,0.009694752,900
3000382000076,49000300001425,3000382000116,3000382000000,49,0.45657724,3000382000077,-1,3000382000075,3000382000014,-1,71,0.0,0.0,0.0,12393,55.14035,23.774996,15.407504,48932,6,2,1,-239.00389,-194.36911,121.20178,57.1057,101.29548,-0.10662482,0.0997749,-0.16691391,7446318,3,1425,0.01348642,93
3000382000077,48000300001467,3000382000116,3000382000000,48,0.5085914,3000382000078,-1,3000382000076,3000382000015,-1,82,0.0,0.0,0.0,12393,55.23818,23.865482,15.359502,48932,6,2,1,-216.9876,-200.78798,102.4296,54.567543,100.41541,-0.12349799,0.13569477,-0.21298449,7446311,3,1467,0.016968,903
3000382000078,47000300001480,3000382000116,3000382000000,47,0.5641766,3000382000079,-1,3000382000077,3000382000016,-1,103,0.0,0.0,0.0,12393,55.32759,23.948769,15.32671,48932,6,2,1,-206.86292,-193.67152,82.23799,52.320786,95.16538,-0.0934885,-0.06707453,-0.36873874,7446337,3,1480,0.02451107,508
3000382000079,46000300001467,3000382000116,3000382000000,46,0.6235901,3000382000080,-1,3000382000078,3000382000017,-1,111,0.0,0.0,0.0,12393,55.420692,24.04129,15.27579,48932,6,2,1,-197.73032,-190.0754,69.378235,53.51763,98.58279,-0.0794457,0.017680395,-0.35878816,7446337,3,1467,0.026211463,729
3000382000080,45000300002324,3000382000116,3000382000000,45,0.6871088,3000382000081,-1,3000382000079,3000382000080,-1,109,9.983618,8.090173,9.811486,12393,55.4976,24.128096,15.238607,48932,6,2,1,-191.3044,-181.31512,58.532158,46.745403,90.24827,-0.007722645,0.12006212,-0.42228684,7446311,3,2324,0.027400289,703
3000382000081,44000300002286,3000382000116,3000382000000,44,0.75503564,3000382000082,-1,3000382000080,3000382000081,-1,114,9.8975525,8.004107,8.692633,12393,55.586864,24.214355,15.212512,48932,6,2,1,-184.68028,-181.03305,52.82127,52.208206,105.74458,-0.005964409,0.11178513,-0.16980428,7446337,3,2286,0.029899828,816
3000382000082,43000300002288,3000382000116,3000382000000,43,0.8276991,3000382000083,-1,3000382000081,3000382000082,-1,114,9.381158,8.434436,9.122961,12393,55.690006,24.291693,15.202358,48933,6,2,1,-180.18436,-174.01755,49.289577,51.5455,98.63474,-0.087227404,0.26017812,-0.31991348,7446694,3,2288,0.024797123,855
3000382000083,42000300002362,3000382000116,3000382000000,42,0.9054624,3000382000084,-1,3000382000082,3000382000083,-1,105,9.467224,8.692633,9.295093,12393,55.775272,24.372728,15.195615,48933,6,2,1,-178.33633,-170.67168,45.74115,53.462704,94.67869,-0.12874222,0.26364997,-0.17281377,7446320,3,2362,0.02369664,120
3000382000084,41000300002331,3000382000116,3000382000000,41,0.98870814,3000382000085,-1,3000382000083,3000382000084,-1,104,9.983618,8.176239,9.553289,12393,55.875546,24.459223,15.170023,48935,6,2,1,-175.6092,-170.79706,38.01159,52.19612,98.138145,-0.020934979,0.14371398,-0.15423447,7446337,3,2331,0.025296893,671
3000382000085,40000300002048,3000382000116,3000382000000,40,1.0778745,3000382000086,-1,3000382000084,3000382000085,-1,129,10.069683,9.209027,9.725421,12393,55.95226,24.545088,15.137017,48935,6,2,1,-171.45529,-167.30887,33.254337,50.982704,103.572586,-0.23082143,0.09560371,-0.30884796,7446337,3,2048,0.033756375,514
3000382000086,39000300002004,3000382000116,3000382000000,39,1.173417,3000382000087,-1,3000382000085,3000382000086,-1,133,8.520501,7.831976,8.520501,12393,56.027386,24.61906,15.107077,48935,6,2,1,-165.89742,-161.64886,31.040085,52.40565,94.892365,-0.17952965,0.010990449,-0.3364721,7446337,3,2004,0.03544723,861
3000382000087,38000300001948,3000382000116,3000382000000,38,1.2758462,3000382000088,-1,3000382000086,3000382000087,-1,134,10.155749,8.262304,10.155749,12393,56.1224,24.710669,15.085921,48935,6,2,1,-156.71472,-155.65382,27.99974,54.40814,90.213394,-0.16414528,-0.04797448,-0.34139737,7446318,3,1948,0.034727782,604
3000382000088,37000300001917,3000382000116,3000382000000,37,1.3857181,3000382000089,-1,3000382000087,3000382000088,-1,133,11.618866,11.188538,11.618866,12393,56.21037,24.809366,15.080245,48935,6,2,1,-151.98222,-150.57454,28.145462,61.907883,98.66002,-0.07672378,-0.0048216307,-0.2488875,7446314,3,1917,0.027160535,598
3000382000089,36000300001921,3000382000116,3000382000000,36,1.5036365,3000382000090,-1,3000382000088,3000382000089,-1,127,11.102471,10.500011,11.102471,12393,56.32433,24.917738,15.085263,48935,6,2,1,-149.7954,-144.13228,29.520977,70.13131,114.24381,-0.036752135,0.05266085,-0.26024213,7446337,3,1921,0.020803005,542
3000382000090,35000300001970,3000382000106,3000382000000,35,1.6302707,3000382000091,3000382000107,3000382000089,3000382000090,3000382000107,29,9.553289,7.573779,9.639355,12393,56.436436,25.027842,15.081947,48935,6,2,1,-147.99702,-184.96727,10.906037,47.296093,87.24927,0.057805974,0.108745344,-0.07296571,7446265,3,1970,0.008049191,320
3000382000091,34000300001933,3000382000106,3000382000000,34,1.766336,3000382000092,-1,3000382000090,3000382000091,3000382000108,83,4.3893495,4.3032837,4.4754148,12393,56.517868,25.134691,15.081226,48935,6,2,1,-134.67465,-169.98552,21.913002,51.31054,92.189415,-0.28916693,0.19407697,-0.027222142,7446265,3,1933,0.026603915,923
3000382000092,33000300003042,3000382000106,3000382000000,33,1.9126327,3000382000093,-1,3000382000091,3000382000092,-1,56,4.217218,3.9590209,4.217218,12393,56.59497,25.23204,15.087399,48935,6,2,1,-125.47827,-164.7072,5.329419,47.979973,96.665,-0.0058122245,-0.03085999,0.08739833,7446265,3,3042,0.015664265,944
3000382000093,32000300003053,3000382000106,3000382000000,32,2.0700274,3000382000094,-1,3000382000092,3000382000093,-1,53,3.8729553,3.7008238,4.217218,12394,56.656204,25.326834,15.086758,48942,6,2,1,-121.530136,-154.80217,6.824383,48.79878,99.49804,0.014224453,-0.079414956,0.06279747,7446311,3,3053,0.013288716,370
3000382000094,31000300002750,3000382000106,3000382000000,31,2.2394855,3000382000095,-1,3000382000093,3000382000094,-1,58,4.0450864,4.0450864,4.131152,12397,56.710674,25.431595,15.089719,48956,6,2,1,-118.79455,-148.50218,9.334358,48.753025,87.565094,-0.0027143997,-0.029994914,0.075094745,7446268,3,2750,0.014839828,322
3000382000095,30000300002637,3000382000106,3000382000000,30,2.422044,3000382000096,-1,3000382000094,3000382000095,-1,58,4.3032837,4.131152,4.3032837,12397,56.789135,25.52074,15.083175,48956,6,2,1,-113.351715,-141.44264,10.533712,50.409016,91.011665,-0.04636458,-0.04704307,0.1012641,7446320,3,2637,0.015764602,86
3000382000096,29000300003042,3000382000106,3000382000000,29,2.6188614,3000382000097,-1,3000382000095,3000382000096,-1,46,3.8729553,3.8729553,4.0450864,12397,56.844757,25.585331,15.053549,48956,6,2,1,-109.2365,-138.3549,13.859019,60.395702,101.841446,-0.066249,-0.04277056,0.05912806,7446337,3,3042,0.008844607,286
3000382000097,28000300003058,3000382000106,3000382000000,28,2.8311827,3000382000098,-1,3000382000096,3000382000097,-1,43,3.442627,3.442627,3.6147583,12397,56.900974,25.643745,15.049628,48956,6,2,1,-104.1811,-128.91414,14.400008,54.838074,99.440994,-0.04527988,-0.0196829,-0.026181668,7446311,3,3058,0.0088894805,692
3000382000098,27000300003101,3000382000106,3000382000000,27,3.060419,3000382000099,-1,3000382000097,3000382000098,-1,39,2.9262328,2.9262328,3.098364,12397,56.947758,25.710562,15.032399,48956,6,2,1,-97.603516,-125.21994,12.695779,53.482143,96.538,4.1821972E-4,-0.054098967,0.03812406,7446267,3,3101,0.008284076,706
3000382000099,26000300003017,3000382000106,3000382000000,26,3.3080978,3000382000100,-1,3000382000098,3000382000099,-1,37,2.4959044,2.4959044,2.4959044,12397,56.99665,25.75659,15.016167,48956,6,2,1,-85.04629,-115.79004,9.537553,45.44805,83.40563,0.02552754,0.0046665794,0.010927681,7446331,3,3017,0.011648224,830
3000382000100,25000300003317,3000382000106,3000382000000,25,3.575905,3000382000101,-1,3000382000099,3000382000100,-1,31,1.8934448,1.8934448,2.2377074,12397,57.03532,25.81699,15.009257,48956,6,2,1,-77.766525,-111.30612,13.588684,41.695847,77.3587,-0.04420596,0.03320541,-0.051012263,7446331,3,3317,0.011247968,190
3000382000101,24000300002983,3000382000106,3000382000000,24,3.8656828,3000382000102,-1,3000382000100,3000382000101,-1,31,1.6352477,1.6352477,1.6352477,12397,57.072826,25.876448,14.991327,48956,6,2,1,-76.34723,-108.23884,13.061753,49.0828,97.7166,-0.07367954,0.0333485,0.002268911,7446321,3,2983,0.01098514,274
3000382000102,23000300003003,3000382000106,3000382000000,23,4.1794686,3000382000103,-1,3000382000101,3000382000102,-1,27,2.065576,1.9795104,2.1516418,12397,57.1192,25.942936,14.998761,48956,6,2,1,-74.64,-100.8963,19.357368,45.710026,86.42573,-0.08475288,0.037656333,-0.0698147,7446321,3,3003,0.007610482,895
3000382000103,22000300002174,3000382000106,3000382000000,22,4.5195556,3000382000104,-1,3000382000102,3000382000103,-1,32,2.1516418,2.065576,2.1516418,12397,57.15791,26.003172,14.981327,48956,6,2,1,-68.45521,-95.34298,13.156127,50.47902,93.08143,-0.07784449,0.06694057,-0.069255844,7446313,3,2174,0.008991683,88
3000382000104,21000300002161,3000382000106,3000382000000,21,4.888449,3000382000105,-1,3000382000103,3000382000104,-1,27,1.8073791,1.8073791,1.9795104,12397,57.223766,26.074594,14.988476,48956,6,2,1,-67.34114,-96.199646,7.500706,58.818176,92.12639,-0.046092417,0.056959547,-0.032418743,7446694,3,2161,0.0061643063,989
3000382000105,20000300002067,3000382000106,3000382000000,20,5.2888336,3000382000106,-1,3000382000104,3000382000105,-1,24,1.2049193,1.2049193,1.4631164,12397,57.26418,26.125086,15.008086,48956,6,2,1,-62.678364,-96.67886,3.6057734,47.422493,83.58359,-0.010094094,-0.014251648,0.03894408,7446694,3,2067,0.0069279377,870
3000382000106,19000300001743,3000382000106,3000382000000,19,5.7238646,-1,-1,3000382000105,3000382000106,-1,23,1.1188537,1.1188537,1.1188537,12397,57.29208,26.193268,15.024088,48956,6,2,1,-59.568752,-93.94354,5.845426,44.24179,77.33653,-0.043323554,0.0055770543,0.018050298,7446694,3,1743,0.007426458,496
3000382000107,35000300001969,3000382000116,3000382000000,35,1.6302707,3000382000108,-1,3000382000089,3000382000090,-1,79,0.0,0.0,0.0,12393,56.37079,24.964289,15.043409,48935,6,2,1,-136.71573,-126.68558,33.39266,56.247425,83.917274,-0.3113009,0.0016288309,-0.098571785,7446356,3,1969,0.022448057,117
3000382000108,34000300001934,3000382000116,3000382000000,34,1.766336,3000382000109,-1,3000382000107,3000382000091,-1,24,0.0,0.0,0.0,12393,56.47327,25.007296,15.038719,48935,6,2,1,-135.57303,-77.388756,36.70965,33.983746,63.084663,-0.13147324,0.09220693,0.049070988,7446393,3,1934,0.015858063,402
3000382000109,33000300003091,3000382000116,3000382000000,33,1.9126327,3000382000110,-1,3000382000108,3000382000109,-1,54,3.2704954,3.098364,3.2704954,12393,56.533375,25.039875,15.006786,48935,6,2,1,-143.17041,-100.208244,45.326057,45.99598,71.97757,-0.08721318,-0.38842797,-0.2236602,7446390,3,3091,0.021726063,416
3000382000110,32000300004399,3000382000116,3000382000000,32,2.0700274,3000382000111,-1,3000382000109,3000382000110,-1,32,2.4959044,2.4959044,2.4959044,12393,56.615574,25.112616,14.977503,48935,6,2,1,-132.36945,-86.255035,35.21488,42.62296,75.77793,-0.092734054,-0.06986149,0.007756371,7446393,3,4399,0.016067196,69
3000382000111,31000300004352,3000382000116,3000382000000,31,2.2394855,3000382000112,-1,3000382000110,3000382000111,-1,32,2.1516418,1.8934448,2.2377074,12394,56.705772,25.152033,14.964913,48942,6,2,1,-128.3156,-87.63105,34.36545,36.32515,65.25718,-0.092151225,-0.112373084,0.044056248,7446363,3,4352,0.016165346,719
3000382000112,30000300004933,3000382000116,3000382000000,30,2.422044,3000382000113,-1,3000382000111,3000382000112,-1,26,1.7213135,1.7213135,1.8073791,12394,56.77554,25.19467,14.950412,48942,6,2,1,-120.6711,-87.71961,30.017979,35.923225,62.54885,-0.07673059,-0.1755526,0.0073245508,7446362,3,4933,0.014837264,453
3000382000113,29000300005392,3000382000116,3000382000000,29,2.6188614,3000382000114,-1,3000382000112,3000382000113,-1,22,1.3770508,1.3770508,1.4631164,12394,56.811382,25.238396,14.930657,48942,6,2,1,-117.00609,-91.16148,21.778774,35.66639,64.90482,0.023521293,-0.19750652,0.040430553,7446362,3,5392,0.010898406,942
3000382000114,28000300005188,3000382000116,3000382000000,28,2.8311827,3000382000115,-1,3000382000113,3000382000114,-1,22,1.1188537,1.1188537,1.1188537,12394,56.870712,25.277765,14.923235,48942,6,2,1,-111.85682,-85.79993,19.343239,35.293583,61.998257,-0.023360547,-0.104139455,0.009697046,7446363,3,5188,0.014305911,320
3000382000115,27000300005097,3000382000116,3000382000000,27,3.060419,3000382000116,-1,3000382000114,3000382000115,-1,21,1.032788,1.032788,1.032788,12394,56.919407,25.338432,14.898763,48942,6,2,1,-109.84686,-86.91781,17.023245,32.161823,60.53316,0.0071479147,-0.14605138,0.062835634,7446362,3,5097,0.013196799,288
3000382000116,26000300004860,3000382000116,3000382000000,26,3.3080978,-1,-1,3000382000115,3000382000116,-1,21,0.0,0.0,0.0,12397,56.974075,25.413652,14.905803,48956,6,2,1,-111.049675,-77.48225,20.732225,31.302687,58.958527,0.09449831,-0.2804261,0.098872796,7446395,3,4860,0.015729357,263