haloID,subHaloID,lastProgenitorId,treeId,snapNum,redshift,firstProgenitorId,nextProgenitorId,descendantId,firstHaloInFOFgroupId,nextHaloInFOFgroupId,np,m_Mean200,m_Crit200,m_TopHat,phKey,x,y,z,zIndex,ix,iy,iz,velX,velY,velZ,velDisp,vMax,spinX,spinY,spinZ,mostBoundID,fileNr,subhaloIndex,halfmassRadius,random
3000203000000,63000300001140,3000203000148,3000203000000,63,0.0,3000203000001,-1,-1,3000203000000,-1,1376,132.88539,102.93454,117.479645,13555,41.751682,12.734834,12.040939,36746,4,1,1,311.9905,461.21628,467.82584,105.21609,193.00864,2.056503,-1.1059188,1.4294795,8237801,3,1140,0.071423166,601
3000203000001,62000300001175,3000203000148,3000203000000,62,0.019932542,3000203000002,-1,3000203000000,3000203000001,-1,1337,133.4018,103.450935,117.65177,13555,41.687695,12.647964,11.943047,36744,4,1,1,307.64224,457.56885,465.51126,107.75773,194.53464,2.161763,-0.97020483,1.4774832,8059684,3,1175,0.067821346,732
3000203000002,61000300001189,3000203000148,3000203000000,61,0.041403063,3000203000003,-1,3000203000001,3000203000002,-1,1360,134.09032,101.557495,117.90997,13555,41.623722,12.551258,11.847103,36744,4,1,1,299.96832,452.52554,459.95462,107.59775,195.77286,1.9357642,-0.8875366,1.3084812,8059684,3,1189,0.07059431,620
3000203000003,60000300001186,3000203000148,3000203000000,60,0.064493395,3000203000004,-1,3000203000002,3000203000003,-1,1368,133.1436,102.676346,118.598495,13555,41.554943,12.453205,11.74929,36744,4,1,1,292.895,449.22388,456.3479,105.533485,191.32503,1.6940548,-0.7012931,1.297752,8059684,3,1186,0.07170822,631
3000203000004,59000300001191,3000203000148,3000203000000,59,0.08928783,3000203000005,-1,3000203000003,3000203000004,-1,1375,133.4018,101.90176,120.147675,13548,41.487556,12.348983,11.640656,36524,4,1,1,283.54495,443.76898,452.78403,102.40613,187.60695,1.9051868,-0.93739486,1.4951411,8237801,3,1191,0.072816655,955
3000203000005,58000300001175,3000203000148,3000203000000,58,0.11588337,3000203000006,-1,3000203000004,3000203000005,-1,1368,133.4018,101.90176,120.061615,13548,41.41442,12.237697,11.526288,36524,4,1,1,269.16788,432.38113,444.1427,102.69427,190.33476,1.7672948,-0.98908293,1.5324597,8237801,3,1175,0.07780211,589
3000203000006,57000300001125,3000203000148,3000203000000,57,0.14438343,3000203000007,-1,3000203000005,3000203000006,-1,1361,131.76654,103.70914,120.578,13548,41.341812,12.120577,11.40123,36524,4,1,1,261.1082,430.96988,442.17087,101.74684,187.72499,1.5710171,-1.0011147,1.6040686,8237801,3,1125,0.07776646,332
3000203000007,56000300001133,3000203000148,3000203000000,56,0.17489761,3000203000008,-1,3000203000006,3000203000007,-1,1401,131.68048,102.84848,121.0944,13548,41.266567,11.998913,11.272425,36524,4,1,1,254.10284,428.67105,439.6298,102.016464,184.83673,1.4688476,-1.067874,1.3354386,8059732,3,1133,0.07966156,910
3000203000008,55000300001069,3000203000108,3000203000000,55,0.20754863,3000203000009,3000203000109,3000203000007,3000203000008,3000203000109,1365,133.57393,104.39766,122.29932,13548,41.192917,11.874575,11.143485,36524,4,1,1,239.16986,422.14886,430.63333,103.12349,184.85918,1.4538566,-1.070883,1.494443,8059709,3,1069,0.07499815,601
3000203000009,54000300001082,3000203000108,3000203000000,54,0.24246909,3000203000010,-1,3000203000008,3000203000009,3000203000110,1369,132.6272,110.50832,124.1067,13548,41.115276,11.73462,11.007703,36524,4,1,1,229.62952,424.07416,433.10846,106.71959,188.8949,1.6037035,-1.1268094,1.5177075,8059732,3,1082,0.07201996,858
3000203000010,53000300001068,3000203000108,3000203000000,53,0.2798018,3000203000011,-1,3000203000009,3000203000010,3000203000159,1331,131.42229,112.83209,124.70916,13539,41.032635,11.597207,10.865402,36414,4,1,1,214.88998,420.70224,427.82343,115.142494,205.03522,1.9166522,-1.4198005,1.6470371,8059644,3,1068,0.07203736,660
3000203000011,52000300001066,3000203000107,3000203000000,52,0.31970343,3000203000012,3000203000108,3000203000010,3000203000011,3000203000108,1272,135.12311,112.315704,127.46326,13540,40.980255,11.47881,10.718249,36403,4,1,1,201.57753,405.08136,422.53967,115.0167,180.83076,1.9452121,-1.5088948,1.5748407,8059628,3,1066,0.073647454,479
3000203000012,51000300001054,3000203000050,3000203000000,51,0.36234027,3000203000013,3000203000051,3000203000011,3000203000012,3000203000051,1069,128.23785,110.93865,118.94276,13540,40.86979,11.267224,10.581831,36403,4,1,1,189.30815,405.19458,414.69592,112.993225,167.06737,2.1040974,-1.4291621,1.0594962,8059086,3,1054,0.07513304,328
3000203000013,50000300001025,3000203000050,3000203000000,50,0.40789944,3000203000014,-1,3000203000012,3000203000013,3000203000052,1090,127.893585,110.76652,122.90178,13540,40.81934,11.136306,10.423598,36403,4,1,1,167.23578,394.264,418.11917,128.26434,191.05069,2.2091315,-1.312875,1.201646,8052361,3,1025,0.055832412,417
3000203000014,49000300000993,3000203000050,3000203000000,49,0.45657724,3000203000015,-1,3000203000013,3000203000014,3000203000053,910,123.8485,101.98782,116.70505,13540,40.792145,11.000239,10.22944,36403,4,1,1,140.3505,401.83545,449.73514,116.190765,177.40746,2.0337853,-1.0040699,1.1083908,8059016,3,993,0.05601588,261
3000203000015,48000300001018,3000203000050,3000203000000,48,0.5085914,3000203000016,-1,3000203000014,3000203000015,3000203000054,762,111.79931,90.97141,104.65585,13540,40.74507,10.824495,9.996774,36403,4,1,1,141.83734,418.84982,462.92615,98.04776,172.66689,1.4642538,-0.8011053,1.038489,8052378,3,1018,0.059430785,209
3000203000016,47000300001016,3000203000050,3000203000000,47,0.5641766,3000203000017,-1,3000203000015,3000203000016,3000203000055,336,98.37306,52.155796,89.766495,13540,40.687447,10.632967,9.781623,36401,4,1,1,143.58055,447.41614,478.96066,93.35209,165.15137,0.35371083,0.19529244,0.097224206,8237845,3,1016,0.024147574,285
3000203000017,46000300000983,3000203000050,3000203000000,46,0.6235901,3000203000018,-1,3000203000016,3000203000017,3000203000056,596,57.836132,46.819725,54.04924,13543,40.62709,10.429287,9.584807,36373,4,1,1,143.09714,436.01862,436.10693,88.24594,166.47194,0.34331658,-0.41671357,0.45007768,8244565,3,983,0.04416168,52
3000203000018,45000300000986,3000203000050,3000203000000,45,0.6871088,3000203000019,-1,3000203000017,3000203000018,3000203000057,588,52.327927,46.647594,50.434483,13543,40.564156,10.218206,9.387674,36373,4,1,1,147.70963,435.9652,416.8601,91.14228,171.52058,0.6397317,-0.11401242,0.4211207,8244538,3,986,0.043356407,502
3000203000019,44000300000995,3000203000050,3000203000000,44,0.75503564,3000203000020,-1,3000203000018,3000203000019,-1,1076,52.67219,45.52874,51.29514,13543,40.49185,10.016276,9.189198,36373,4,1,1,116.320694,380.79764,377.80093,96.33145,168.76735,3.266776,-2.1618845,1.9770287,8059060,3,995,0.10688281,520
3000203000020,43000300000995,3000203000050,3000203000000,43,0.8276991,3000203000021,-1,3000203000019,3000203000020,3000203000058,514,51.381207,46.733658,50.434483,13543,40.419407,9.80101,8.989818,36373,4,1,1,142.16542,425.54932,376.6079,93.355064,174.10837,0.41763827,0.13392387,-0.053155825,8244528,3,995,0.03565959,292
3000203000021,42000300001211,3000203000050,3000203000000,42,0.9054624,3000203000022,-1,3000203000020,3000203000021,-1,511,48.45497,43.807426,47.68038,13542,40.35003,9.587209,8.805416,36359,4,1,0,139.0303,425.44806,364.0409,92.49159,167.91862,0.14711037,0.41048834,-0.24737783,8059016,3,1211,0.033694763,9
3000203000022,41000300001193,3000203000050,3000203000000,41,0.98870814,3000203000023,-1,3000203000021,3000203000022,-1,477,45.614807,42.17218,45.18448,13542,40.268272,9.374818,8.629801,36355,4,1,0,138.34706,415.88675,345.2789,94.614204,167.92946,0.17144209,0.32746416,-0.052112263,8237864,3,1193,0.03275766,937
3000203000023,40000300001153,3000203000050,3000203000000,40,1.0778745,3000203000024,-1,3000203000022,3000203000023,-1,480,43.377098,40.53693,43.377098,13542,40.20589,9.139955,8.455271,36355,4,1,0,134.84355,407.64496,327.5951,92.62385,171.29723,0.2850479,0.35882145,0.00949304,8052383,3,1153,0.032632336,312
3000203000024,39000300001128,3000203000050,3000203000000,39,1.173417,3000203000025,-1,3000203000023,3000203000024,-1,465,42.60251,39.676273,42.51644,13542,40.129696,8.927131,8.273306,36355,4,0,0,129.46547,402.13965,311.8586,88.6157,165.87805,0.3446397,0.3538692,0.12438544,8244528,3,1128,0.033354945,167
3000203000025,38000300001135,3000203000050,3000203000000,38,1.2758462,3000203000026,-1,3000203000024,3000203000025,-1,406,40.1066,36.750042,40.1066,13542,40.06496,8.715792,8.107706,36353,4,0,0,125.81087,386.40686,295.93918,94.95521,167.28273,0.3090341,0.48183954,0.18405093,8059070,3,1135,0.02764009,658
3000203000026,37000300001094,3000203000050,3000203000000,37,1.3857181,3000203000027,-1,3000203000025,3000203000026,-1,416,36.233646,35.114796,36.663975,13542,39.99526,8.513583,7.929406,36352,4,0,0,122.62322,379.48273,282.70917,95.98443,169.88795,0.2777297,0.3926325,0.053524323,8244491,3,1094,0.027274823,816
3000203000027,36000300001075,3000203000050,3000203000000,36,1.5036365,3000203000028,-1,3000203000026,3000203000027,-1,403,35.717255,33.393482,35.803318,13353,39.91499,8.299914,7.791069,34596,4,0,0,118.17109,371.78003,272.40057,97.40915,173.55501,0.24436906,0.3483457,-0.15730098,8237834,3,1075,0.025539676,989
3000203000028,35000300001058,3000203000050,3000203000000,35,1.6302707,3000203000029,-1,3000203000027,3000203000028,-1,387,33.737743,32.704956,33.99594,13353,39.84962,8.089838,7.6380167,34596,4,0,0,113.646286,358.24945,259.95,87.363304,159.42662,0.33922914,0.3385902,-0.05429766,8059060,3,1058,0.029220289,76
3000203000029,34000300001046,3000203000050,3000203000000,34,1.766336,3000203000030,-1,3000203000028,3000203000029,-1,353,31.930365,30.725445,31.930365,13353,39.79016,7.8935905,7.5028706,34596,4,0,0,107.38031,353.69635,250.16583,89.914795,161.36739,0.28946364,0.2748564,-0.05574763,8059139,3,1046,0.025617044,329
3000203000030,33000300000973,3000203000050,3000203000000,33,1.9126327,3000203000031,-1,3000203000029,3000203000030,-1,372,29.60659,28.918066,29.950853,13414,39.731266,7.6957717,7.365516,33718,4,0,0,101.37518,342.44427,239.92242,93.52786,164.88237,0.35136664,0.29538393,-0.015604696,8244540,3,973,0.025512936,319
3000203000031,32000300000908,3000203000050,3000203000000,32,2.0700274,3000203000032,-1,3000203000030,3000203000031,-1,347,29.26233,28.22954,29.520525,13414,39.670425,7.5090604,7.2242775,33718,4,0,0,97.68156,334.04343,231.74934,95.20325,170.52148,0.38605773,0.1769571,-0.014225276,8244561,3,908,0.02227885,627
3000203000032,31000300000842,3000203000050,3000203000000,31,2.2394855,3000203000033,-1,3000203000031,3000203000032,-1,352,29.778723,28.918066,30.036919,13414,39.619587,7.3079953,7.1006513,33718,4,0,0,88.96781,322.9235,223.03067,95.3957,167.79852,0.4920217,0.36851043,0.09399191,8244423,3,842,0.025149548,66
3000203000033,30000300000755,3000203000050,3000203000000,30,2.422044,3000203000034,-1,3000203000032,3000203000033,-1,349,29.778723,29.26233,30.983643,13414,39.574165,7.1063657,6.9661,33718,4,0,0,87.35049,314.90973,214.7851,97.90007,165.10791,0.5234498,0.39401838,0.10990584,8237876,3,755,0.024094608,793
3000203000034,29000300000652,3000203000050,3000203000000,29,2.6188614,3000203000035,-1,3000203000033,3000203000034,-1,355,28.659868,28.143475,29.43446,13414,39.527035,6.934064,6.857882,33718,4,0,0,79.176796,312.8526,211.7888,100.173996,168.81828,0.5463123,0.4775659,0.034337148,8244501,3,652,0.024030298,619
3000203000035,28000300000578,3000203000050,3000203000000,28,2.8311827,3000203000036,-1,3000203000034,3000203000035,-1,331,28.143475,27.62708,28.832,13414,39.47356,6.7611566,6.729906,33712,4,0,0,72.844696,305.59415,195.52151,103.188675,173.35986,0.27533415,0.2689039,-0.050359424,8244423,3,578,0.021133019,230
3000203000036,27000300000497,3000203000050,3000203000000,27,3.060419,3000203000037,-1,3000203000035,3000203000036,-1,337,28.315605,27.799212,29.176262,13414,39.413708,6.579349,6.6071315,33712,4,0,0,72.8433,294.1064,189.79594,105.70031,173.12952,0.37072417,0.22753651,-0.034706887,8244489,3,497,0.022853836,9
3000203000037,26000300000486,3000203000050,3000203000000,26,3.3080978,3000203000038,-1,3000203000036,3000203000037,-1,297,26.25003,25.991833,26.594292,13414,39.413845,6.4377074,6.5017123,33712,4,0,0,63.069675,279.37405,174.8722,108.17431,174.48251,0.23297188,0.15240726,-0.009306641,8237867,3,486,0.019993747,443
3000203000038,25000300000442,3000203000050,3000203000000,25,3.575905,3000203000039,-1,3000203000037,3000203000038,-1,268,20.139366,19.967236,21.08609,13414,39.407116,6.3001733,6.4216075,33712,4,0,0,61.744843,260.79398,161.13861,104.4594,163.69403,0.32914856,0.26523614,0.18337606,8244501,3,442,0.020217774,849
3000203000039,24000300000466,3000203000050,3000203000000,24,3.8656828,3000203000040,-1,3000203000038,3000203000039,-1,218,17.901659,17.729528,18.67625,13414,39.345654,6.133367,6.326881,33712,4,0,0,54.17881,240.82597,154.44736,100.76068,161.99573,0.3589695,0.31629103,0.38471067,8052382,3,466,0.016512949,531
3000203000040,23000300000401,3000203000047,3000203000000,23,4.1794686,3000203000041,3000203000048,3000203000039,3000203000040,-1,178,13.856573,13.684442,14.286901,13414,39.284664,5.9946427,6.290114,33712,4,0,0,74.40066,240.09473,141.64734,94.62249,151.84686,0.16115783,0.10581292,-0.0052812905,8244488,3,401,0.015376698,159
3000203000041,22000300000432,3000203000047,3000203000000,22,4.5195556,3000203000042,-1,3000203000040,3000203000041,-1,143,11.016406,10.672143,11.618866,13414,39.23828,5.876921,6.192079,33712,4,0,0,78.653336,228.56517,136.56819,91.60821,150.5033,0.079156406,-0.014606129,-0.11163553,8244562,3,432,0.01309535,954
3000203000042,21000300000357,3000203000047,3000203000000,21,4.888449,3000203000043,-1,3000203000041,3000203000042,-1,129,9.553289,9.553289,9.553289,13415,39.216698,5.749157,6.1106677,33698,4,0,0,74.852585,222.48875,133.68651,86.44105,149.06847,0.14158772,-0.07269191,-0.09361725,8244492,3,357,0.012109568,292
3000203000043,20000300000414,3000203000047,3000203000000,20,5.2888336,3000203000044,-1,3000203000042,3000203000043,-1,88,7.057385,7.057385,7.1434507,13415,39.212517,5.648707,6.0112867,33698,4,0,0,60.380703,193.14482,144.20512,89.03958,143.37094,0.15748835,0.11547495,0.0660385,8244492,3,414,0.008569579,975
3000203000044,19000300000375,3000203000047,3000203000000,19,5.7238646,3000203000045,-1,3000203000043,3000203000044,-1,73,5.4221373,5.4221373,5.680334,13415,39.18853,5.55658,5.957181,33698,4,0,0,51.02095,188.249,136.87115,81.27182,137.9251,0.08553537,0.109406315,0.06598774,8244493,3,375,0.007938344,407
3000203000045,18000300000481,3000203000047,3000203000000,18,6.1968336,3000203000046,-1,3000203000044,3000203000045,-1,48,3.5286925,3.5286925,3.5286925,13415,39.12373,5.4895988,5.9107003,33698,4,0,0,71.61116,173.66539,119.17703,73.30434,122.32044,0.07194977,0.091564186,-0.019989204,8244458,3,481,0.007613853,97
3000203000046,17000300000552,3000203000047,3000203000000,17,6.7115865,3000203000047,-1,3000203000045,3000203000046,-1,34,1.549182,1.549182,1.6352477,13727,39.058918,5.4045415,5.84513,33231,4,0,0,78.7343,160.50066,111.70957,56.71664,96.342384,0.042256396,0.0667819,0.10514658,8244488,3,552,0.008022194,855
3000203000047,16000300000752,3000203000047,3000203000000,16,7.272188,-1,-1,3000203000046,3000203000047,-1,20,1.2049193,1.2049193,1.2909851,13727,38.97436,5.3338785,5.8144045,33231,4,0,0,87.832535,143.0372,118.65117,47.771984,88.78526,-0.002490981,-0.01720502,0.0583687,8244530,3,752,0.005652836,380
3000203000048,23000300003678,3000203000049,3000203000000,23,4.1794686,3000203000049,3000203000050,3000203000039,3000203000048,-1,20,0.0,0.0,0.0,13414,39.427227,6.160264,6.116933,33712,4,0,0,-60.00179,223.045,227.84402,35.677647,60.73256,-0.09302447,-0.087353624,-0.10254082,8052370,3,3678,0.014521738,101
3000203000049,22000300002968,3000203000049,3000203000000,22,4.5195556,-1,-1,3000203000048,3000203000049,-1,21,0.516394,0.516394,0.516394,13414,39.35264,6.031811,6.02769,33712,4,0,0,-42.676403,245.64507,219.52182,35.79692,55.07998,-0.22518894,0.016368022,-0.04531254,8052370,3,2968,0.01817094,416
3000203000050,23000300003551,3000203000050,3000203000000,23,4.1794686,-1,-1,3000203000039,3000203000050,-1,21,0.774591,0.774591,0.86065674,13414,39.19998,5.9753046,6.0825596,33712,4,0,0,22.924246,349.3087,237.31488,35.04086,58.658913,-0.09455532,-0.0039959666,-0.030893927,8059071,3,3551,0.012505591,985
3000203000051,51000300001055,3000203000107,3000203000000,51,0.36234027,3000203000052,-1,3000203000011,3000203000012,3000203000112,153,0.0,0.0,0.0,13540,40.932003,11.324489,10.53583,36403,4,1,1,169.4309,456.7786,469.9548,85.705154,143.56342,0.080137275,0.029734896,0.0462504,8059694,3,1055,0.015995972,461
3000203000052,50000300001026,3000203000107,3000203000000,50,0.40789944,3000203000053,-1,3000203000051,3000203000013,3000203000113,88,0.0,0.0,0.0,13540,40.85515,11.13924,10.362492,36403,4,1,1,228.6396,513.3873,414.68915,78.41195,129.46219,0.08924105,0.039257072,0.018118622,8059388,3,1026,0.011532659,454
3000203000053,49000300000994,3000203000107,3000203000000,49,0.45657724,3000203000054,-1,3000203000052,3000203000014,3000203000114,151,0.0,0.0,0.0,13540,40.752827,10.946015,10.230937,36403,4,1,1,235.67145,405.71866,283.42654,94.65648,160.67474,0.03972219,0.092256054,-0.0534998,8059694,3,994,0.01244928,467
3000203000054,48000300001019,3000203000107,3000203000000,48,0.5085914,3000203000055,-1,3000203000053,3000203000015,3000203000115,262,0.0,0.0,0.0,13540,40.66311,10.802859,10.108233,36403,4,1,1,173.05186,353.09616,309.68893,86.94013,149.89436,0.07525852,0.052167635,0.0032521728,8059709,3,1019,0.023918224,898
3000203000055,47000300001015,3000203000107,3000203000000,47,0.5641766,3000203000056,-1,3000203000054,3000203000016,3000203000165,689,0.0,0.0,0.0,13540,40.59901,10.639085,9.961772,36401,4,1,1,140.29076,353.85104,365.1224,89.0982,159.04446,0.8729334,-0.053639516,0.6526242,8059709,3,1015,0.058884505,718
3000203000056,46000300000984,3000203000107,3000203000000,46,0.6235901,3000203000057,-1,3000203000055,3000203000017,3000203000117,405,0.0,0.0,0.0,13540,40.547962,10.483512,9.805101,36401,4,1,1,116.28337,330.6423,349.97244,85.19056,151.75974,0.011731389,0.4301848,-0.08902327,8059667,3,984,0.03470961,693
3000203000057,45000300000987,3000203000107,3000203000000,45,0.6871088,3000203000058,-1,3000203000056,3000203000018,-1,387,0.0,0.0,0.0,13543,40.49508,10.337505,9.647463,36373,4,1,1,99.50269,329.31848,361.9944,88.38198,155.84685,-0.053871047,0.4340715,-0.1634717,8059694,3,987,0.030260272,993
3000203000058,43000300000996,3000203000107,3000203000000,43,0.8276991,3000203000059,-1,3000203000057,3000203000020,-1,463,0.0,0.0,0.0,13543,40.417004,10.029685,9.309092,36373,4,1,1,73.5664,325.36627,351.65454,85.18995,154.47523,-0.08123842,0.45562008,-0.30664003,8059694,3,996,0.040014055,254
3000203000059,42000300001158,3000203000107,3000203000000,42,0.9054624,3000203000060,-1,3000203000058,3000203000059,3000203000121,503,44.323822,38.815617,43.635296,13543,40.378895,9.8630085,9.137551,36373,4,1,1,68.1559,333.89935,350.4409,87.143295,156.95781,-0.09235058,0.20024268,-0.20210919,8059656,3,1158,0.039093986,184
3000203000060,41000300001084,3000203000107,3000203000000,41,0.98870814,3000203000061,-1,3000203000059,3000203000060,3000203000122,511,44.065624,38.815617,43.463165,13542,40.34778,9.694194,8.96199,36359,4,1,1,58.308144,334.41956,340.91846,87.988396,162.16074,-0.025896525,0.6452942,-0.043495793,8059694,3,1084,0.041187286,526
3000203000061,40000300001073,3000203000107,3000203000000,40,1.0778745,3000203000062,-1,3000203000060,3000203000061,3000203000123,451,41.483654,37.18037,41.311523,13542,40.3272,9.517646,8.79046,36359,4,1,0,55.83724,335.48862,329.72943,87.44305,155.1152,-0.20300238,0.6520577,-0.038975988,8059694,3,1073,0.03830771,726
3000203000062,39000300001104,3000203000107,3000203000000,39,1.173417,3000203000063,-1,3000203000061,3000203000062,-1,482,39.848404,36.233646,39.418076,13542,40.31578,9.333471,8.614105,36355,4,1,0,39.53976,335.99265,319.55914,89.24888,153.7729,0.17437969,0.35381293,-0.08242545,8059577,3,1104,0.042276446,809
3000203000063,38000300001094,3000203000107,3000203000000,38,1.2758462,3000203000064,-1,3000203000062,3000203000063,-1,413,39.073814,36.061516,39.073814,13542,40.283764,9.16448,8.446576,36355,4,1,0,36.853,324.595,300.8206,91.646935,159.72806,0.053361893,0.46817008,-0.19371954,8059687,3,1094,0.03243718,10
3000203000064,37000300001033,3000203000107,3000203000000,37,1.3857181,3000203000065,-1,3000203000063,3000203000064,-1,450,37.95496,34.684467,38.041027,13542,40.251976,8.990015,8.285471,36355,4,1,0,24.928003,335.00192,283.60632,88.63895,155.48521,0.33041638,0.8610243,-0.23901422,8059652,3,1033,0.038753532,573
3000203000065,36000300001026,3000203000107,3000203000000,36,1.5036365,3000203000066,-1,3000203000064,3000203000065,-1,405,35.803318,33.135284,36.491844,13542,40.214222,8.809956,8.140062,36355,4,0,0,17.085024,332.94208,272.99594,84.475365,151.46095,0.55715466,0.5753584,-0.25253773,8059652,3,1026,0.034295272,861
3000203000066,35000300000796,3000203000107,3000203000000,35,1.6302707,3000203000067,-1,3000203000065,3000203000066,3000203000128,502,37.43857,34.5984,37.696762,13542,40.208336,8.620753,7.990387,36353,4,0,0,7.173888,342.0104,247.33682,90.82506,159.30049,0.390738,0.6133024,-0.14096689,8059641,3,796,0.043575343,86
3000203000067,34000300000764,3000203000107,3000203000000,34,1.766336,3000203000068,-1,3000203000066,3000203000067,3000203000129,526,41.13939,38.041027,41.569717,13542,40.210815,8.434702,7.839824,36353,4,0,0,-3.4874108,352.06976,235.00963,98.51502,160.70976,0.33548644,0.5975175,-0.14642575,8059641,3,764,0.043602902,64
3000203000068,33000300000745,3000203000107,3000203000000,33,1.9126327,3000203000069,-1,3000203000067,3000203000068,3000203000130,515,38.815617,37.00824,39.073814,13353,40.22757,8.2144575,7.6924567,34597,4,0,0,-25.17669,363.65298,241.3771,115.566124,179.4682,0.16139837,0.25109214,0.10072794,8059710,3,745,0.030206762,542
3000203000069,32000300000678,3000203000107,3000203000000,32,2.0700274,3000203000070,-1,3000203000068,3000203000069,3000203000131,449,39.332012,37.18037,40.3648,13353,40.28862,7.993442,7.5313096,34597,4,0,0,-42.717087,381.8854,238.22845,108.25343,171.2732,6.118385E-4,0.2919284,-0.012944777,8059683,3,678,0.03352304,542
3000203000070,31000300000656,3000203000092,3000203000000,31,2.2394855,3000203000071,3000203000093,3000203000069,3000203000070,3000203000132,311,24.959045,23.409863,27.541016,13414,40.35728,7.763539,7.369542,33719,4,0,0,-93.657394,396.67236,244.01569,86.56824,142.96068,0.09201225,-0.19383417,0.006352498,8059710,3,656,0.030272096,887
3000203000071,30000300000774,3000203000092,3000203000000,30,2.422044,3000203000072,-1,3000203000070,3000203000071,3000203000094,251,18.418055,18.331987,19.709038,13414,40.422047,7.5311255,7.2413306,33719,4,0,0,-87.36055,392.54636,243.11714,89.096725,153.94069,-0.010193653,-0.20538126,-0.031774536,8054287,3,774,0.019868366,917
3000203000072,29000300000912,3000203000092,3000203000000,29,2.6188614,3000203000073,-1,3000203000071,3000203000072,-1,225,19.27871,19.020514,19.795105,13414,40.454254,7.316249,7.114015,33719,4,0,0,-95.220345,389.21625,242.28413,94.19656,157.64163,-0.124332264,-0.060097404,-0.059722308,8059685,3,912,0.01852301,58
3000203000073,28000300000753,3000203000092,3000203000000,28,2.8311827,3000203000074,-1,3000203000072,3000203000073,-1,247,19.27871,18.762316,20.139366,13414,40.509922,7.0828013,6.9749017,33719,4,0,0,-93.61966,374.548,226.89343,95.43783,157.08887,-0.119742796,-0.023005681,-0.118881725,8059648,3,753,0.020260189,347
3000203000074,27000300000656,3000203000092,3000203000000,27,3.060419,3000203000075,-1,3000203000073,3000203000074,-1,241,20.225433,20.0533,20.569695,13414,40.588974,6.879688,6.819006,33715,4,0,0,-87.48868,364.0817,219.98738,96.56137,158.60085,-0.16450675,0.007606836,-0.13596588,8059578,3,656,0.018817184,758
3000203000075,26000300000628,3000203000092,3000203000000,26,3.3080978,3000203000076,-1,3000203000074,3000203000075,-1,223,17.47133,17.47133,17.901659,13414,40.63873,6.696671,6.6874547,33713,4,0,0,-80.413704,344.908,205.63326,108.594925,168.30539,-0.15671086,0.03151229,-0.12214421,8059710,3,628,0.015258643,886
3000203000076,25000300000674,3000203000092,3000203000000,25,3.575905,3000203000077,-1,3000203000075,3000203000076,-1,170,15.405755,15.31969,15.750018,13414,40.672726,6.481799,6.596344,33713,4,0,0,-84.74399,331.16174,199.56735,100.91325,161.04745,-0.17446029,-0.16228315,-0.16391937,8059650,3,674,0.012997697,633
3000203000077,24000300000649,3000203000092,3000203000000,24,3.8656828,3000203000078,-1,3000203000076,3000203000077,-1,153,7.057385,6.6270566,8.520501,13414,40.74454,6.2645493,6.5077925,33713,4,0,0,-79.79128,322.37753,189.2088,81.00999,129.35068,-0.19819663,-0.17988096,-0.14495616,8059650,3,649,0.021866364,534
3000203000078,23000300001113,3000203000086,3000203000000,23,4.1794686,3000203000079,3000203000087,3000203000077,3000203000078,-1,70,5.3360715,5.2500057,5.4221373,13414,40.831833,6.0606275,6.424347,33713,4,0,0,-106.347725,344.02658,164.10887,69.01317,119.18895,-0.05744232,-0.03177984,0.06092813,8059711,3,1113,0.009878422,667
3000203000079,22000300001191,3000203000086,3000203000000,22,4.5195556,3000203000080,-1,3000203000078,3000203000079,-1,56,4.4754148,4.4754148,4.5614805,13414,40.903732,5.8830605,6.313352,33713,4,0,0,-98.14398,335.685,160.62238,71.14895,116.50504,-0.07623124,-0.001032493,-0.03816159,8059685,3,1191,0.008623884,983
3000203000080,21000300000901,3000203000086,3000203000000,21,4.888449,3000203000081,-1,3000203000079,3000203000080,-1,58,3.7868896,3.7008238,4.217218,13415,40.961174,5.7101326,6.2332397,33699,4,0,0,-95.68671,330.42026,159.24556,61.475773,108.84012,0.006115011,-0.0762494,-0.047695618,8059650,3,901,0.0100736795,350
3000203000081,20000300000847,3000203000086,3000203000000,20,5.2888336,3000203000082,-1,3000203000080,3000203000081,-1,50,4.0450864,3.8729553,4.3032837,13415,41.004234,5.5412345,6.1815953,33699,4,0,0,-93.27618,313.55273,151.19891,65.970894,111.22286,0.040073425,-0.05720996,-0.005959423,8059652,3,847,0.007986186,76
3000203000082,19000300000830,3000203000086,3000203000000,19,5.7238646,3000203000083,-1,3000203000081,3000203000082,-1,42,3.442627,3.442627,3.442627,13412,41.05662,5.3827376,6.092332,33706,4,0,0,-93.317825,303.15448,148.09196,78.057,130.23892,0.049804326,-0.047295067,0.019385524,8059796,3,830,0.005630727,325
3000203000083,18000300000747,3000203000086,3000203000000,18,6.1968336,3000203000084,-1,3000203000082,3000203000083,-1,36,2.6680357,2.6680357,2.9262328,13412,41.116318,5.2184014,6.0054207,33706,4,0,0,-88.101524,284.51694,147.94345,65.80039,115.79787,0.054962676,-0.07647089,0.027999295,8059711,3,747,0.0063954983,912
3000203000084,17000300000703,3000203000086,3000203000000,17,6.7115865,3000203000085,-1,3000203000083,3000203000084,-1,28,2.3237731,2.3237731,2.3237731,13412,41.158104,5.0792136,5.927474,33706,4,0,0,-92.41411,282.74878,148.4218,68.96149,113.55847,-0.008715762,1.9658757E-4,-0.026710203,8059711,3,703,0.0045563867,253
3000203000085,16000300000575,3000203000086,3000203000000,16,7.272188,3000203000086,-1,3000203000084,3000203000085,-1,24,1.8073791,1.8073791,1.8934448,13412,41.201527,4.950991,5.8651447,33706,4,0,0,-83.85162,268.68524,143.78947,64.13353,109.000275,-0.024849858,0.039862093,-0.038252488,8059713,3,575,0.0045926915,103
3000203000086,15000300000349,3000203000086,3000203000000,15,7.8832035,-1,-1,3000203000085,3000203000086,-1,24,1.1188537,1.1188537,1.1188537,13411,41.23818,4.8473516,5.8017473,33676,4,0,0,-80.415405,255.35692,140.31013,56.487137,108.51791,-0.0034788677,0.015819898,-0.014079595,8059713,3,349,0.0052732425,313
3000203000087,23000300003146,3000203000089,3000203000000,23,4.1794686,3000203000088,3000203000090,3000203000077,3000203000087,-1,25,1.549182,1.549182,1.8934448,13414,40.657578,6.108389,6.490254,33713,4,0,0,-26.905727,358.00375,130.01639,46.37136,76.32807,0.027009511,-0.07643974,0.044420164,8059366,3,3146,0.009083918,795
3000203000088,22000300002623,3000203000089,3000203000000,22,4.5195556,3000203000089,-1,3000203000087,3000203000088,-1,26,1.549182,1.549182,1.549182,13414,40.6521,5.913654,6.4099107,33713,4,0,0,-36.48289,327.7214,131.10025,43.607357,78.78157,-0.08232373,0.046203993,0.019907294,8059687,3,2623,0.010001778,841
3000203000089,21000300002972,3000203000089,3000203000000,21,4.888449,-1,-1,3000203000088,3000203000089,-1,20,1.2049193,1.2049193,1.2909851,13415,40.684353,5.737623,6.3606024,33699,4,0,0,-39.894943,322.23218,139.00945,40.381588,72.54669,-0.02980639,-0.046491493,0.0228322,8059366,3,2972,0.008990695,89
3000203000090,23000300001823,3000203000092,3000203000000,23,4.1794686,3000203000091,-1,3000203000077,3000203000090,-1,44,3.8729553,3.8729553,3.9590209,13414,40.768982,6.230379,6.305946,33713,4,0,0,-65.113464,251.45949,234.44398,65.95442,108.38735,0.10685968,0.107325464,0.11274761,8054287,3,1823,0.008729095,674
3000203000091,22000300001520,3000203000092,3000203000000,22,4.5195556,3000203000092,-1,3000203000090,3000203000091,-1,45,2.6680357,2.6680357,2.6680357,13414,40.793644,6.0699124,6.159969,33713,4,0,0,-61.65983,242.79312,213.51532,58.496536,99.09908,0.07462237,0.08350162,0.077732965,8059660,3,1520,0.009056024,789
3000203000092,21000300001391,3000203000092,3000203000000,21,4.888449,-1,-1,3000203000091,3000203000092,-1,41,1.2049193,1.2049193,1.3770508,13414,40.802696,5.91387,6.096413,33713,4,0,0,-66.90827,244.55437,208.44473,46.273003,76.994,0.023514401,0.054010496,0.037037235,8059671,3,1391,0.016335376,705
3000203000093,31000300000658,3000203000107,3000203000000,31,2.2394855,3000203000094,-1,3000203000069,3000203000070,3000203000142,44,0.0,0.0,0.0,13414,40.09935,7.7875175,7.4447994,33719,4,0,0,80.64217,381.77933,225.37915,53.642418,90.66924,0.19219588,0.092525594,-0.19888102,8059258,3,658,0.011036152,524
3000203000094,30000300000775,3000203000107,3000203000000,30,2.422044,3000203000095,-1,3000203000093,3000203000071,-1,49,0.0,0.0,0.0,13414,40.058193,7.5644565,7.303274,33719,4,0,0,35.87551,393.21396,205.09288,47.83114,85.008575,0.14845526,0.38717276,-0.2117256,8059297,3,775,0.013471843,370
3000203000095,29000300001615,3000203000107,3000203000000,29,2.6188614,3000203000096,-1,3000203000094,3000203000095,-1,89,4.0450864,4.0450864,4.131152,13414,40.035244,7.330224,7.1785216,33718,4,0,0,19.511497,388.26996,192.1439,54.58894,86.35553,0.40757376,0.47144935,-0.15915994,8059374,3,1615,0.025646001,722
3000203000096,28000300002592,3000203000104,3000203000000,28,2.8311827,3000203000097,3000203000105,3000203000095,3000203000096,-1,43,3.9590209,3.9590209,4.131152,13414,40.06488,7.0959344,7.072269,33719,4,0,0,-9.360071,412.6962,199.92097,55.23701,95.68383,-0.087608285,0.23816523,-0.0799084,8059334,3,2592,0.0100789815,86
3000203000097,27000300002219,3000203000104,3000203000000,27,3.060419,3000203000098,-1,3000203000096,3000203000097,-1,51,3.442627,3.18443,3.5286925,13414,40.080772,6.874711,6.9481306,33719,4,0,0,-7.8099966,412.16226,195.34743,51.940666,93.532326,-0.090336815,0.16204192,-0.06193123,8059297,3,2219,0.011367016,156
3000203000098,26000300002674,3000203000104,3000203000000,26,3.3080978,3000203000099,-1,3000203000097,3000203000098,-1,39,3.0122986,2.7541015,3.18443,13414,40.078636,6.632506,6.836821,33717,4,0,0,-13.875163,389.80716,183.42879,54.074516,112.871704,-0.07567033,0.08513984,-0.0027017607,8059297,3,2674,0.010364452,238
3000203000099,25000300002315,3000203000104,3000203000000,25,3.575905,3000203000100,-1,3000203000098,3000203000099,-1,45,2.4959044,2.4959044,2.5819702,13414,40.09437,6.4327536,6.741555,33713,4,0,0,-17.166601,377.35892,182.40279,50.360428,83.55013,-0.062420033,0.17118162,0.007874783,8059260,3,2315,0.012929877,759
3000203000100,24000300002094,3000203000104,3000203000000,24,3.8656828,3000203000101,-1,3000203000099,3000203000100,-1,45,1.8934448,1.8934448,1.8934448,13414,40.110443,6.2342696,6.658173,33713,4,0,0,-21.847422,370.90683,165.02309,48.199646,79.43274,-0.04727092,0.1025934,-0.06206222,8059260,3,2094,0.017120967,223
3000203000101,23000300002462,3000203000104,3000203000000,23,4.1794686,3000203000102,-1,3000203000100,3000203000101,-1,33,1.6352477,1.6352477,1.7213135,13414,40.113293,6.0068,6.585519,33713,4,0,0,-13.065241,360.0422,163.06168,46.928005,80.25325,-0.024352578,0.11002457,-0.047475897,8059260,3,2462,0.010670799,137
3000203000102,22000300002845,3000203000104,3000203000000,22,4.5195556,3000203000103,-1,3000203000101,3000203000102,-1,25,1.9795104,1.9795104,2.065576,13415,40.11853,5.793803,6.480403,33699,4,0,0,-17.538158,349.98315,144.27238,52.498356,87.196365,-0.034656446,-0.015930787,0.033694897,8059343,3,2845,0.0068803052,164
3000203000103,21000300002737,3000203000104,3000203000000,21,4.888449,3000203000104,-1,3000203000102,3000203000103,-1,22,1.7213135,1.7213135,1.8073791,13415,40.10988,5.588499,6.394002,33699,4,0,0,-19.640959,345.35138,147.11697,51.726013,86.55465,-0.069379576,0.009713508,0.07807984,8059266,3,2737,0.0067880102,763
3000203000104,20000300002401,3000203000104,3000203000000,20,5.2888336,-1,-1,3000203000103,3000203000104,-1,21,0.86065674,0.86065674,1.2909851,13415,40.110214,5.428227,6.338475,33699,4,0,0,-23.079973,328.97614,143.95625,42.876965,76.92582,-0.033812486,-0.008923022,0.05196083,8059266,3,2401,0.009097716,813
3000203000105,28000300003923,3000203000107,3000203000000,28,2.8311827,3000203000106,-1,3000203000095,3000203000105,-1,23,0.86065674,0.86065674,1.3770508,13414,40.116123,7.1454334,7.1798487,33719,4,0,0,18.079645,317.1316,164.2777,36.94843,59.641857,0.07030434,0.07366879,0.08677267,8059103,3,3923,0.016366387,167
3000203000106,27000300003519,3000203000107,3000203000000,27,3.060419,3000203000107,-1,3000203000105,3000203000106,-1,28,2.4959044,2.4098387,2.5819702,13414,40.13288,6.9830155,7.113272,33719,4,0,0,6.290186,323.09546,173.48643,43.68996,73.39366,0.060772747,0.11329492,0.06594605,8059349,3,3519,0.011305782,49
3000203000107,26000300003875,3000203000107,3000203000000,26,3.3080978,-1,-1,3000203000106,3000203000107,-1,26,2.2377074,2.1516418,2.2377074,13414,40.11121,6.8113685,7.003098,33717,4,0,0,4.592475,307.98843,172.49045,45.089996,77.10176,0.05853476,0.07156909,0.06394152,8059349,3,3875,0.01188564,652
3000203000108,52000300001067,3000203000108,3000203000000,52,0.31970343,-1,-1,3000203000010,3000203000011,3000203000160,88,0.0,0.0,0.0,13540,40.949436,11.430149,10.723064,36403,4,1,1,243.1765,480.12915,379.90802,77.235916,133.24287,-0.11862142,0.053511098,0.0541254,8237801,3,1067,0.012597876,497
3000203000109,55000300001070,3000203000148,3000203000000,55,0.20754863,3000203000110,-1,3000203000007,3000203000008,-1,28,0.0,0.0,0.0,13548,41.252277,11.734963,11.064769,36524,4,1,1,246.39883,374.9956,450.21686,25.126211,50.82214,-0.06606148,0.079367414,-0.089132875,8052857,3,1070,0.026881348,469
3000203000110,54000300001083,3000203000148,3000203000000,54,0.24246909,3000203000111,-1,3000203000109,3000203000009,-1,48,0.0,0.0,0.0,13539,41.17144,11.607082,10.936513,36414,4,1,1,261.1352,333.25528,428.29602,36.934704,63.586277,0.19310501,0.31416115,0.12228515,8052828,3,1083,0.025843147,323
3000203000111,53000300001070,3000203000148,3000203000000,53,0.2798018,3000203000112,-1,3000203000110,3000203000010,-1,55,0.0,0.0,0.0,13539,41.098354,11.509427,10.7952795,36414,4,1,1,288.15604,264.35745,377.5039,55.000916,86.00671,0.15113425,0.20101981,0.18644631,8052669,3,1070,0.014010811,721
3000203000112,51000300001056,3000203000148,3000203000000,51,0.36234027,3000203000113,-1,3000203000111,3000203000012,3000203000161,54,0.0,0.0,0.0,13540,40.881954,11.390987,10.594503,36403,4,1,1,230.41235,201.65831,218.99493,51.416756,94.25193,0.053887792,0.13940747,0.30259448,8052828,3,1056,0.01379092,257
3000203000113,50000300001027,3000203000148,3000203000000,50,0.40789944,3000203000114,-1,3000203000112,3000203000013,3000203000162,76,0.0,0.0,0.0,13540,40.80064,11.284086,10.504454,36403,4,1,1,211.56642,279.39368,260.0585,54.17117,101.27971,-0.011264195,0.07148454,0.2187803,8052869,3,1027,0.015356269,386
3000203000114,49000300000995,3000203000148,3000203000000,49,0.45657724,3000203000115,-1,3000203000113,3000203000014,3000203000163,93,0.0,0.0,0.0,13540,40.717476,11.162645,10.4015045,36403,4,1,1,184.32126,314.82346,280.71692,50.570126,98.68338,-0.0960717,0.057552796,0.2946061,8052869,3,995,0.01909395,704
3000203000115,48000300001020,3000203000148,3000203000000,48,0.5085914,3000203000116,-1,3000203000114,3000203000015,3000203000164,102,0.0,0.0,0.0,13540,40.63286,11.0214405,10.274547,36403,4,1,1,165.83478,339.38248,292.21432,50.704754,97.34427,-0.23001845,-0.0015067882,0.33560738,8052923,3,1020,0.024651822,937
3000203000116,47000300002386,3000203000148,3000203000000,47,0.5641766,3000203000117,-1,3000203000115,3000203000116,-1,106,9.725421,9.122961,9.553289,13540,40.577103,10.878473,10.140335,36403,4,1,1,145.10349,358.1194,296.53787,47.666256,95.38834,-0.3205841,-0.012395863,0.21511093,8052663,3,2386,0.02231987,388
3000203000117,46000300000985,3000203000148,3000203000000,46,0.6235901,3000203000118,-1,3000203000116,3000203000017,-1,98,0.0,0.0,0.0,13540,40.516533,10.72481,10.011358,36401,4,1,1,123.134895,372.9118,292.4435,49.196,98.76215,-0.24361727,-0.10038273,0.31239462,8052869,3,985,0.019298477,963
3000203000118,45000300002370,3000203000148,3000203000000,45,0.6871088,3000203000119,-1,3000203000117,3000203000118,-1,98,9.639355,8.520501,9.209027,13540,40.457867,10.542985,9.879442,36401,4,1,1,105.30847,390.8487,298.76358,53.692436,103.840225,-0.14892073,-0.1200672,0.19095048,8052938,3,2370,0.01716361,713
3000203000119,44000300002425,3000203000148,3000203000000,44,0.75503564,3000203000120,-1,3000203000118,3000203000119,-1,98,9.725421,9.209027,9.467224,13543,40.417545,10.347602,9.734293,36373,4,1,1,79.14595,406.1963,300.64893,54.52649,103.55221,-0.19678125,-0.19522291,0.28781927,8052676,3,2425,0.01815663,331
3000203000120,43000300002259,3000203000148,3000203000000,43,0.8276991,3000203000121,-1,3000203000119,3000203000120,-1,102,10.155749,9.209027,10.069683,13543,40.380123,10.135333,9.598145,36373,4,1,1,53.48112,419.6622,304.4276,50.633102,95.46207,-0.20505509,-0.12723148,0.26282713,8052828,3,2259,0.022702362,178
3000203000121,42000300001159,3000203000148,3000203000000,42,0.9054624,3000203000122,-1,3000203000120,3000203000059,-1,92,0.0,0.0,0.0,13543,40.345234,9.925719,9.440411,36373,4,1,1,37.8898,431.83002,314.57788,50.821007,96.77572,-0.11600112,0.016797574,0.25777534,8052676,3,1159,0.018961113,121
3000203000122,41000300001085,3000203000148,3000203000000,41,0.98870814,3000203000123,-1,3000203000121,3000203000060,-1,106,0.0,0.0,0.0,13542,40.339664,9.706785,9.257663,36359,4,1,1,13.506999,433.47324,329.70667,52.567226,97.92281,-0.31802318,0.14764148,0.29266372,8053517,3,1085,0.021953471,25
3000203000123,40000300001074,3000203000148,3000203000000,40,1.0778745,3000203000124,-1,3000203000122,3000203000061,-1,92,0.0,0.0,0.0,13542,40.33883,9.478496,9.086934,36359,4,1,1,-7.626628,432.69113,342.1877,54.4439,105.19149,-0.17856047,0.3522109,0.26846373,8052633,3,1074,0.017866708,361
3000203000124,39000300002129,3000203000148,3000203000000,39,1.173417,3000203000125,-1,3000203000123,3000203000124,-1,101,10.241815,9.295093,10.069683,13542,40.35661,9.241638,8.899865,36359,4,1,0,-8.965191,432.45782,359.5486,54.779404,103.718796,-0.15500759,0.09473456,0.35605294,8052796,3,2129,0.019124378,441
3000203000125,38000300002092,3000203000148,3000203000000,38,1.2758462,3000203000126,-1,3000203000124,3000203000125,-1,108,9.553289,8.606567,9.553289,13542,40.360176,9.008944,8.705291,36355,4,1,0,-12.258185,414.59363,364.7374,53.41759,102.517265,-0.1579391,0.116777055,0.30641845,8052825,3,2092,0.0193704,59
3000203000126,37000300002001,3000203000148,3000203000000,37,1.3857181,3000203000127,-1,3000203000125,3000203000126,-1,115,9.811486,9.467224,10.069683,13542,40.3525,8.764956,8.506823,36353,4,0,0,-13.181051,393.95578,380.50272,55.52207,97.818344,-0.02483227,0.102817856,0.29694155,8052674,3,2001,0.023698393,994
3000203000127,36000300001736,3000203000148,3000203000000,36,1.5036365,3000203000128,-1,3000203000126,3000203000127,-1,126,10.672143,9.983618,10.758209,13542,40.365585,8.5690975,8.294243,36353,4,0,0,-11.58196,373.47052,394.23215,60.555023,110.24235,-0.09785025,0.27573022,0.40101343,8052829,3,1736,0.02074542,967
3000203000128,35000300000797,3000203000148,3000203000000,35,1.6302707,3000203000129,-1,3000203000127,3000203000066,-1,120,0.0,0.0,0.0,13542,40.366608,8.376814,8.058805,36353,4,0,0,-5.003622,342.67462,413.45728,58.75115,106.24073,-0.07100473,0.22919281,0.327803,8052848,3,797,0.021627411,453
3000203000129,34000300000765,3000203000148,3000203000000,34,1.766336,3000203000130,-1,3000203000128,3000203000067,-1,115,0.0,0.0,0.0,13353,40.35228,8.167054,7.811394,34597,4,0,0,17.999048,302.4942,432.74533,66.50999,102.782005,-0.19279508,0.39129692,0.41099918,8052852,3,765,0.0228611,76
3000203000130,33000300000746,3000203000148,3000203000000,33,1.9126327,3000203000131,-1,3000203000129,3000203000068,-1,97,0.0,0.0,0.0,13353,40.349613,8.058228,7.557366,34597,4,0,0,42.33694,248.98302,416.43704,70.88947,113.13602,-0.1447357,0.26828703,0.31297496,8052862,3,746,0.016680388,373
3000203000131,32000300000679,3000203000148,3000203000000,32,2.0700274,3000203000132,-1,3000203000130,3000203000069,-1,107,0.0,0.0,0.0,13353,40.347347,7.9192634,7.318336,34597,4,0,0,58.518448,200.94629,371.4267,63.352566,102.503265,-0.061023917,0.3172518,0.38671127,8052832,3,679,0.020286165,502
3000203000132,31000300000657,3000203000141,3000203000000,31,2.2394855,3000203000133,3000203000142,3000203000131,3000203000070,3000203000093,79,0.0,0.0,0.0,13353,40.327736,7.8129263,7.1269197,34597,4,0,0,38.298126,188.33908,302.75558,56.978058,97.720604,0.102591045,0.110918425,0.33849934,8052825,3,657,0.016335612,674
3000203000133,30000300001551,3000203000141,3000203000000,30,2.422044,3000203000134,-1,3000203000132,3000203000133,3000203000143,87,5.7664,5.7664,5.9385314,13414,40.313587,7.7155805,6.987005,33719,4,0,0,39.18037,194.62117,261.14038,55.526558,98.977646,0.12310537,-0.016211487,0.34315917,8052845,3,1551,0.016949674,834
3000203000134,29000300001464,3000203000141,3000203000000,29,2.6188614,3000203000135,-1,3000203000133,3000203000134,3000203000144,89,5.9385314,5.8524656,6.196728,13414,40.292942,7.6023045,6.852447,33719,4,0,0,43.464207,196.70102,246.53386,59.100266,104.24012,-0.07884094,0.30596733,0.55862695,8052832,3,1464,0.016632484,928
3000203000135,28000300002092,3000203000141,3000203000000,28,2.8311827,3000203000136,-1,3000203000134,3000203000135,-1,65,5.7664,5.680334,5.7664,13414,40.278744,7.4548483,6.7354527,33715,4,0,0,52.991623,215.10582,216.72707,62.297062,105.09938,0.009267361,-0.022987276,0.1598978,8052758,3,2092,0.011918107,650
3000203000136,27000300001774,3000203000141,3000203000000,27,3.060419,3000203000137,-1,3000203000135,3000203000136,-1,67,6.024597,5.680334,6.1106625,13414,40.226154,7.3343716,6.6061983,33715,4,0,0,54.354122,208.26021,212.41275,62.238663,102.68152,0.008778072,0.09514782,0.29132843,8052826,3,1774,0.013277738,110
3000203000137,26000300001056,3000203000141,3000203000000,26,3.3080978,3000203000138,-1,3000203000136,3000203000137,-1,117,3.8729553,3.8729553,3.9590209,13414,40.19176,7.241602,6.445135,33715,4,0,0,31.191544,180.17973,216.54431,58.643852,96.47133,-0.24767734,0.89855725,0.7010691,8052841,3,1056,0.024063872,666
3000203000138,25000300001994,3000203000141,3000203000000,25,3.575905,3000203000139,-1,3000203000137,3000203000138,-1,48,3.7868896,3.7868896,3.7868896,13414,40.15931,7.100269,6.342891,33715,4,0,0,78.81739,201.29338,190.6224,52.40968,96.13404,0.11048634,-0.13725773,0.005122877,8052852,3,1994,0.011692205,640
3000203000139,24000300002355,3000203000141,3000203000000,24,3.8656828,3000203000140,-1,3000203000138,3000203000139,-1,38,3.442627,3.442627,3.442627,13414,40.124905,6.986484,6.233844,33715,4,0,0,81.99996,198.64943,190.3547,55.214516,95.96101,0.034888294,-0.055684235,-0.021960633,8052852,3,2355,0.008269044,456
3000203000140,23000300002824,3000203000141,3000203000000,23,4.1794686,3000203000141,-1,3000203000139,3000203000140,-1,29,2.2377074,2.2377074,2.3237731,13414,40.082882,6.8799505,6.144366,33715,4,0,0,88.39534,186.16304,184.9631,57.944992,97.643654,0.034570113,0.0494989,0.010119257,8052835,3,2824,0.0061508347,313
3000203000141,22000300001975,3000203000141,3000203000000,22,4.5195556,-1,-1,3000203000140,3000203000141,-1,35,1.8934448,1.8073791,1.8934448,13414,40.01627,6.7842536,6.0122666,33712,4,0,0,78.823975,170.26877,170.38379,42.862522,80.75862,0.08873661,-0.13627991,0.0015703025,8052848,3,1975,0.011653348,892
3000203000142,31000300000659,3000203000148,3000203000000,31,2.2394855,3000203000143,-1,3000203000131,3000203000070,-1,26,0.0,0.0,0.0,13414,40.22302,7.748868,7.124654,33719,4,0,0,102.19444,181.11497,347.8476,48.35291,70.8949,0.15697591,-0.014154743,-0.014145701,8052645,3,659,0.011485569,765
3000203000143,30000300001552,3000203000148,3000203000000,30,2.422044,3000203000144,-1,3000203000142,3000203000133,-1,28,0.0,0.0,0.0,13414,40.171036,7.6534743,6.9476357,33719,4,0,0,79.63549,162.43156,321.05963,46.979366,82.705284,0.11984296,0.08176966,-0.020129122,8052645,3,1552,0.009026928,693
3000203000144,29000300001465,3000203000148,3000203000000,29,2.6188614,3000203000145,-1,3000203000143,3000203000134,-1,23,0.0,0.0,0.0,13414,40.118904,7.546307,6.7598047,33715,4,0,0,58.919495,158.7623,300.2124,48.37002,71.16246,0.1780998,0.018118428,0.007856337,8052645,3,1465,0.0107533885,249
3000203000145,28000300002736,3000203000148,3000203000000,28,2.8311827,3000203000146,-1,3000203000144,3000203000145,-1,45,2.840167,2.7541015,2.9262328,13414,40.091255,7.488954,6.6026754,33715,4,0,0,25.092976,150.05214,283.4927,39.886513,78.161575,0.14809717,0.12503466,-0.07203562,8052647,3,2736,0.016049622,406
3000203000146,27000300002687,3000203000148,3000203000000,27,3.060419,3000203000147,-1,3000203000145,3000203000146,-1,41,1.549182,1.549182,1.7213135,13414,40.123775,7.4187303,6.4598923,33715,4,0,0,2.7747526,149.48553,269.2252,39.624138,70.02883,0.16667442,0.11517204,-0.0069556725,8052676,3,2687,0.020275924,827
3000203000147,25000300004116,3000203000148,3000203000000,25,3.575905,3000203000148,-1,3000203000146,3000203000147,-1,22,1.032788,1.032788,1.032788,13414,40.128925,7.2812953,6.2129827,33715,4,0,0,-8.6207,143.91145,212.62097,37.238373,64.47241,0.13164987,-0.026496535,0.051856723,8052674,3,4116,0.014847925,186
3000203000148,24000300003777,3000203000148,3000203000000,24,3.8656828,-1,-1,3000203000147,3000203000148,-1,22,0.0,0.0,0.0,13414,40.138405,7.192169,6.108218,33715,4,0,0,-15.7408495,148.09114,203.58575,33.9553,62.711075,0.11077272,-0.09022246,0.05721959,8052641,3,3777,0.013231823,91