haloID,subHaloID,lastProgenitorId,treeId,snapNum,redshift,firstProgenitorId,nextProgenitorId,descendantId,firstHaloInFOFgroupId,nextHaloInFOFgroupId,np,m_Mean200,m_Crit200,m_TopHat,phKey,x,y,z,zIndex,ix,iy,iz,velX,velY,velZ,velDisp,vMax,spinX,spinY,spinZ,mostBoundID,fileNr,subhaloIndex,halfmassRadius,random
3000370000000,63000300001437,3000370000054,3000370000000,63,0.0,3000370000001,-1,-1,3000370000000,-1,492,45.18448,29.950853,38.729553,16045,49.516293,20.865204,16.110556,61578,5,2,1,-407.0893,-122.9773,122.910355,64.71743,115.91135,-0.09474766,-0.8843306,0.3800671,7628242,3,1437,0.07368793,160
3000370000001,62000300001454,3000370000054,3000370000000,62,0.019932542,3000370000002,-1,3000370000000,3000370000001,-1,496,43.893494,29.864788,37.95496,16045,49.598606,20.896809,16.08907,61578,5,2,1,-405.10175,-123.72101,125.71592,63.469845,113.35776,-0.16012965,-0.9074778,0.3247075,7626277,3,1454,0.07541577,931
3000370000002,61000300001482,3000370000054,3000370000000,61,0.041403063,3000370000003,-1,3000370000001,3000370000002,-1,489,43.204967,29.43446,36.57791,16045,49.6788,20.92539,16.066582,61578,5,2,1,-402.18094,-120.90361,130.2148,63.4668,112.798386,-0.05290849,-1.0721065,0.42630485,7628265,3,1482,0.07151257,904
3000370000003,60000300001473,3000370000054,3000370000000,60,0.064493395,3000370000004,-1,3000370000002,3000370000003,-1,503,42.000046,28.918066,35.02873,16045,49.767296,20.95453,16.03441,61578,5,2,1,-400.751,-120.49152,132.05614,62.79169,113.75867,-0.028067939,-1.1046851,0.25243092,7628265,3,1473,0.076196544,413
3000370000004,59000300001507,3000370000054,3000370000000,59,0.08928783,3000370000005,-1,3000370000003,3000370000004,-1,468,42.860703,28.22954,34.684467,16045,49.8689,20.98149,15.996754,61579,5,2,1,-397.53702,-120.48633,136.61958,63.041843,111.95188,-0.18145984,-1.290897,0.38260582,7626277,3,1507,0.07057272,164
3000370000005,58000300001494,3000370000054,3000370000000,58,0.11588337,3000370000006,-1,3000370000004,3000370000005,-1,470,41.569717,28.22954,35.545124,16045,49.9709,21.005733,15.97508,61579,5,2,1,-391.00977,-116.51146,140.51309,63.94904,111.6473,-0.11987921,-1.0156804,0.35967404,7626277,3,1494,0.073403805,499
3000370000006,57000300001409,3000370000054,3000370000000,57,0.14438343,3000370000007,-1,3000370000005,3000370000006,3000370000061,473,40.19267,27.454948,36.233646,16045,50.073914,21.041548,15.92814,61579,5,2,1,-389.36023,-115.51717,145.00468,63.513214,113.76709,0.15555477,-1.0610527,0.41729718,7628051,3,1409,0.073078066,69
3000370000007,56000300001477,3000370000054,3000370000000,56,0.17489761,3000370000008,-1,3000370000006,3000370000007,-1,458,40.278732,27.368883,35.717255,16045,50.184982,21.076763,15.889102,61579,5,2,1,-388.07883,-112.699745,148.57077,63.079327,111.09683,-0.088883445,-0.88563204,0.31783447,7626279,3,1477,0.06999932,969
3000370000008,55000300001375,3000370000054,3000370000000,55,0.20754863,3000370000009,-1,3000370000007,3000370000008,3000370000063,462,38.987747,27.799212,33.99594,16045,50.302402,21.103743,15.8559475,61579,5,2,1,-383.60742,-112.10758,153.397,64.64353,115.9036,0.08447478,-1.0027946,0.36207652,7621385,3,1375,0.067512095,381
3000370000009,54000300001421,3000370000054,3000370000000,54,0.24246909,3000370000010,-1,3000370000008,3000370000009,3000370000064,436,41.827915,27.799212,33.909874,16045,50.430805,21.140799,15.81307,61579,5,2,1,-383.15814,-110.97247,155.80972,66.32881,116.51003,-0.06776368,-0.8341869,0.1800106,7621385,3,1421,0.06173253,191
3000370000010,53000300001404,3000370000054,3000370000000,53,0.2798018,3000370000011,-1,3000370000009,3000370000010,3000370000065,434,41.483654,28.143475,35.975452,16045,50.57213,21.175299,15.754601,61579,5,2,1,-377.4326,-107.110054,160.06505,67.272354,118.4813,-0.007887738,-1.1318618,0.43581167,7621385,3,1404,0.059057835,217
3000370000011,52000300001416,3000370000054,3000370000000,52,0.31970343,3000370000012,-1,3000370000010,3000370000011,3000370000066,418,40.1066,27.713146,36.40578,16045,50.711597,21.217049,15.694848,61579,5,2,1,-373.85538,-103.93028,163.61728,67.96301,117.30408,-0.18249398,-0.9871377,0.28322566,7628285,3,1416,0.058012206,417
3000370000012,51000300001393,3000370000054,3000370000000,51,0.36234027,3000370000013,-1,3000370000011,3000370000012,3000370000067,404,37.868896,25.47544,33.651676,12653,50.851463,21.25145,15.62497,47590,5,2,1,-368.68927,-97.11838,167.81139,67.45081,116.09486,-0.24357417,-1.0683492,0.39493707,7621385,3,1393,0.059288897,51
3000370000013,50000300001389,3000370000054,3000370000000,50,0.40789944,3000370000014,-1,3000370000012,3000370000013,-1,398,34.082005,25.561504,31.327904,12653,50.99453,21.279709,15.55593,47590,5,2,1,-366.80133,-89.98874,172.0938,65.79568,112.759445,-0.3604715,-0.79198635,0.49713272,7621385,3,1389,0.06060089,411
3000370000014,49000300001429,3000370000054,3000370000000,49,0.45657724,3000370000015,-1,3000370000013,3000370000014,-1,374,32.79102,24.872978,30.467247,12653,51.132732,21.3056,15.481441,47590,5,2,1,-359.66077,-81.91964,182.88435,65.22362,110.64882,-0.004459788,-0.62416977,0.2444813,7627986,3,1429,0.060136948,407
3000370000015,48000300001492,3000370000052,3000370000000,48,0.5085914,3000370000016,3000370000053,3000370000014,3000370000015,-1,365,30.209051,24.614782,28.22954,12653,51.27157,21.334524,15.399334,47590,5,2,1,-350.862,-75.60194,190.08562,65.13439,110.242836,0.07207988,-0.8167334,0.38344416,7628267,3,1492,0.059432987,358
3000370000016,47000300001467,3000370000052,3000370000000,47,0.5641766,3000370000017,-1,3000370000015,3000370000016,-1,364,29.090197,22.979534,26.766424,12653,51.425995,21.380854,15.319614,47590,5,2,1,-346.13843,-65.21143,199.6387,65.746445,111.78045,0.038719904,-0.6786648,0.4737853,7626277,3,1467,0.05575896,676
3000370000017,46000300001431,3000370000052,3000370000000,46,0.6235901,3000370000018,-1,3000370000016,3000370000017,-1,346,28.05741,22.377075,26.077898,12653,51.581226,21.399984,15.229155,47590,5,2,1,-335.3393,-52.517044,208.56808,66.47639,115.29916,0.017226985,-0.48914152,0.22880733,7628285,3,1431,0.051895805,759
3000370000018,45000300001386,3000370000052,3000370000000,45,0.6871088,3000370000019,-1,3000370000017,3000370000018,-1,360,28.22954,21.946747,27.110687,12653,51.744072,21.4133,15.125531,47590,5,2,1,-328.03552,-48.32377,213.64212,66.877655,111.21345,-0.05472069,-0.60149455,0.351453,7628265,3,1386,0.055934064,600
3000370000019,44000300001386,3000370000052,3000370000000,44,0.75503564,3000370000020,-1,3000370000018,3000370000019,-1,357,27.713146,21.946747,25.561504,12653,51.901062,21.430075,15.022432,47591,5,2,1,-316.41693,-41.752617,220.93173,66.24889,110.50005,0.11049689,-0.42052534,0.35494223,7628282,3,1386,0.056343745,550
3000370000020,43000300001409,3000370000052,3000370000000,43,0.8276991,3000370000021,-1,3000370000019,3000370000020,-1,330,27.02462,21.430351,25.819702,12653,52.05825,21.441969,14.913447,47591,5,2,1,-308.65753,-31.460583,227.23994,67.85973,112.06308,0.3664214,-0.17362896,0.56301653,7628285,3,1409,0.049985208,455
3000370000021,42000300001421,3000370000052,3000370000000,42,0.9054624,3000370000022,-1,3000370000020,3000370000021,-1,309,26.938555,23.66806,26.594292,12653,52.216324,21.460705,14.79204,47591,5,2,1,-307.37424,-24.548891,236.26788,74.72459,115.55856,0.16069691,0.048457153,0.34936374,7628267,3,1421,0.043871958,343
3000370000022,41000300001396,3000370000052,3000370000000,41,0.98870814,3000370000023,-1,3000370000021,3000370000022,-1,287,26.85249,23.0656,26.508226,12653,52.363,21.477858,14.645555,47587,5,2,1,-301.1593,-15.0249605,238.27228,76.867485,119.2036,0.14539729,0.009983271,0.2800018,7628282,3,1396,0.037982594,68
3000370000023,40000300001331,3000370000052,3000370000000,40,1.0778745,3000370000024,-1,3000370000022,3000370000023,-1,285,25.991833,22.549206,25.64757,12653,52.528774,21.459635,14.495727,47587,5,2,1,-292.47278,-12.611141,240.58417,73.55082,117.61997,0.053262286,0.016848115,0.3403418,7628285,3,1331,0.03976751,28
3000370000024,39000300001189,3000370000052,3000370000000,39,1.173417,3000370000025,-1,3000370000023,3000370000024,3000370000090,306,24.872978,21.25822,24.700848,12653,52.690754,21.449377,14.366133,47587,5,2,1,-288.49014,-8.599339,238.12907,71.3746,114.53825,0.18285757,-0.22796972,0.47597837,7626243,3,1189,0.047108363,202
3000370000025,38000300001200,3000370000052,3000370000000,38,1.2758462,3000370000026,-1,3000370000024,3000370000025,3000370000091,269,22.807404,20.0533,22.807404,12654,52.841652,21.457212,14.233227,47594,5,2,1,-276.6362,-8.455553,231.52715,70.32699,114.691505,0.15173909,-0.017577907,0.2668628,7628288,3,1200,0.040297102,963
3000370000026,37000300001213,3000370000052,3000370000000,37,1.3857181,3000370000027,-1,3000370000025,3000370000026,-1,257,24.700848,23.151665,24.700848,12654,52.98674,21.454151,14.092928,47594,5,2,1,-274.5381,-4.2953887,221.71649,68.38213,112.13093,0.5022238,0.068016045,0.041104883,7628282,3,1213,0.04048004,617
3000370000027,36000300001114,3000370000052,3000370000000,36,1.5036365,3000370000028,-1,3000370000026,3000370000027,3000370000092,294,22.032812,19.967236,22.46314,12654,53.145252,21.457348,13.980245,47594,5,2,1,-276.63632,1.3441436,222.27296,71.725296,117.92854,0.4992133,-0.34586132,0.32389122,7628288,3,1114,0.044203777,348
3000370000028,35000300001247,3000370000052,3000370000000,35,1.6302707,3000370000029,-1,3000370000027,3000370000028,-1,253,17.901659,16.954937,18.245922,12654,53.280163,21.463299,13.856206,47594,5,2,1,-269.65015,2.949314,214.78256,73.93997,120.969315,0.6043859,-0.39720526,0.32070377,7621399,3,1247,0.032567225,428
3000370000029,34000300001403,3000370000052,3000370000000,34,1.766336,3000370000030,-1,3000370000028,3000370000029,-1,171,17.041002,15.491821,17.385265,12654,53.423786,21.445446,13.768505,47594,5,2,1,-261.66205,0.09768216,206.82083,70.99009,110.04551,0.38451406,0.36338556,-0.04824351,7628286,3,1403,0.026753847,757
3000370000030,33000300001197,3000370000052,3000370000000,33,1.9126327,3000370000031,-1,3000370000029,3000370000030,-1,203,13.168048,11.360668,13.426245,12655,53.542816,21.449768,13.669173,47566,5,2,1,-257.95547,10.563043,193.512,65.13532,102.39596,0.43837985,0.18406741,-0.09645497,7628273,3,1197,0.039379954,187
3000370000031,32000300001299,3000370000044,3000370000000,32,2.0700274,3000370000032,3000370000045,3000370000030,3000370000031,3000370000045,88,9.553289,9.381158,9.725421,12655,53.654053,21.471153,13.542274,47566,6,2,1,-218.61862,-6.2938824,203.7387,55.855938,100.902214,0.29219523,0.1230766,0.07878309,7621399,3,1299,0.017918423,67
3000370000032,31000300001573,3000370000044,3000370000000,31,2.2394855,3000370000033,-1,3000370000031,3000370000032,-1,88,7.4016476,7.1434507,7.9180417,12655,53.77801,21.468073,13.419122,47567,6,2,1,-222.83658,8.088817,187.11057,58.825504,106.11717,0.22487876,0.38035092,0.04963798,7621396,3,1573,0.015838133,983
3000370000033,30000300001869,3000370000044,3000370000000,30,2.422044,3000370000034,-1,3000370000032,3000370000033,-1,72,7.1434507,6.6270566,7.4016476,12655,53.900784,21.458387,13.289934,47567,6,2,1,-218.94829,5.2311797,185.19208,53.277905,98.448654,0.1345751,0.25502902,0.05438099,7621386,3,1869,0.016396277,459
3000370000034,29000300001832,3000370000044,3000370000000,29,2.6188614,3000370000035,-1,3000370000033,3000370000034,-1,74,5.7664,5.7664,6.024597,12655,54.037243,21.447329,13.203202,47567,6,2,1,-212.61914,15.99293,179.9167,56.71794,94.21914,0.13247344,0.5923626,0.20098059,7621399,3,1832,0.017289922,633
3000370000035,28000300001581,3000370000044,3000370000000,28,2.8311827,3000370000036,-1,3000370000034,3000370000035,-1,78,4.3893495,3.7008238,4.905743,12655,54.157486,21.467289,13.086057,47567,6,2,1,-202.02052,23.96171,173.82011,51.140556,88.96882,0.13804482,0.4916429,0.16997898,7628284,3,1581,0.021339213,817
3000370000036,27000300001609,3000370000044,3000370000000,27,3.060419,3000370000037,-1,3000370000035,3000370000036,-1,66,2.9262328,2.6680357,2.9262328,12655,54.29259,21.436413,12.974364,47567,6,2,1,-187.7994,17.406557,168.54674,50.890915,79.76826,0.11723788,0.3853328,0.2670635,7621390,3,1609,0.022752015,732
3000370000037,26000300001804,3000370000044,3000370000000,26,3.3080978,3000370000038,-1,3000370000036,3000370000037,-1,61,3.5286925,3.3565612,3.5286925,12655,54.374493,21.46243,12.8868,47567,6,2,1,-172.56389,31.62575,152.8876,52.38064,86.47842,0.14225394,0.28966326,0.16272427,7621386,3,1804,0.017345726,648
3000370000038,25000300001963,3000370000044,3000370000000,25,3.575905,3000370000039,-1,3000370000037,3000370000038,-1,47,4.0450864,3.9590209,4.0450864,12655,54.490166,21.409735,12.819184,47567,6,2,1,-171.1736,49.915005,142.2999,55.723186,93.92779,0.104161054,0.19216469,-0.11625798,7628042,3,1963,0.011791638,678
3000370000039,24000300001538,3000370000044,3000370000000,24,3.8656828,3000370000040,-1,3000370000038,3000370000039,-1,60,4.3893495,4.3032837,4.5614805,12655,54.557865,21.386467,12.742704,47567,6,2,1,-153.33553,42.479164,150.85387,63.065582,103.591805,0.13380957,0.2533109,0.054902274,7628036,3,1538,0.011841192,783
3000370000040,23000300001579,3000370000044,3000370000000,23,4.1794686,3000370000041,-1,3000370000039,3000370000040,-1,47,1.7213135,1.7213135,1.8073791,12655,54.586422,21.366735,12.667828,47563,6,2,1,-148.52827,33.12563,148.333,57.02228,85.48816,0.11963218,0.1843935,-0.070595056,7628036,3,1579,0.015708579,205
3000370000041,22000300001901,3000370000044,3000370000000,22,4.5195556,3000370000042,-1,3000370000040,3000370000041,-1,34,1.6352477,1.6352477,1.8934448,12655,54.685123,21.32858,12.597794,47563,6,2,1,-129.2779,46.279358,149.64998,48.256516,84.932945,-0.021876926,0.057955686,-0.002360804,7628283,3,1901,0.01137675,234
3000370000042,21000300002169,3000370000044,3000370000000,21,4.888449,3000370000043,-1,3000370000041,3000370000042,-1,27,1.3770508,1.3770508,1.7213135,12688,54.783886,21.311407,12.506638,48002,6,2,1,-121.1658,56.461952,156.6539,45.66528,82.69513,0.030931845,0.039972857,0.09161308,7628036,3,2169,0.009703269,55
3000370000043,20000300001676,3000370000044,3000370000000,20,5.2888336,3000370000044,-1,3000370000042,3000370000043,-1,29,0.86065674,0.86065674,0.86065674,12688,54.83659,21.263002,12.441808,48002,6,2,1,-116.58597,55.110836,150.87625,44.249813,81.16977,0.02119268,0.028043294,0.04444688,7628046,3,1676,0.0104805,921
3000370000044,19000300001517,3000370000044,3000370000000,19,5.7238646,-1,-1,3000370000043,3000370000044,-1,25,0.9467224,0.9467224,1.032788,12688,54.91534,21.260506,12.343506,48002,6,2,1,-113.52201,54.14801,144.91414,45.52127,83.22537,-0.03426137,0.013604502,0.02571251,7628283,3,1517,0.009656265,92
3000370000045,32000300001300,3000370000052,3000370000000,32,2.0700274,3000370000046,-1,3000370000030,3000370000031,-1,39,0.0,0.0,0.0,12655,53.839382,21.47739,13.489888,47567,6,2,1,-308.33218,-0.68049324,196.09296,39.290863,70.11619,0.07384067,-0.12780525,-0.047389638,7626214,3,1300,0.01744626,944
3000370000046,31000300002717,3000370000052,3000370000000,31,2.2394855,3000370000047,-1,3000370000045,3000370000046,-1,39,2.4959044,2.065576,2.4959044,12648,53.997597,21.48933,13.394391,47581,6,2,1,-279.83636,7.6904945,191.84015,37.752415,64.462845,0.2680443,-0.24642931,-0.08208037,7628277,3,2717,0.020854166,877
3000370000047,30000300002893,3000370000052,3000370000000,30,2.422044,3000370000048,-1,3000370000046,3000370000047,-1,36,2.9262328,2.4098387,3.0122986,12655,54.154873,21.453833,13.200127,47567,6,2,1,-260.9879,14.554753,191.83466,37.463097,62.12556,0.26322368,0.022093944,-0.10058415,7628294,3,2893,0.020054657,38
3000370000048,29000300003217,3000370000052,3000370000000,29,2.6188614,3000370000049,-1,3000370000047,3000370000048,-1,26,0.774591,0.774591,1.4631164,12655,54.306633,21.434797,13.103581,47567,6,2,1,-243.00359,30.434814,190.69878,31.235058,58.137684,0.107010946,0.022076836,-0.103767656,7628294,3,3217,0.017924326,726
3000370000049,28000300003805,3000370000052,3000370000000,28,2.8311827,3000370000050,-1,3000370000048,3000370000049,-1,26,1.1188537,1.1188537,1.1188537,12648,54.43895,21.51029,13.093583,47581,6,2,1,-214.27019,30.722109,200.24805,35.750477,54.250675,0.17188239,-0.060932428,-0.04938725,7628326,3,3805,0.019104464,778
3000370000050,27000300003880,3000370000052,3000370000000,27,3.060419,3000370000051,-1,3000370000049,3000370000050,-1,24,1.6352477,1.2909851,1.6352477,12655,54.548416,21.414518,12.941305,47567,6,2,1,-199.90533,38.55819,193.02611,40.314407,60.402943,0.17440185,-0.027814608,-0.03602768,7628277,3,3880,0.015324023,117
3000370000051,26000300003855,3000370000052,3000370000000,26,3.3080978,3000370000052,-1,3000370000050,3000370000051,-1,22,1.549182,1.4631164,1.8073791,12655,54.675846,21.436096,12.852028,47567,6,2,1,-172.4587,50.897846,191.90524,43.946064,73.87114,0.2203751,-0.10962411,0.022305833,7628344,3,3855,0.009490969,699
3000370000052,25000300003737,3000370000052,3000370000000,25,3.575905,-1,-1,3000370000051,3000370000052,-1,23,1.8934448,1.7213135,2.065576,12688,54.758022,21.377623,12.710303,48006,6,2,1,-163.0421,59.377728,201.20293,47.69787,71.81626,0.12756893,-0.017207386,-0.045212865,7628341,3,3737,0.010221466,413
3000370000053,48000300005478,3000370000054,3000370000000,48,0.5085914,3000370000054,-1,3000370000014,3000370000053,-1,21,0.9467224,0.0,0.0,12650,51.26167,21.49848,15.615507,47604,5,2,1,-378.61835,-90.709015,128.59265,17.443884,32.39858,-0.17429899,-0.21187177,0.18144408,7627319,3,5478,0.045320325,806
3000370000054,47000300005042,3000370000054,3000370000000,47,0.5641766,-1,-1,3000370000053,3000370000054,-1,22,0.0,0.0,0.0,12650,51.367195,21.493372,15.595131,47604,5,2,1,-377.11774,-81.60132,142.83698,17.508623,29.610983,-0.17720276,0.07799741,0.20445643,7595295,3,5042,0.060992286,344