haloID,subHaloID,lastProgenitorId,treeId,snapNum,redshift,firstProgenitorId,nextProgenitorId,descendantId,firstHaloInFOFgroupId,nextHaloInFOFgroupId,np,m_Mean200,m_Crit200,m_TopHat,phKey,x,y,z,zIndex,ix,iy,iz,velX,velY,velZ,velDisp,vMax,spinX,spinY,spinZ,mostBoundID,fileNr,subhaloIndex,halfmassRadius,random
3000221000000,63000300001178,3000221000157,3000221000000,63,0.0,3000221000001,-1,-1,3000221000000,-1,1205,115.75833,88.303375,101.21323,13544,40.130066,12.8842535,8.801647,36487,4,1,0,370.83224,220.99199,205.97353,98.31356,175.27394,-0.70964897,1.2939932,0.16896813,8279415,3,1178,0.07607354,194
3000221000001,62000300001204,3000221000138,3000221000000,62,0.019932542,3000221000002,3000221000139,3000221000000,3000221000001,3000221000139,1177,114.983734,87.70092,99.57798,13544,40.054802,12.836214,8.757697,36483,4,1,0,368.92126,222.9114,206.27951,96.33999,173.78566,-0.56273115,1.5621908,-0.5545553,8279776,3,1204,0.07425263,83
3000221000002,61000300001219,3000221000138,3000221000000,61,0.041403063,3000221000003,-1,3000221000001,3000221000002,3000221000140,1175,112.74603,87.70092,98.5452,13544,39.980865,12.790967,8.723483,36482,4,1,0,370.44345,220.40965,203.92513,97.66366,175.54855,-0.5014996,1.5990212,-0.75489163,8279415,3,1219,0.07319626,323
3000221000003,60000300001232,3000221000138,3000221000000,60,0.064493395,3000221000004,-1,3000221000002,3000221000003,-1,1163,109.21734,85.721405,99.14765,13544,39.89503,12.739118,8.67516,36482,4,1,0,371.69482,219.91107,201.33313,100.632545,179.2131,-0.44824326,1.6395949,-0.84480864,8279415,3,1232,0.069786996,986
3000221000004,59000300001242,3000221000138,3000221000000,59,0.08928783,3000221000005,-1,3000221000003,3000221000004,-1,1143,108.52881,85.29108,97.168144,13544,39.799397,12.684174,8.61224,36480,4,1,0,373.7017,218.66563,202.03435,103.12648,182.42577,-0.37151515,1.5839823,-0.7433424,8279415,3,1242,0.06566821,201
3000221000005,58000300001225,3000221000138,3000221000000,58,0.11588337,3000221000006,-1,3000221000004,3000221000005,-1,1125,105.77471,84.946815,94.930435,13544,39.7046,12.626723,8.556408,36480,4,1,0,370.75272,215.48483,196.52069,102.83785,181.06293,-0.3960012,1.584174,-0.8041191,8279415,3,1225,0.06486695,747
3000221000006,57000300001182,3000221000138,3000221000000,57,0.14438343,3000221000007,-1,3000221000005,3000221000006,-1,1094,104.31159,84.00009,94.41404,13544,39.616436,12.571201,8.517371,36480,4,1,0,371.77777,213.73218,193.75629,100.91143,181.47935,-0.56990343,1.5551285,-0.65266913,8279776,3,1182,0.06470729,343
3000221000007,56000300001209,3000221000138,3000221000000,56,0.17489761,3000221000008,-1,3000221000006,3000221000007,-1,1079,102.07388,81.84845,93.29519,13544,39.50824,12.514324,8.462329,36480,4,1,0,372.9948,214.75262,191.47015,99.70173,175.42247,-0.7324717,1.7582803,-0.71409523,8279394,3,1209,0.06699887,675
3000221000008,55000300001143,3000221000138,3000221000000,55,0.20754863,3000221000009,-1,3000221000007,3000221000008,-1,1088,100.18044,78.40582,91.40174,13544,39.393005,12.444656,8.384966,36480,4,1,0,370.908,210.76067,188.31732,97.95386,179.87198,-0.82555485,1.7748523,-0.5843576,8279387,3,1143,0.06973596,381
3000221000009,54000300001164,3000221000138,3000221000000,54,0.24246909,3000221000010,-1,3000221000008,3000221000009,-1,1075,99.750114,75.90992,89.59436,13544,39.27848,12.376307,8.322538,36480,4,1,0,374.76846,211.48627,186.86078,96.79716,174.19821,-0.6216235,1.7598349,-0.57210606,8279061,3,1164,0.071813695,815
3000221000010,53000300001145,3000221000129,3000221000000,53,0.2798018,3000221000011,3000221000130,3000221000009,3000221000010,3000221000130,1110,98.0288,75.99599,88.38944,13544,39.152657,12.303987,8.271467,36480,4,1,0,374.2997,208.60478,186.94655,94.34339,173.74228,-0.7392106,1.9280902,-0.8151262,8279284,3,1145,0.07315378,650
3000221000011,52000300001152,3000221000129,3000221000000,52,0.31970343,3000221000012,-1,3000221000010,3000221000011,-1,1075,95.96323,75.393524,89.68043,13591,39.02114,12.234724,8.213293,36041,4,1,0,372.11658,206.24562,184.02148,95.62997,172.06285,-0.70280945,2.1356893,-1.0236535,8278925,3,1152,0.06821787,582
3000221000012,51000300001117,3000221000129,3000221000000,51,0.36234027,3000221000013,-1,3000221000011,3000221000012,-1,1075,98.286995,79.008286,92.17633,13591,38.889282,12.156545,8.145965,36041,4,1,0,370.37595,201.43648,180.20044,98.44634,176.69572,-0.80034196,2.2721498,-0.9422895,8279415,3,1117,0.0648821,758
3000221000013,50000300001084,3000221000129,3000221000000,50,0.40789944,3000221000014,-1,3000221000012,3000221000013,-1,1115,99.92224,83.2255,95.5329,13591,38.736675,12.077688,8.077503,36041,4,1,0,370.66385,198.9754,176.36986,103.11191,184.26439,-0.81578296,2.2379193,-0.9478614,8279776,3,1084,0.07353924,143
3000221000014,49000300001057,3000221000129,3000221000000,49,0.45657724,3000221000015,-1,3000221000013,3000221000014,-1,1095,101.90176,90.02469,98.80339,13591,38.57529,11.985377,8.025804,36041,4,1,0,369.67487,195.49573,174.72342,102.74885,173.3862,-0.90039134,2.2665586,-0.9570616,8279725,3,1057,0.06830861,298
3000221000015,48000300001073,3000221000128,3000221000000,48,0.5085914,3000221000016,3000221000129,3000221000014,3000221000015,3000221000129,1094,101.0411,94.50011,98.631256,13591,38.423306,11.901989,7.9491687,36041,4,1,0,370.6049,193.4117,169.718,107.97807,183.52303,-1.0265223,2.309262,-0.96123004,8279058,3,1073,0.06786923,357
3000221000016,47000300001068,3000221000128,3000221000000,47,0.5641766,3000221000017,-1,3000221000015,3000221000016,-1,1080,98.88946,94.155846,97.34027,13591,38.287582,11.829058,7.8502326,36041,4,1,0,368.7401,191.69194,167.89716,119.91166,191.9842,-1.0250055,2.4021778,-0.9388504,8279256,3,1068,0.059473146,289
3000221000017,46000300001050,3000221000127,3000221000000,46,0.6235901,3000221000018,3000221000128,3000221000016,3000221000017,3000221000128,947,94.155846,87.78699,92.2624,13802,38.090065,11.727078,7.797291,34285,4,1,0,360.5197,187.95117,168.38966,129.3858,197.24248,-1.1579592,2.4422753,-1.085439,8278900,3,1050,0.04627031,92
3000221000018,45000300001013,3000221000080,3000221000000,45,0.6871088,3000221000019,3000221000081,3000221000017,3000221000018,3000221000082,778,86.66813,78.40582,84.77469,13781,37.90332,11.640237,7.7375016,34174,4,1,0,378.3693,197.35538,164.51723,109.43866,164.18413,-1.173703,2.4488916,-0.83375907,8279247,3,1013,0.055156577,588
3000221000019,44000300001047,3000221000080,3000221000000,44,0.75503564,3000221000020,-1,3000221000018,3000221000019,3000221000083,574,64.204994,45.442673,55.770554,13781,37.671474,11.518139,7.6353683,34174,4,1,0,399.5369,216.5825,189.01352,99.78615,179.43787,-0.18233447,1.1052607,-0.18980029,8279473,3,1047,0.037443787,432
3000221000020,43000300001058,3000221000042,3000221000000,43,0.8276991,3000221000021,3000221000043,3000221000019,3000221000084,3000221000043,434,0.0,0.0,0.0,13781,37.50431,11.434261,7.560465,34174,4,1,0,366.8168,187.51297,172.94566,77.17604,128.96143,-0.23921199,0.81377465,-0.14429732,8279519,3,1058,0.05243823,599
3000221000021,42000300001006,3000221000042,3000221000000,42,0.9054624,3000221000022,-1,3000221000020,3000221000085,3000221000044,371,0.0,0.0,0.0,13781,37.32446,11.345476,7.482045,34174,4,1,0,351.67288,177.02625,166.64322,69.82223,121.06887,-0.58091295,1.0392365,-0.009099005,8279270,3,1006,0.05074023,844
3000221000022,41000300000960,3000221000042,3000221000000,41,0.98870814,3000221000023,-1,3000221000021,3000221000086,3000221000045,291,0.0,0.0,0.0,13781,37.161865,11.253558,7.4000497,34174,4,1,0,345.03656,171.83301,178.85548,64.250534,116.805885,-0.111572325,0.5580607,-0.2390707,8279499,3,960,0.04264905,936
3000221000023,40000300001464,3000221000042,3000221000000,40,1.0778745,3000221000024,-1,3000221000022,3000221000023,-1,249,21.516418,20.913958,21.430351,13780,36.99354,11.174544,7.298002,34167,4,1,0,333.25644,165.8411,173.94148,67.28962,119.189674,0.023113316,0.17367415,-0.0307926,8279510,3,1464,0.035118546,786
3000221000024,39000300001169,3000221000042,3000221000000,39,1.173417,3000221000025,-1,3000221000023,3000221000024,3000221000047,236,20.311499,18.848381,20.225433,13780,36.826736,11.092309,7.216675,34167,4,1,0,323.8978,160.62776,171.03165,71.33299,121.232895,0.13237613,0.375907,0.04305233,8279510,3,1169,0.030346742,651
3000221000025,38000300001460,3000221000042,3000221000000,38,1.2758462,3000221000026,-1,3000221000024,3000221000025,-1,231,19.106579,17.815594,19.106579,13780,36.658657,11.016933,7.1218476,34167,4,1,0,314.98572,151.25313,162.73372,70.74154,125.15135,0.24887507,0.20619288,0.166228,8279423,3,1460,0.028594565,334
3000221000026,37000300001579,3000221000042,3000221000000,37,1.3857181,3000221000027,-1,3000221000025,3000221000026,-1,189,17.557398,16.266413,17.643463,13780,36.49499,10.929316,7.034102,34167,4,1,0,304.3213,147.59863,161.63472,72.57859,125.86155,-0.061119262,0.5224184,0.047854427,8279506,3,1579,0.024641762,701
3000221000027,36000300001588,3000221000042,3000221000000,36,1.5036365,3000221000028,-1,3000221000026,3000221000027,-1,179,16.696741,15.663952,16.782806,13780,36.324863,10.835828,6.958208,34167,4,1,0,295.10544,145.94377,154.77927,68.08144,118.81048,-0.11999467,0.38900334,0.038027946,8281440,3,1588,0.02619126,947
3000221000028,35000300001541,3000221000042,3000221000000,35,1.6302707,3000221000029,-1,3000221000027,3000221000028,-1,180,14.11477,13.340179,14.71723,13780,36.156315,10.767716,6.8861136,34167,4,1,0,287.5525,138.11186,142.38255,68.62554,117.422226,0.04266533,0.64182675,-0.083613545,8279529,3,1541,0.025502734,32
3000221000029,34000300001554,3000221000042,3000221000000,34,1.766336,3000221000030,-1,3000221000028,3000221000029,-1,163,12.565588,12.049194,12.651653,13780,35.98169,10.678351,6.7952175,34160,4,1,0,286.66483,138.87958,134.64136,65.082054,118.82027,0.005282945,0.68013555,-0.15998869,8279423,3,1554,0.024645537,701
3000221000030,33000300001597,3000221000042,3000221000000,33,1.9126327,3000221000031,-1,3000221000029,3000221000030,-1,145,11.016406,10.758209,11.5328,13780,35.83226,10.589498,6.7178097,34160,4,1,0,279.1709,127.46999,126.14265,63.621735,118.39821,0.037599344,0.51301545,-0.08006242,8281438,3,1597,0.022474704,94
3000221000031,32000300001489,3000221000042,3000221000000,32,2.0700274,3000221000032,-1,3000221000030,3000221000031,-1,145,11.016406,9.8975525,11.102471,13780,35.677002,10.528154,6.6410418,34160,3,1,0,271.5647,122.56734,129.21115,65.10017,113.73445,-0.016745437,0.45160425,-0.10866912,8279502,3,1489,0.023145728,948
3000221000032,31000300001432,3000221000042,3000221000000,31,2.2394855,3000221000033,-1,3000221000031,3000221000032,-1,142,11.877063,10.93034,12.393456,13780,35.52474,10.455083,6.583101,34160,3,1,0,261.94775,117.569336,118.0425,69.5565,117.02076,-0.058998413,0.28499874,-0.07247213,8279502,3,1432,0.01991716,577
3000221000033,30000300001314,3000221000042,3000221000000,30,2.422044,3000221000034,-1,3000221000032,3000221000033,-1,149,12.393456,11.704931,13.254113,13780,35.36257,10.382839,6.488095,34160,3,1,0,260.53143,113.07773,117.53402,79.126236,130.6103,0.022868535,0.24193399,0.106225096,8279499,3,1314,0.016812395,21
3000221000034,29000300001245,3000221000042,3000221000000,29,2.6188614,3000221000035,-1,3000221000033,3000221000034,-1,139,12.393456,11.618866,12.651653,13780,35.200798,10.324192,6.399507,34160,3,1,0,258.9717,107.258064,113.84183,75.33136,117.4293,0.10714012,0.23354323,0.07469599,8279499,3,1245,0.020001054,258
3000221000035,28000300001137,3000221000042,3000221000000,28,2.8311827,3000221000036,-1,3000221000034,3000221000035,-1,145,10.586078,10.327881,10.758209,13791,35.083233,10.272019,6.349148,34105,3,1,0,248.55234,99.452896,113.802536,72.84561,121.82858,0.17780939,0.17763202,0.06397363,8279473,3,1137,0.01955326,840
3000221000036,27000300001035,3000221000042,3000221000000,27,3.060419,3000221000037,-1,3000221000035,3000221000036,-1,138,9.122961,8.692633,9.553289,13791,34.96512,10.214057,6.2937646,34105,3,1,0,241.13931,94.601006,114.5578,71.77267,122.678375,0.10969547,0.2513119,0.0074269464,8279506,3,1035,0.022416843,193
3000221000037,26000300001004,3000221000042,3000221000000,26,3.3080978,3000221000038,-1,3000221000036,3000221000037,-1,121,8.176239,8.090173,8.520501,13791,34.803642,10.166572,6.1910224,34105,3,1,0,226.43076,85.26263,115.313805,67.55302,113.73857,0.3245763,0.5642101,-0.09481298,8279260,3,1004,0.019841319,275
3000221000038,25000300000927,3000221000042,3000221000000,25,3.575905,3000221000039,-1,3000221000037,3000221000038,-1,111,5.8524656,5.7664,6.024597,13791,34.625713,10.122402,6.128515,34105,3,1,0,228.31734,84.16924,107.010025,70.64062,108.265015,0.2808021,0.29481143,-0.0909441,8279501,3,927,0.019066632,212
3000221000039,24000300000923,3000221000042,3000221000000,24,3.8656828,3000221000040,-1,3000221000038,3000221000039,-1,100,6.799188,6.4549255,7.4877133,13791,34.547092,10.062236,6.1060386,34105,3,1,0,208.75632,93.698845,121.35208,67.90198,110.99981,0.16332202,0.24865839,-0.018372267,8279517,3,923,0.016400764,229
3000221000040,23000300000922,3000221000042,3000221000000,23,4.1794686,3000221000041,-1,3000221000039,3000221000040,-1,85,4.0450864,3.9590209,4.3893495,13791,34.400932,10.036507,6.003678,34105,3,1,0,213.7971,77.59554,109.81134,75.98818,105.09236,0.32660863,0.24729452,-0.2693267,8279523,3,922,0.0149370795,84
3000221000041,22000300001037,3000221000042,3000221000000,22,4.5195556,3000221000042,-1,3000221000040,3000221000041,-1,64,3.18443,3.18443,3.2704954,13791,34.32052,9.984759,5.945731,34105,3,1,0,211.79155,57.578842,102.68136,61.535122,99.30267,0.044820633,0.15746067,-0.21991193,8279419,3,1037,0.01303316,204
3000221000042,21000300001212,3000221000042,3000221000000,21,4.888449,-1,-1,3000221000041,3000221000042,-1,43,1.9795104,1.9795104,2.1516418,13791,34.21737,9.930598,5.905036,34105,3,1,0,216.79523,53.206776,108.88426,48.769417,81.12216,0.11092631,0.2457866,-0.13775772,8279519,3,1212,0.012374098,654
3000221000043,43000300001060,3000221000080,3000221000000,43,0.8276991,3000221000044,-1,3000221000019,3000221000084,-1,96,0.0,0.0,0.0,13781,37.43212,11.370732,7.516497,34174,4,1,0,441.14304,273.44998,250.93555,68.55885,122.23478,0.273099,0.18996836,-0.069335334,8279281,3,1060,0.01426094,866
3000221000044,42000300001008,3000221000080,3000221000000,42,0.9054624,3000221000045,-1,3000221000043,3000221000085,3000221000107,162,0.0,0.0,0.0,13781,37.22174,11.242084,7.390745,34174,4,1,0,410.85995,242.42892,219.62094,68.86035,121.33936,0.25004393,0.19010665,-0.11196096,8279058,3,1008,0.020940991,541
3000221000045,41000300000961,3000221000080,3000221000000,41,0.98870814,3000221000046,-1,3000221000044,3000221000086,3000221000108,171,0.0,0.0,0.0,13780,37.00693,11.126013,7.289631,34167,4,1,0,393.43552,231.29749,201.06163,68.09795,120.86145,0.18783702,0.317779,-0.0036674147,8279079,3,961,0.022003213,700
3000221000046,40000300001599,3000221000080,3000221000000,40,1.0778745,3000221000047,-1,3000221000045,3000221000046,-1,201,17.987726,16.954937,17.987726,13780,36.794018,11.009346,7.174279,34167,4,1,0,376.5091,219.44952,190.5696,64.34176,118.37998,0.19797826,0.3764645,-0.009662374,8279279,3,1599,0.028381938,70
3000221000047,39000300001170,3000221000080,3000221000000,39,1.173417,3000221000048,-1,3000221000046,3000221000024,-1,178,0.0,0.0,0.0,13780,36.59406,10.896338,7.081094,34167,4,1,0,364.42163,205.48828,179.21957,74.572784,130.61827,0.28510773,0.34939903,0.029376594,8279279,3,1170,0.02041985,974
3000221000048,38000300001663,3000221000080,3000221000000,38,1.2758462,3000221000049,-1,3000221000047,3000221000048,-1,175,16.09428,15.31969,16.09428,13780,36.385803,10.78023,7.003662,34167,4,1,0,348.3631,194.49329,170.02016,68.164604,123.07036,0.29280406,0.39204445,0.13192603,8279722,3,1663,0.021885049,458
3000221000049,37000300001584,3000221000080,3000221000000,37,1.3857181,3000221000050,-1,3000221000048,3000221000049,-1,186,14.803295,13.684442,14.803295,13780,36.19852,10.675342,6.913615,34165,4,1,0,342.996,186.95312,159.0874,62.522766,119.69888,0.24100977,0.52352244,-0.09322544,8279722,3,1584,0.02475701,696
3000221000050,36000300001640,3000221000080,3000221000000,36,1.5036365,3000221000051,-1,3000221000049,3000221000050,-1,161,13.856573,12.307391,13.856573,13780,36.006763,10.582438,6.814288,34160,4,1,0,338.9734,180.49117,152.42696,67.64234,129.03767,-0.06906702,0.5276914,-0.16680014,8279775,3,1640,0.022055684,178
3000221000051,35000300001612,3000221000080,3000221000000,35,1.6302707,3000221000052,-1,3000221000050,3000221000051,-1,165,13.770508,12.393456,13.770508,13780,35.820312,10.472051,6.730733,34160,4,1,0,325.194,172.28888,149.92685,65.33245,118.09713,0.004560617,0.4487202,-0.20283131,8279293,3,1612,0.022986092,986
3000221000052,34000300001550,3000221000080,3000221000000,34,1.766336,3000221000053,-1,3000221000051,3000221000052,-1,164,13.856573,13.598376,14.11477,13780,35.651894,10.382211,6.641747,34160,3,1,0,320.16104,164.85764,147.1112,67.37008,114.94324,-0.118235946,0.5083377,-0.1492507,8279182,3,1550,0.025247732,412
3000221000053,33000300001460,3000221000080,3000221000000,33,1.9126327,3000221000054,-1,3000221000052,3000221000053,-1,170,14.889361,13.942638,15.061493,13780,35.467903,10.313211,6.554168,34160,3,1,0,310.6316,157.31873,141.09192,71.14478,121.735634,0.012045181,0.47491735,-0.1518845,8279081,3,1460,0.02211849,223
3000221000054,32000300001247,3000221000080,3000221000000,32,2.0700274,3000221000055,-1,3000221000053,3000221000054,-1,188,14.803295,14.372967,15.31969,13780,35.281147,10.240702,6.4940557,34160,3,1,0,297.103,153.89986,138.02942,72.18227,125.223976,-0.1010585,0.43735468,-0.12208675,8279366,3,1247,0.02485379,370
3000221000055,31000300001301,3000221000080,3000221000000,31,2.2394855,3000221000056,-1,3000221000054,3000221000055,-1,173,14.459033,14.028705,14.545098,13791,35.124928,10.173594,6.398191,34105,3,1,0,289.72467,146.88586,120.591995,82.12681,124.989296,0.2589101,0.40664387,0.049956784,8279081,3,1301,0.022390168,121
3000221000056,30000300001239,3000221000080,3000221000000,30,2.422044,3000221000057,-1,3000221000055,3000221000056,-1,166,13.942638,13.684442,14.459033,13791,34.978245,10.062606,6.3641043,34105,3,1,0,278.4712,141.63617,114.34576,85.29699,134.22252,0.33840668,0.45073965,0.10724229,8279291,3,1239,0.018577795,341
3000221000057,29000300001278,3000221000067,3000221000000,29,2.6188614,3000221000058,3000221000068,3000221000056,3000221000057,3000221000068,94,8.262304,7.2295165,10.069683,13791,34.749607,9.992219,6.263176,34105,3,1,0,262.4161,134.48875,165.09657,64.23651,103.42677,0.21273845,0.04028169,-0.08829137,8279415,3,1278,0.01791289,233
3000221000058,28000300001238,3000221000067,3000221000000,28,2.8311827,3000221000059,-1,3000221000057,3000221000069,-1,65,0.0,0.0,0.0,13791,34.6276,9.910831,6.182735,34105,3,1,0,246.1129,139.82047,153.74869,63.43304,107.92234,0.022668192,-0.060928926,-0.2890802,8279295,3,1238,0.011719649,565
3000221000059,27000300001713,3000221000067,3000221000000,27,3.060419,3000221000060,-1,3000221000058,3000221000059,-1,74,2.7541015,2.6680357,2.7541015,13791,34.53525,9.868166,6.099537,34105,3,1,0,232.6318,141.18018,139.26952,51.90406,86.557045,0.013541542,-0.08771121,-0.22106354,8279287,3,1713,0.02119,169
3000221000060,26000300001787,3000221000067,3000221000000,26,3.3080978,3000221000061,-1,3000221000059,3000221000060,-1,64,2.4098387,2.4098387,2.4959044,13791,34.415306,9.79498,6.002875,34105,3,1,0,215.92696,134.96619,127.10628,47.548126,80.73244,0.03503891,-0.016301367,-0.30910438,8279346,3,1787,0.021797651,33
3000221000061,25000300002955,3000221000067,3000221000000,25,3.575905,3000221000062,-1,3000221000060,3000221000061,-1,33,2.4959044,2.4959044,2.4959044,13784,34.293983,9.72991,5.9500995,34091,3,1,0,206.95212,118.76847,110.3782,52.16827,91.53532,0.01337855,-0.011402087,-0.096630424,8279346,3,2955,0.008685831,537
3000221000062,24000300002247,3000221000067,3000221000000,24,3.8656828,3000221000063,-1,3000221000061,3000221000062,-1,40,2.5819702,2.4959044,2.840167,13784,34.157772,9.670122,5.882481,34090,3,1,0,193.05139,118.113335,106.32973,49.020233,86.56967,0.0112962825,-0.038431875,-0.15058798,8279286,3,2247,0.011372271,643
3000221000063,23000300002379,3000221000067,3000221000000,23,4.1794686,3000221000064,-1,3000221000062,3000221000063,-1,33,1.6352477,1.6352477,1.8073791,13787,34.036587,9.56573,5.820003,34062,3,1,0,190.52803,114.14376,105.077225,51.27495,86.81598,0.08114005,-0.14552699,-0.14128275,8279342,3,2379,0.01024149,731
3000221000064,22000300001820,3000221000067,3000221000000,22,4.5195556,3000221000065,-1,3000221000063,3000221000064,-1,37,2.065576,2.065576,2.3237731,13787,33.94076,9.493035,5.766511,34062,3,1,0,179.02534,111.04728,96.27505,50.388664,84.552155,0.11258199,-0.113722466,-0.119473025,8279342,3,1820,0.011182999,724
3000221000065,21000300002288,3000221000067,3000221000000,21,4.888449,3000221000066,-1,3000221000064,3000221000065,-1,23,1.9795104,1.9795104,1.9795104,13787,33.843357,9.428826,5.7475395,34062,3,1,0,176.75201,141.7626,77.546455,46.739037,82.95195,0.018390574,-0.05757258,-0.04386254,8279279,3,2288,0.0070508122,277
3000221000066,20000300002205,3000221000067,3000221000000,20,5.2888336,3000221000067,-1,3000221000065,3000221000066,-1,23,1.8934448,1.8934448,1.8934448,13787,33.74287,9.33976,5.6861887,34062,3,1,0,166.66336,130.00569,76.17051,57.32323,96.64535,0.031357374,-0.054775055,-0.057915706,8279347,3,2205,0.005085362,64
3000221000067,19000300001679,3000221000067,3000221000000,19,5.7238646,-1,-1,3000221000066,3000221000067,-1,23,1.8073791,1.8073791,1.8073791,13787,33.667656,9.272322,5.6419673,34062,3,1,0,150.6273,138.26134,70.66804,47.392185,82.87029,-9.634577E-4,0.04448294,-0.09966365,8279347,3,1679,0.0066976463,325
3000221000068,29000300001279,3000221000080,3000221000000,29,2.6188614,3000221000069,-1,3000221000056,3000221000057,-1,23,0.0,0.0,0.0,13791,34.82944,9.968049,6.3426175,34105,3,1,0,291.31198,139.90797,34.17308,52.47606,88.74302,0.06332002,-0.04752322,0.040502682,8279486,3,1279,0.007239447,284
3000221000069,28000300001239,3000221000080,3000221000000,28,2.8311827,3000221000070,-1,3000221000068,3000221000069,3000221000058,54,5.3360715,5.3360715,5.4221373,13791,34.636166,9.888513,6.338679,34105,3,1,0,287.95187,133.2063,35.81665,51.752396,95.18695,-0.052123375,-0.012925812,0.031847175,8279486,3,1239,0.013895026,727
3000221000070,27000300002309,3000221000080,3000221000000,27,3.060419,3000221000071,-1,3000221000069,3000221000070,-1,54,4.3893495,4.3893495,4.3893495,13791,34.50114,9.82674,6.285367,34105,3,1,0,281.6193,128.43854,47.20689,58.37927,102.51461,-0.084212855,-0.0148653425,0.020481473,8279392,3,2309,0.011462674,487
3000221000071,26000300001999,3000221000080,3000221000000,26,3.3080978,3000221000072,-1,3000221000070,3000221000071,-1,58,4.131152,4.0450864,4.131152,13784,34.327026,9.734733,6.2685447,34091,3,1,0,263.2058,118.05204,47.407352,58.940453,98.323166,-0.06428461,3.9909384E-4,-0.0053365277,8279371,3,1999,0.012456725,931
3000221000072,25000300001732,3000221000080,3000221000000,25,3.575905,3000221000073,-1,3000221000071,3000221000072,-1,61,2.4959044,2.4959044,3.442627,13784,34.17526,9.656643,6.2382035,34090,3,1,0,257.15567,113.51715,52.63649,54.111954,91.02834,-0.13520934,-0.0272995,0.08389537,8279379,3,1732,0.016884727,141
3000221000073,24000300002304,3000221000080,3000221000000,24,3.8656828,3000221000074,-1,3000221000072,3000221000073,-1,39,1.8934448,1.8934448,1.8934448,13784,34.03641,9.599975,6.2064986,34090,3,1,0,238.85963,107.105064,43.1446,44.697304,79.49384,0.022796657,0.05547592,-0.032831836,8279371,3,2304,0.012361337,754
3000221000074,23000300002139,3000221000080,3000221000000,23,4.1794686,3000221000075,-1,3000221000073,3000221000074,-1,37,1.9795104,1.9795104,2.2377074,13784,33.91887,9.570114,6.190817,34090,3,1,0,227.49352,99.6916,45.79394,49.155968,87.72715,0.075754285,0.07548969,-0.05086246,8279061,3,2139,0.012142517,964
3000221000075,22000300002119,3000221000080,3000221000000,22,4.5195556,3000221000076,-1,3000221000074,3000221000075,-1,32,2.3237731,2.3237731,2.4098387,13784,33.809082,9.512184,6.1655884,34090,3,1,0,211.68645,92.70029,50.15629,60.06914,102.53036,0.09254101,0.05248644,-0.037205096,8279379,3,2119,0.0070845857,139
3000221000076,21000300001792,3000221000080,3000221000000,21,4.888449,3000221000077,-1,3000221000075,3000221000076,-1,33,2.4098387,2.3237731,2.4959044,13784,33.710476,9.473158,6.1541786,34090,3,1,0,214.36081,88.726524,49.87706,54.171047,96.65461,0.066442735,0.03204784,-0.04106086,8279061,3,1792,0.0076097045,593
3000221000077,20000300001694,3000221000080,3000221000000,20,5.2888336,3000221000078,-1,3000221000076,3000221000077,-1,29,1.2049193,1.2049193,1.2049193,13784,33.62396,9.436743,6.1442585,34090,3,1,0,205.79951,86.184326,46.145355,45.094128,80.16605,0.09459357,8.531104E-5,-0.08419863,8279377,3,1694,0.010259764,362
3000221000078,19000300001944,3000221000080,3000221000000,19,5.7238646,3000221000079,-1,3000221000077,3000221000078,-1,21,1.2909851,1.2909851,1.2909851,13784,33.507744,9.39797,6.111759,34090,3,1,0,197.19374,85.62682,35.68546,46.500347,83.4391,0.056007273,-0.07199253,-0.07208473,8279371,3,1944,0.0070348186,738
3000221000079,18000300001550,3000221000080,3000221000000,18,6.1968336,3000221000080,-1,3000221000078,3000221000079,-1,20,1.2909851,1.2909851,1.2909851,13784,33.379944,9.316121,6.112905,34090,3,1,0,186.18135,82.46696,34.742287,52.136253,85.42478,0.023910115,-0.056148782,-0.033609994,8279377,3,1550,0.0065702475,311
3000221000080,17000300001083,3000221000080,3000221000000,17,6.7115865,-1,-1,3000221000079,3000221000080,-1,20,1.2049193,1.2049193,1.2909851,13784,33.32709,9.319769,6.067202,34090,3,1,0,189.49083,84.51898,40.077267,54.81798,90.31716,0.021727528,-0.054551058,-0.03525754,8279375,3,1083,0.005200155,713
3000221000081,45000300001015,3000221000081,3000221000000,45,0.6871088,-1,3000221000082,3000221000017,3000221000018,-1,32,0.0,0.0,0.0,13781,37.842144,11.619308,7.7452803,34174,4,1,0,435.3036,238.57281,202.51608,50.916637,87.0315,-0.037557226,0.045012955,0.09779855,8279254,3,1015,0.009360482,585
3000221000082,45000300001014,3000221000127,3000221000000,45,0.6871088,3000221000083,-1,3000221000017,3000221000018,3000221000081,121,0.0,0.0,0.0,13781,37.99396,11.662594,7.703579,34174,4,1,0,245.942,106.60292,123.20681,71.98288,126.57902,-0.31008473,0.18786281,-0.16183911,8278409,3,1014,0.01767094,937
3000221000083,44000300001048,3000221000127,3000221000000,44,0.75503564,3000221000084,-1,3000221000082,3000221000019,-1,255,0.0,0.0,0.0,13781,37.86354,11.614078,7.6552787,34174,4,1,0,288.43134,122.4014,101.86599,86.85962,148.63261,-0.59318894,0.3350883,-0.1781158,8281880,3,1048,0.02537928,902
3000221000084,43000300001059,3000221000127,3000221000000,43,0.8276991,3000221000085,-1,3000221000083,3000221000084,3000221000020,271,45.873,39.073814,44.323822,13781,37.72443,11.557815,7.614892,34174,4,1,0,294.79233,125.61746,90.52495,91.12253,147.89986,-0.5558,0.269698,-0.17321423,8278968,3,1059,0.023880793,302
3000221000085,42000300001007,3000221000106,3000221000000,42,0.9054624,3000221000086,3000221000107,3000221000084,3000221000085,3000221000021,260,37.00824,23.495928,34.684467,13781,37.572258,11.478745,7.5465,34174,4,1,0,304.4794,140.39587,100.60145,76.14049,124.75465,-0.55899763,0.33322373,-0.2339043,8279176,3,1007,0.032762047,497
3000221000086,41000300000959,3000221000106,3000221000000,41,0.98870814,3000221000087,-1,3000221000085,3000221000086,3000221000022,336,37.6107,34.42627,37.266438,13781,37.413456,11.39817,7.508363,34174,4,1,0,302.10593,136.87364,88.46259,77.289764,125.30178,-0.8069561,0.11639362,-0.14370021,8278951,3,959,0.043408874,965
3000221000087,40000300001195,3000221000106,3000221000000,40,1.0778745,3000221000088,-1,3000221000086,3000221000087,-1,429,35.37299,32.18856,35.286926,13781,37.25828,11.319283,7.4482355,34174,4,1,0,305.72015,132.97853,90.90201,82.12921,136.2122,-0.9265439,0.018634627,-0.3047831,8278921,3,1195,0.04683486,912
3000221000088,39000300001229,3000221000106,3000221000000,39,1.173417,3000221000089,-1,3000221000087,3000221000088,3000221000109,329,34.512333,32.704956,34.25414,13780,37.108818,11.274668,7.4168115,34167,4,1,0,303.2203,124.58186,68.99452,91.245735,141.86821,-0.81112605,0.07202654,-0.29215977,8278942,3,1229,0.031099625,741
3000221000089,38000300001195,3000221000106,3000221000000,38,1.2758462,3000221000090,-1,3000221000088,3000221000089,-1,352,30.725445,28.401672,30.725445,13780,36.945557,11.200844,7.427232,34167,4,1,0,298.3109,126.31168,85.70845,90.184906,138.57372,-0.96773905,0.05649641,-0.25437865,8281935,3,1195,0.037148785,756
3000221000090,37000300001172,3000221000106,3000221000000,37,1.3857181,3000221000091,-1,3000221000089,3000221000090,3000221000110,269,20.311499,18.073792,20.311499,13780,36.76789,11.148926,7.404,34167,4,1,0,309.19135,142.49376,55.017296,74.26386,125.79076,-0.56268907,-0.27187294,-0.039356854,8279176,3,1172,0.03458454,797
3000221000091,36000300001197,3000221000106,3000221000000,36,1.5036365,3000221000092,-1,3000221000090,3000221000091,3000221000111,233,17.47133,16.438543,17.987726,13780,36.586937,11.061204,7.383031,34167,4,1,0,303.8412,145.60356,52.573204,69.260254,127.30249,-0.20923479,-0.30767182,-0.22258669,8279176,3,1197,0.030892786,132
3000221000092,35000300001447,3000221000106,3000221000000,35,1.6302707,3000221000093,-1,3000221000091,3000221000092,-1,206,16.180346,15.061493,16.352478,13780,36.43681,10.978869,7.3628855,34167,4,1,0,295.56293,142.84435,53.54482,69.69725,122.75691,-0.09476397,-0.29928464,-0.040922347,8278395,3,1447,0.025907068,98
3000221000093,34000300001327,3000221000106,3000221000000,34,1.766336,3000221000094,-1,3000221000092,3000221000093,-1,227,16.09428,15.147558,16.610674,13780,36.252705,10.890202,7.333912,34167,4,1,0,292.25922,143.86763,54.200882,69.45872,125.27826,-0.16557989,-0.3425886,0.025953634,8278395,3,1327,0.028327966,131
3000221000094,33000300001333,3000221000106,3000221000000,33,1.9126327,3000221000095,-1,3000221000093,3000221000094,-1,211,16.696741,16.180346,17.041002,13780,36.098236,10.809749,7.2934027,34166,4,1,0,284.32455,142.82315,54.179058,71.61295,125.30034,-0.1794308,-0.30802935,0.007154351,8278395,3,1333,0.026319083,696
3000221000095,32000300001235,3000221000106,3000221000000,32,2.0700274,3000221000096,-1,3000221000094,3000221000095,-1,194,17.041002,16.180346,17.643463,13780,35.937202,10.732235,7.2623577,34164,4,1,0,280.21515,139.4232,53.658493,76.08397,130.52924,-0.16918148,-0.2862696,-0.07137537,8278970,3,1235,0.02328327,364
3000221000096,31000300001286,3000221000106,3000221000000,31,2.2394855,3000221000097,-1,3000221000095,3000221000096,-1,180,15.663952,15.491821,15.922149,13780,35.774857,10.645263,7.215793,34164,4,1,0,271.6468,132.21272,60.297016,85.1184,136.00858,-0.18298537,-0.31803158,-0.107047044,8278953,3,1286,0.018590799,359
3000221000097,30000300001233,3000221000106,3000221000000,30,2.422044,3000221000098,-1,3000221000096,3000221000097,-1,168,14.028705,13.51231,14.200836,13780,35.6132,10.571778,7.196988,34164,3,1,0,264.70413,124.34451,58.084095,74.29865,129.5786,-0.094937176,-0.27308708,-0.20216374,8278942,3,1233,0.020756416,369
3000221000098,29000300001139,3000221000106,3000221000000,29,2.6188614,3000221000099,-1,3000221000097,3000221000098,-1,163,10.069683,9.983618,10.758209,13780,35.473854,10.522898,7.168758,34164,3,1,0,259.88574,122.25958,58.314964,66.22563,116.90579,-0.11810409,-0.21473481,-0.16993833,8278923,3,1139,0.02701703,921
3000221000099,28000300001197,3000221000106,3000221000000,28,2.8311827,3000221000100,-1,3000221000098,3000221000099,-1,128,6.4549255,6.282794,7.2295165,13780,35.344685,10.444414,7.0979524,34164,3,1,0,245.52206,124.181816,52.42324,61.3474,99.56988,-0.2556237,-0.26753613,-0.17431872,8278969,3,1197,0.02520161,337
3000221000100,27000300001410,3000221000106,3000221000000,27,3.060419,3000221000101,-1,3000221000099,3000221000100,-1,92,5.7664,5.7664,6.196728,13780,35.173252,10.367875,7.081783,34164,3,1,0,241.78735,126.81738,51.284393,60.201775,99.00487,-0.21786655,-0.19965392,-0.08268024,8279034,3,1410,0.020033713,55
3000221000101,26000300001218,3000221000106,3000221000000,26,3.3080978,3000221000102,-1,3000221000100,3000221000101,-1,99,4.733612,4.6475463,5.3360715,13791,35.01948,10.284068,7.027367,34109,3,1,0,214.12657,128.53336,45.2165,59.310223,99.13905,0.20056863,-0.2791548,-0.05381056,8279034,3,1218,0.018830001,699
3000221000102,25000300001731,3000221000106,3000221000000,25,3.575905,3000221000103,-1,3000221000101,3000221000102,-1,59,4.131152,4.131152,4.3032837,13791,34.90117,10.196314,6.9941006,34109,3,1,0,225.71626,123.61354,55.971172,53.700665,95.826805,-0.0661308,-0.019512536,0.116980515,8278955,3,1731,0.015736565,721
3000221000103,24000300001801,3000221000106,3000221000000,24,3.8656828,3000221000104,-1,3000221000102,3000221000103,-1,51,2.6680357,1.9795104,2.7541015,13791,34.76371,10.121824,6.9811974,34109,3,1,0,221.36122,127.00902,55.864014,50.138386,86.72686,-0.07635331,0.048815485,0.23913783,8278955,3,1801,0.015183109,249
3000221000104,23000300002318,3000221000106,3000221000000,23,4.1794686,3000221000105,-1,3000221000103,3000221000104,-1,34,1.8934448,1.8934448,2.1516418,13791,34.632877,10.045058,6.882428,34109,3,1,0,221.1001,123.09789,56.300797,48.42064,79.740845,-0.067654826,-0.07576253,0.06271105,8278952,3,2318,0.011270976,140
3000221000105,22000300002281,3000221000106,3000221000000,22,4.5195556,3000221000106,-1,3000221000104,3000221000105,-1,31,2.3237731,2.3237731,2.3237731,13791,34.51133,9.9837055,6.864185,34109,3,1,0,212.98578,113.93222,57.109024,54.041706,90.75795,-0.100663066,-0.02548386,0.06747049,8278952,3,2281,0.0076167677,71
3000221000106,21000300001847,3000221000106,3000221000000,21,4.888449,-1,-1,3000221000105,3000221000106,-1,32,0.516394,0.516394,0.6885254,13791,34.344307,9.947743,6.85361,34109,3,1,0,213.21614,108.29434,51.871857,47.76387,80.99759,-0.061158337,0.0441154,0.058392722,8278955,3,1847,0.011594767,233
3000221000107,42000300001009,3000221000127,3000221000000,42,0.9054624,3000221000108,-1,3000221000084,3000221000085,-1,20,0.0,0.0,0.0,13781,37.58612,11.51772,7.5990677,34174,4,1,0,285.2759,102.84255,-10.108543,37.73044,63.42773,-0.021365644,0.015655337,-0.15432145,8281883,3,1009,0.011748435,615
3000221000108,41000300000962,3000221000127,3000221000000,41,0.98870814,3000221000109,-1,3000221000107,3000221000086,-1,27,0.0,0.0,0.0,13781,37.437992,11.455558,7.5812845,34174,4,1,0,309.1233,144.6505,61.858852,53.539967,82.39788,-0.07372084,0.051689792,-0.04579248,8281883,3,962,0.008452955,967
3000221000109,39000300001230,3000221000127,3000221000000,39,1.173417,3000221000110,-1,3000221000108,3000221000088,-1,29,0.0,0.0,0.0,13780,37.104267,11.276546,7.467099,34167,4,1,0,337.90982,218.60803,200.98007,53.531857,96.73583,-0.015448976,-0.029327648,-0.14006557,8281400,3,1230,0.007961976,18
3000221000110,37000300001173,3000221000127,3000221000000,37,1.3857181,3000221000111,-1,3000221000109,3000221000090,-1,62,0.0,0.0,0.0,13780,36.78817,11.134477,7.225696,34167,4,1,0,262.8449,73.928024,180.14644,53.424866,94.71539,-0.007588176,-0.05396466,-0.13684246,8281482,3,1173,0.013324081,863
3000221000111,36000300001198,3000221000127,3000221000000,36,1.5036365,3000221000112,-1,3000221000110,3000221000091,-1,74,0.0,0.0,0.0,13780,36.640476,11.0852,7.1338706,34167,4,1,0,274.33078,63.72233,150.57317,52.068638,93.94877,0.06752452,-0.052974798,-0.15360884,8281883,3,1198,0.01732171,782
3000221000112,35000300002419,3000221000127,3000221000000,35,1.6302707,3000221000113,-1,3000221000111,3000221000112,-1,83,7.4877133,7.2295165,7.659845,13780,36.484043,11.057737,7.0519967,34167,4,1,0,272.23718,62.558506,135.0874,59.167713,107.91215,0.044012256,-0.074825875,-0.13671608,8281398,3,2419,0.015128958,383
3000221000113,34000300002131,3000221000127,3000221000000,34,1.766336,3000221000114,-1,3000221000112,3000221000113,-1,94,8.176239,8.090173,8.262304,13780,36.33661,11.035569,6.9663043,34167,4,1,0,273.43903,62.759563,125.95401,49.99923,93.3394,0.045427438,-0.092696965,-0.16125977,8281400,3,2131,0.023535555,177
3000221000114,33000300002059,3000221000127,3000221000000,33,1.9126327,3000221000115,-1,3000221000113,3000221000114,-1,96,7.3155823,6.799188,7.3155823,13780,36.169598,11.005079,6.89697,34167,4,1,0,276.32828,58.924053,117.27256,55.261444,92.67709,0.050989535,-0.09715316,-0.30458486,8281376,3,2059,0.02154864,297
3000221000115,32000300002163,3000221000127,3000221000000,32,2.0700274,3000221000116,-1,3000221000114,3000221000115,-1,76,6.799188,6.7131224,6.799188,13780,36.017384,10.961816,6.861192,34166,4,1,0,261.09784,61.130093,100.698746,54.78679,99.62979,-0.010718696,-0.057990648,-0.009758012,8281400,3,2163,0.0145430695,319
3000221000116,31000300002247,3000221000127,3000221000000,31,2.2394855,3000221000117,-1,3000221000115,3000221000116,-1,74,5.9385314,5.7664,6.1106625,13780,35.882885,10.930376,6.819,34162,4,1,0,259.94412,59.864983,95.13494,57.512276,98.4539,0.006998815,-0.025674932,0.005670565,8281883,3,2247,0.01568866,368
3000221000117,30000300002249,3000221000127,3000221000000,30,2.422044,3000221000118,-1,3000221000116,3000221000117,-1,71,5.4221373,5.4221373,5.594269,13780,35.74243,10.878301,6.7669573,34162,4,1,0,258.3706,55.341297,89.69477,51.363796,92.87622,0.053371098,-0.10543565,0.028156124,8281865,3,2249,0.018110713,566
3000221000118,29000300002248,3000221000127,3000221000000,29,2.6188614,3000221000119,-1,3000221000117,3000221000118,-1,67,3.7008238,3.18443,3.7868896,13780,35.583973,10.818527,6.7002177,34162,3,1,0,255.18985,55.9896,91.658035,52.39427,102.354866,-0.091157004,-0.07421261,0.058799427,8281883,3,2248,0.018190546,508
3000221000119,28000300001975,3000221000127,3000221000000,28,2.8311827,3000221000120,-1,3000221000118,3000221000119,-1,71,3.5286925,3.5286925,3.5286925,13780,35.424976,10.786179,6.641951,34162,3,1,0,249.17198,54.316395,84.389915,48.263584,89.09916,-0.10419418,-0.11808381,0.01900386,8281873,3,1975,0.018845217,974
3000221000120,27000300002376,3000221000127,3000221000000,27,3.060419,3000221000121,-1,3000221000119,3000221000120,-1,52,3.2704954,3.0122986,3.2704954,13780,35.281925,10.758713,6.5850973,34162,3,1,0,252.93292,63.810318,82.328674,48.398346,86.8798,-0.0631179,-0.054009028,-0.011115639,8281378,3,2376,0.013955536,509
3000221000121,26000300002302,3000221000127,3000221000000,26,3.3080978,3000221000122,-1,3000221000120,3000221000121,-1,49,3.3565612,3.0122986,3.3565612,13780,35.158436,10.750449,6.546509,34162,3,1,0,242.607,57.013336,75.28289,52.783928,90.07014,-0.06793451,-0.097232066,-0.04271123,8281865,3,2302,0.011406391,904
3000221000122,25000300002642,3000221000127,3000221000000,25,3.575905,3000221000123,-1,3000221000121,3000221000122,-1,38,2.9262328,2.9262328,2.9262328,13791,35.000786,10.713859,6.511382,34105,3,1,0,233.29286,58.715996,66.15322,50.01687,89.388214,-0.12262378,-0.13337235,-0.028643243,8281378,3,2642,0.009839794,452
3000221000123,24000300002002,3000221000127,3000221000000,24,3.8656828,3000221000124,-1,3000221000122,3000221000123,-1,47,2.2377074,2.2377074,2.2377074,13791,34.87133,10.670953,6.4733443,34105,3,1,0,228.72984,61.917023,65.71389,50.61943,92.00175,-0.064663626,-0.1448509,-0.039966103,8281376,3,2002,0.012730792,38
3000221000124,23000300002200,3000221000127,3000221000000,23,4.1794686,3000221000125,-1,3000221000123,3000221000124,-1,37,2.2377074,2.2377074,2.2377074,13791,34.74948,10.615882,6.420651,34105,3,1,0,224.80733,67.53859,65.235886,55.01487,88.19895,-0.0064204335,-0.12196369,-0.09345709,8281883,3,2200,0.010375023,492
3000221000125,22000300002195,3000221000127,3000221000000,22,4.5195556,3000221000126,-1,3000221000124,3000221000125,-1,32,2.6680357,2.6680357,2.6680357,13791,34.63974,10.566847,6.4004936,34105,3,1,0,214.86487,68.21227,70.04146,57.5911,91.03046,-0.04375022,-0.11917148,-0.042724688,8281882,3,2195,0.008839362,618
3000221000126,21000300002398,3000221000127,3000221000000,21,4.888449,3000221000127,-1,3000221000125,3000221000126,-1,25,1.8073791,1.7213135,1.9795104,13791,34.506866,10.550264,6.357335,34105,3,1,0,211.63046,67.070404,74.57606,57.05179,100.75726,-0.01048385,-0.15732479,-0.007814633,8281398,3,2398,0.0061080386,794
3000221000127,20000300002206,3000221000127,3000221000000,20,5.2888336,-1,-1,3000221000126,3000221000127,-1,23,0.60245967,0.60245967,0.60245967,13791,34.38817,10.537618,6.326561,34105,3,1,0,207.31671,60.96697,59.051003,41.400898,77.10831,-0.07528102,-0.14829119,-0.11438352,8281880,3,2206,0.009508914,766
3000221000128,46000300001051,3000221000128,3000221000000,46,0.6235901,-1,-1,3000221000016,3000221000017,-1,45,0.0,0.0,0.0,13802,38.133137,11.740476,7.79714,34285,4,1,0,418.52924,215.07095,45.78885,68.01753,114.63186,0.01024812,0.028804854,0.05378603,8279256,3,1051,0.0085047595,703
3000221000129,48000300001074,3000221000129,3000221000000,48,0.5085914,-1,-1,3000221000014,3000221000015,-1,26,0.0,0.0,0.0,13591,38.491848,11.90914,7.893838,36041,4,1,0,344.30328,185.86702,172.25006,45.851433,69.42235,0.07852601,0.15862654,0.21153462,8279511,3,1074,0.011928936,238
3000221000130,53000300001146,3000221000138,3000221000000,53,0.2798018,3000221000131,-1,3000221000009,3000221000010,-1,22,0.0,0.0,0.0,13544,39.19474,12.433865,8.479869,36480,4,1,0,282.99374,145.36674,71.36883,23.251917,40.453228,-0.013360368,0.1490644,0.2888352,8278205,3,1146,0.027142186,900
3000221000131,52000300004538,3000221000138,3000221000000,52,0.31970343,3000221000132,-1,3000221000130,3000221000131,-1,36,1.8073791,1.2049193,1.549182,13544,39.091785,12.390278,8.457469,36480,4,1,0,278.54526,145.95274,88.92978,26.36458,47.751442,0.25720593,0.10010355,0.13496217,8278191,3,4538,0.045653827,712
3000221000132,51000300004539,3000221000138,3000221000000,51,0.36234027,3000221000133,-1,3000221000131,3000221000132,-1,36,1.8934448,1.1188537,1.3770508,13591,38.981525,12.339878,8.429212,36041,4,1,0,277.82016,149.8283,96.40826,26.265299,44.029343,0.28661135,0.10491962,0.13582863,8278205,3,4539,0.04508152,862
3000221000133,50000300004411,3000221000138,3000221000000,50,0.40789944,3000221000134,-1,3000221000132,3000221000133,-1,38,3.18443,1.4631164,3.098364,13591,38.904606,12.236937,8.417698,36041,4,1,0,277.61395,148.77194,103.858475,29.329477,49.75171,0.31274545,0.16387157,0.27210662,8278191,3,4411,0.039633967,890
3000221000134,49000300004934,3000221000138,3000221000000,49,0.45657724,3000221000135,-1,3000221000133,3000221000134,-1,33,3.0122986,1.8073791,2.5819702,13591,38.780228,12.184773,8.396,36041,4,1,0,282.51135,151.41364,105.50559,31.591417,49.91857,0.2783845,0.20349614,0.13069153,8282409,3,4934,0.02940255,444
3000221000135,48000300004929,3000221000138,3000221000000,48,0.5085914,3000221000136,-1,3000221000134,3000221000135,-1,33,2.9262328,2.6680357,2.840167,13591,38.67099,12.133143,8.32394,36041,4,1,0,280.18756,151.09492,107.84786,34.182053,60.618294,0.2524684,0.23005076,0.1755308,8278425,3,4929,0.020829592,982
3000221000136,47000300004759,3000221000138,3000221000000,47,0.5641766,3000221000137,-1,3000221000135,3000221000136,-1,34,2.840167,2.7541015,2.840167,13591,38.55003,12.077076,8.274977,36041,4,1,0,275.61578,151.6346,110.81656,34.34249,59.62863,0.3567271,0.26029965,0.27942795,8282409,3,4759,0.0196809,995
3000221000137,46000300004738,3000221000138,3000221000000,46,0.6235901,3000221000138,-1,3000221000136,3000221000137,-1,33,2.840167,2.4098387,2.7541015,13591,38.436016,11.997076,8.241486,36041,4,1,0,270.42676,150.30496,110.1783,31.40644,55.316387,0.33094552,0.28817606,0.20020133,8278446,3,4738,0.02830534,714
3000221000138,45000300004843,3000221000138,3000221000000,45,0.6871088,-1,-1,3000221000137,3000221000138,-1,33,2.4098387,0.86065674,2.2377074,13591,38.306267,11.920252,8.211159,36041,4,1,0,268.41528,151.69699,111.96367,27.136574,47.516926,0.3421299,0.2959931,0.19669329,8278205,3,4843,0.034380935,760
3000221000139,62000300001205,3000221000157,3000221000000,62,0.019932542,3000221000140,-1,3000221000000,3000221000001,-1,31,0.0,0.0,0.0,13544,39.89345,12.74593,8.654342,36482,4,1,0,550.9891,140.06827,220.8035,21.370962,45.393307,-0.097293206,-0.16241227,0.0015431643,1173928,3,1205,0.031761847,28
3000221000140,61000300001220,3000221000157,3000221000000,61,0.041403063,3000221000141,-1,3000221000139,3000221000002,-1,30,0.0,0.0,0.0,13544,39.774796,12.707648,8.593739,36482,4,1,0,542.33234,133.93198,212.11023,23.335802,43.61928,-0.06777493,-0.12479867,-0.09955078,1174799,3,1220,0.03585164,146
3000221000141,60000300003903,3000221000157,3000221000000,60,0.064493395,3000221000142,-1,3000221000140,3000221000141,-1,33,3.2704954,1.9795104,2.3237731,13544,39.648056,12.68356,8.55663,36480,4,1,0,532.08185,129.3985,203.3946,24.234844,45.410446,6.6461525E-4,-0.023870569,-0.12780099,1174799,3,3903,0.030514572,526
3000221000142,59000300004241,3000221000157,3000221000000,59,0.08928783,3000221000143,-1,3000221000141,3000221000142,-1,32,3.18443,1.9795104,2.4098387,13544,39.51953,12.651875,8.517737,36480,4,1,0,523.3933,126.20373,196.94781,22.985521,44.810158,-0.08674361,-0.108622156,-0.08315309,1174784,3,4241,0.035562404,566
3000221000143,58000300004374,3000221000157,3000221000000,58,0.11588337,3000221000144,-1,3000221000142,3000221000143,-1,29,2.9262328,2.1516418,2.4098387,13544,39.392246,12.620648,8.475813,36480,4,1,0,512.553,122.993996,186.1457,21.44017,42.15471,0.018598022,-0.049063172,-0.08203711,1174784,3,4374,0.04034543,317
3000221000144,57000300004897,3000221000157,3000221000000,57,0.14438343,3000221000145,-1,3000221000143,3000221000144,-1,30,2.6680357,1.6352477,2.3237731,13544,39.25617,12.583292,8.418803,36480,4,1,0,506.3373,119.91538,182.92148,21.412905,42.27825,-0.037072252,-0.14391732,-0.18676268,1174784,3,4897,0.036086567,976
3000221000145,56000300004642,3000221000157,3000221000000,56,0.17489761,3000221000146,-1,3000221000144,3000221000145,-1,32,2.6680357,1.3770508,2.2377074,13544,39.11752,12.545436,8.360437,36480,4,1,0,500.3541,120.13872,178.64746,21.260502,42.907166,-0.07150292,-0.13686953,-0.106297895,1174784,3,4642,0.039585475,728
3000221000146,55000300004786,3000221000157,3000221000000,55,0.20754863,3000221000147,-1,3000221000145,3000221000146,-1,33,2.6680357,2.3237731,2.4959044,13591,38.943745,12.511267,8.302759,36041,4,1,0,489.9348,120.46554,172.56038,23.52724,48.65828,-0.040304117,-0.07994075,-0.047951687,1174784,3,4786,0.032010447,98
3000221000147,54000300004859,3000221000157,3000221000000,54,0.24246909,3000221000148,-1,3000221000146,3000221000147,-1,33,2.840167,2.1516418,2.6680357,13591,38.782536,12.49632,8.239882,36041,4,1,0,486.93317,121.64932,169.69136,25.695337,48.38565,-0.039887633,-0.079500206,-0.04371181,1174765,3,4859,0.031084118,664
3000221000148,53000300004906,3000221000157,3000221000000,53,0.2798018,3000221000149,-1,3000221000147,3000221000148,-1,33,2.840167,2.6680357,2.840167,13591,38.64299,12.456288,8.186048,36041,4,1,0,479.05466,120.91605,164.24355,28.501549,50.734684,-0.03979903,-0.082131535,-0.039955772,1174758,3,4906,0.03250741,922
3000221000149,52000300004928,3000221000157,3000221000000,52,0.31970343,3000221000150,-1,3000221000148,3000221000149,-1,33,2.840167,2.5819702,2.840167,13591,38.46524,12.417982,8.134469,36041,4,1,0,472.05698,120.27673,159.38524,31.725294,54.67762,-0.040713314,-0.08224864,-0.038042817,1173963,3,4928,0.029043753,307
3000221000150,51000300004911,3000221000157,3000221000000,51,0.36234027,3000221000151,-1,3000221000149,3000221000150,-1,33,2.840167,2.2377074,2.7541015,13591,38.292072,12.372493,8.067454,36041,4,1,0,465.53986,119.851875,155.0441,29.647976,50.934174,-0.039956734,-0.08188823,-0.03675815,1173963,3,4911,0.028346915,278
3000221000151,50000300004882,3000221000157,3000221000000,50,0.40789944,3000221000152,-1,3000221000150,3000221000151,-1,33,2.4959044,2.1516418,2.4959044,13591,38.12726,12.330792,8.035599,36041,4,1,0,459.63452,119.32707,151.0924,28.096771,49.72385,-0.03796291,-0.079815984,-0.037207868,1174799,3,4882,0.030466571,520
3000221000152,49000300005330,3000221000157,3000221000000,49,0.45657724,3000221000153,-1,3000221000151,3000221000152,-1,29,2.4098387,1.9795104,2.3237731,13591,37.92764,12.260878,7.9840317,36040,4,1,0,456.1271,119.70578,147.62737,26.00917,47.74246,-7.2423153E-4,-0.117098846,0.030905169,1174799,3,5330,0.029390827,404
3000221000153,48000300005446,3000221000157,3000221000000,48,0.5085914,3000221000154,-1,3000221000152,3000221000153,-1,28,2.3237731,1.7213135,2.3237731,13591,37.72054,12.228561,7.901161,36040,4,1,0,452.1735,121.01673,143.90083,23.957893,47.061863,-0.022609608,-0.12589747,0.019338898,1173963,3,5446,0.028611384,698
3000221000154,47000300005579,3000221000157,3000221000000,47,0.5641766,3000221000155,-1,3000221000153,3000221000154,-1,27,2.065576,1.1188537,1.6352477,13591,37.51848,12.172072,7.8459334,36040,4,1,0,448.04214,119.58345,141.63359,24.497446,44.27702,-0.053377412,-0.1332403,0.06577521,1173934,3,5579,0.03226061,653
3000221000155,46000300005680,3000221000157,3000221000000,46,0.6235901,3000221000156,-1,3000221000154,3000221000155,-1,26,1.8934448,0.86065674,1.8934448,13802,37.329453,12.109802,7.7856255,34284,4,1,0,438.50607,116.92205,137.32948,26.101751,44.446827,-0.023515543,-0.11808668,0.07348699,1174799,3,5680,0.032936435,431
3000221000156,45000300006285,3000221000157,3000221000000,45,0.6871088,3000221000157,-1,3000221000155,3000221000156,-1,22,1.549182,1.3770508,1.4631164,13802,37.150475,12.070561,7.716456,34284,4,1,0,428.50836,116.53069,137.83855,24.563461,48.824028,-0.07597861,-0.08876499,-0.114426374,1173928,3,6285,0.019605165,803
3000221000157,44000300005365,3000221000157,3000221000000,44,0.75503564,-1,-1,3000221000156,3000221000157,-1,29,1.4631164,1.3770508,1.4631164,13803,36.940395,11.995494,7.6556835,34277,4,1,0,424.24808,114.728134,130.4312,21.91802,44.805363,-0.06723992,-0.12421386,0.026438378,1173928,3,5365,0.028623464,543