haloID,subHaloID,lastProgenitorId,treeId,snapNum,redshift,firstProgenitorId,nextProgenitorId,descendantId,firstHaloInFOFgroupId,nextHaloInFOFgroupId,np,m_Mean200,m_Crit200,m_TopHat,phKey,x,y,z,zIndex,ix,iy,iz,velX,velY,velZ,velDisp,vMax,spinX,spinY,spinZ,mostBoundID,fileNr,subhaloIndex,halfmassRadius,random
3000134000000,63000300000987,3000134000188,3000134000000,63,0.0,3000134000001,-1,-1,3000134000000,-1,3014,278.93884,227.72977,257.85275,15411,52.316517,11.695761,28.954264,56663,5,1,3,182.82413,-77.73937,-243.63927,141.76227,269.9239,0.41354552,0.15240933,-0.69198585,10453859,3,987,0.09113864,452
3000134000001,62000300001002,3000134000150,3000134000000,62,0.019932542,3000134000002,3000134000151,3000134000000,3000134000001,3000134000151,2926,276.95932,227.04124,255.87325,15411,52.27631,11.708136,29.00156,56663,5,1,3,186.84052,-80.01805,-243.84843,137.84167,262.24872,0.22022507,0.21539189,-1.1706733,10453859,3,1002,0.08873309,46
3000134000002,61000300001019,3000134000150,3000134000000,61,0.041403063,3000134000003,-1,3000134000001,3000134000002,3000134000152,2884,273.60278,226.86911,253.54947,15372,52.23292,11.724035,29.054646,56773,5,1,3,185.69473,-79.639824,-243.37146,140.63406,267.87042,0.51138693,0.06708164,-0.74640197,10453964,3,1019,0.08671498,531
3000134000003,60000300001023,3000134000121,3000134000000,60,0.064493395,3000134000004,3000134000122,3000134000002,3000134000003,3000134000153,2807,270.24622,218.26254,251.48389,15372,52.190228,11.740295,29.103422,56773,5,1,3,186.29004,-79.41609,-242.0864,141.98326,273.07,0.49324155,-0.11038302,-0.47775432,10453859,3,1023,0.08410453,64
3000134000004,59000300001029,3000134000121,3000134000000,59,0.08928783,3000134000005,-1,3000134000003,3000134000004,3000134000154,2779,268.09457,215.76663,245.02896,15372,52.14452,11.76305,29.164083,56773,5,1,3,185.20149,-80.33471,-242.88747,139.03654,263.2201,0.61023575,-0.027108975,-0.6232119,10453964,3,1029,0.083499335,216
3000134000005,58000300001013,3000134000121,3000134000000,58,0.11588337,3000134000006,-1,3000134000004,3000134000005,3000134000124,2729,263.9634,213.70107,238.40192,15372,52.097183,11.778493,29.226147,56773,5,1,3,182.99203,-78.92285,-240.39743,140.93599,266.4057,0.72582775,-0.028492633,-0.23352876,10453992,3,1013,0.081791446,521
3000134000006,57000300000967,3000134000121,3000134000000,57,0.14438343,3000134000007,-1,3000134000005,3000134000006,-1,2664,255.78717,211.80762,235.906,15372,52.047848,11.802027,29.288519,56773,5,1,3,183.12683,-79.46916,-241.95999,140.5369,267.73746,0.7099538,0.12426991,0.031663697,10453859,3,967,0.07837267,445
3000134000007,56000300000969,3000134000121,3000134000000,56,0.17489761,3000134000008,-1,3000134000006,3000134000007,-1,2669,251.39783,206.64368,235.04535,15371,51.997494,11.828088,29.357687,56801,5,1,3,182.04901,-79.67107,-242.90286,141.48203,271.56848,0.63707805,0.21359043,-0.17189167,10453859,3,969,0.0789669,189
3000134000008,55000300000915,3000134000121,3000134000000,55,0.20754863,3000134000009,-1,3000134000007,3000134000008,-1,2589,247.78307,203.71744,232.03305,15371,51.942608,11.845263,29.426294,56801,5,1,3,180.0754,-79.57667,-240.64815,139.31403,261.10965,0.70243776,0.055648033,0.028753806,10453964,3,915,0.077004455,395
3000134000009,54000300000927,3000134000121,3000134000000,54,0.24246909,3000134000010,-1,3000134000008,3000134000009,-1,2594,244.77077,201.5658,226.43878,15371,51.88479,11.863906,29.508131,56801,5,1,3,177.67717,-80.32217,-242.57127,141.6174,268.4209,0.8661109,0.14105244,0.13364606,10453236,3,927,0.07693544,873
3000134000010,53000300000924,3000134000121,3000134000000,53,0.2798018,3000134000011,-1,3000134000009,3000134000010,-1,2529,241.24208,200.70514,223.42648,15371,51.82822,11.89362,29.580624,56801,5,1,3,173.41504,-81.03101,-240.79782,142.46709,266.45172,0.7455465,0.11035007,0.19219095,10453830,3,924,0.07542563,417
3000134000011,52000300000917,3000134000121,3000134000000,52,0.31970343,3000134000012,-1,3000134000010,3000134000011,-1,2463,236.1642,198.2953,222.04944,15371,51.765686,11.92062,29.671782,56801,5,1,3,170.29791,-82.30762,-239.6422,143.42255,267.2269,0.46375862,-0.06633962,0.5651654,10453964,3,917,0.071657866,527
3000134000012,51000300000879,3000134000121,3000134000000,51,0.36234027,3000134000013,-1,3000134000011,3000134000012,-1,2585,234.1847,196.66006,220.41418,15371,51.705368,11.951293,29.766714,56800,5,1,3,167.75935,-81.423584,-236.70413,138.4918,264.54514,0.54252034,0.37074366,0.039990284,10453236,3,879,0.0779899,436
3000134000013,50000300000857,3000134000121,3000134000000,50,0.40789944,3000134000014,-1,3000134000012,3000134000013,-1,2564,232.37732,193.90596,220.58632,15371,51.641716,11.982577,29.85688,56800,5,1,3,165.81094,-80.00227,-235.4281,142.54906,270.65338,0.5921053,-0.04770503,-0.041174553,10453236,3,857,0.07603388,377
3000134000014,49000300000833,3000134000121,3000134000000,49,0.45657724,3000134000015,-1,3000134000013,3000134000014,-1,2564,233.1519,191.23792,220.32812,15371,51.577354,12.021358,29.948421,56800,5,1,3,161.52942,-81.06711,-234.93156,142.23912,266.36038,0.6921504,-0.12707777,0.2674298,10453901,3,833,0.07699005,943
3000134000015,48000300000832,3000134000121,3000134000000,48,0.5085914,3000134000016,-1,3000134000014,3000134000015,-1,2569,233.9265,193.99202,224.63141,15371,51.509197,12.051993,30.050821,56800,5,1,3,160.13902,-81.53108,-233.1841,143.2471,266.3633,0.65842944,-0.18899061,0.1382689,10453830,3,832,0.07760996,412
3000134000016,47000300000818,3000134000121,3000134000000,47,0.5641766,3000134000017,-1,3000134000015,3000134000016,-1,2481,232.20518,202.68466,224.3732,15371,51.43914,12.091702,30.150234,56800,5,1,3,158.01086,-81.1858,-231.66945,145.85214,264.2266,0.75602263,-0.41519424,0.3407982,10453830,3,818,0.07525284,505
3000134000017,46000300000757,3000134000121,3000134000000,46,0.6235901,3000134000018,-1,3000134000016,3000134000017,-1,2470,226.95517,204.0617,220.50024,15371,51.367325,12.125741,30.26142,56800,5,1,3,152.31087,-80.72838,-228.22813,152.66615,266.73434,0.82432026,-0.24786356,0.2356565,10455116,3,757,0.06938336,719
3000134000018,45000300000747,3000134000121,3000134000000,45,0.6871088,3000134000019,-1,3000134000017,3000134000018,-1,2363,222.39369,196.74612,216.54123,15371,51.301003,12.168171,30.356733,56804,5,1,3,151.23605,-82.76888,-227.97527,158.61786,274.83334,0.9727787,-0.10037789,0.2751174,10455116,3,747,0.06313264,474
3000134000019,44000300000760,3000134000102,3000134000000,44,0.75503564,3000134000020,3000134000103,3000134000018,3000134000019,3000134000103,2277,212.66827,192.70103,207.93466,15371,51.230347,12.201285,30.45949,56804,5,1,3,149.93178,-79.18902,-222.22345,149.87384,262.54834,0.80132437,-0.0626598,0.4474424,10455116,3,760,0.06400427,71
3000134000020,43000300000766,3000134000091,3000134000000,43,0.8276991,3000134000021,3000134000092,3000134000019,3000134000020,3000134000104,2147,201.39368,175.05757,196.91826,15371,51.161186,12.233743,30.567099,56804,5,1,3,145.18863,-76.028564,-215.88904,149.9437,272.75446,0.6966702,-0.18443543,0.57616657,10453868,3,766,0.062243238,122
3000134000021,42000300000776,3000134000091,3000134000000,42,0.9054624,3000134000022,-1,3000134000020,3000134000021,3000134000093,2051,184.2666,166.27887,181.34036,15371,51.08787,12.263409,30.671967,56804,5,1,3,144.21692,-75.511635,-213.62775,147.02037,264.04416,0.83162135,-0.2667275,0.7131898,10455116,3,776,0.057202175,477
3000134000022,41000300000700,3000134000091,3000134000000,41,0.98870814,3000134000023,-1,3000134000021,3000134000022,3000134000094,1945,175.14365,159.82394,172.56168,15371,51.016186,12.319586,30.776188,56804,5,1,3,142.87978,-71.79862,-209.92195,148.56207,267.68948,0.46702972,0.16417556,0.39955363,10455046,3,700,0.05638848,268
3000134000023,40000300000651,3000134000091,3000134000000,40,1.0778745,3000134000024,-1,3000134000022,3000134000023,3000134000095,1916,170.06577,159.56575,169.11905,15371,50.93238,12.356279,30.88139,56804,5,1,3,138.59584,-74.80215,-207.95485,149.33682,264.53918,0.5585941,0.09728274,0.5407948,10454107,3,651,0.055217348,339
3000134000024,39000300000640,3000134000091,3000134000000,39,1.173417,3000134000025,-1,3000134000023,3000134000024,-1,1822,164.90182,156.2092,164.29936,15371,50.85864,12.39308,30.994064,56804,5,1,3,136.84656,-74.631905,-202.33261,152.70782,268.89508,0.24967872,0.31663364,0.31080753,10454107,3,640,0.051390324,50
3000134000025,38000300000595,3000134000091,3000134000000,38,1.2758462,3000134000026,-1,3000134000024,3000134000025,-1,1719,161.201,151.90591,161.201,15366,50.77725,12.427358,31.109673,56749,5,1,3,130.79459,-72.41243,-192.71603,157.05125,267.6146,0.10844224,0.33651152,0.22581603,10454107,3,595,0.04649219,909
3000134000026,37000300000570,3000134000091,3000134000000,37,1.3857181,3000134000027,-1,3000134000025,3000134000026,-1,1710,156.72559,150.61493,157.32805,15366,50.71071,12.480392,31.20985,56749,5,1,3,124.33977,-75.268456,-189.79427,156.08931,265.53036,0.023845041,0.2990821,0.145739,10454172,3,570,0.048006024,525
3000134000027,36000300000545,3000134000091,3000134000000,36,1.5036365,3000134000028,-1,3000134000026,3000134000027,-1,1591,147.4305,141.23376,147.86082,17401,50.644905,12.52969,31.316195,169097,5,1,3,119.96695,-74.39453,-189.51337,157.43077,260.74078,0.042183254,0.3040246,0.05684794,10454126,3,545,0.043608684,593
3000134000028,35000300000508,3000134000090,3000134000000,35,1.6302707,3000134000029,3000134000091,3000134000027,3000134000028,-1,1569,140.45918,133.31572,142.1805,17401,50.577217,12.55414,31.41163,169097,5,1,3,117.68051,-70.59651,-183.09337,153.7547,264.1248,0.1015626,0.29408154,0.5873486,10454107,3,508,0.043770213,332
3000134000029,34000300000471,3000134000090,3000134000000,34,1.766336,3000134000030,-1,3000134000028,3000134000029,-1,1587,134.17638,129.27065,135.46736,17401,50.52008,12.586391,31.518288,169097,5,1,3,113.48034,-77.449646,-188.05962,150.39012,255.96483,0.17536256,0.483674,0.605891,10454403,3,471,0.047106065,644
3000134000030,33000400000169,3000134000090,3000134000000,33,1.9126327,3000134000031,-1,3000134000029,3000134000030,-1,1469,126.68867,122.55752,129.01244,17401,50.437492,12.603046,31.615162,169097,5,1,3,107.76332,-78.516235,-174.80176,158.29903,259.37894,0.20843086,0.3833294,0.9355819,10454403,4,169,0.041105855,606
3000134000031,32000400000133,3000134000090,3000134000000,32,2.0700274,3000134000032,-1,3000134000030,3000134000031,-1,1536,126.68867,121.3526,130.21736,17401,50.37015,12.650016,31.730478,169097,5,1,3,103.93319,-74.63544,-171.80113,159.19554,263.2517,0.31355125,0.3450045,0.9582834,10453245,4,133,0.04198038,67
3000134000032,31000400000113,3000134000090,3000134000000,31,2.2394855,3000134000033,-1,3000134000031,3000134000032,-1,1477,129.70097,126.17227,133.57393,17401,50.31884,12.708428,31.82396,169099,5,1,3,107.82352,-70.501976,-175.0638,168.35458,272.14453,0.3863649,0.026599027,0.7802349,10453137,4,113,0.039048355,433
3000134000033,30000400000108,3000134000090,3000134000000,30,2.422044,3000134000034,-1,3000134000032,3000134000033,-1,1483,124.62309,120.49194,129.3567,17401,50.24409,12.760334,31.92113,169099,5,1,3,110.982635,-70.389046,-170.6006,165.62758,262.69888,0.29060072,0.10910492,0.7557296,10453236,4,108,0.04122998,349
3000134000034,29000400000091,3000134000081,3000134000000,29,2.6188614,3000134000035,3000134000082,3000134000033,3000134000034,3000134000082,1382,113.77882,110.25012,118.51243,17401,50.184105,12.808574,32.010986,169099,5,1,3,111.7066,-67.17194,-167.36302,164.36768,261.75043,0.3416634,0.1804725,0.9016125,10455070,4,91,0.03839285,336
3000134000035,28000400000091,3000134000080,3000134000000,28,2.8311827,3000134000036,3000134000081,3000134000034,3000134000035,-1,1250,100.69684,97.34027,103.7952,17401,50.128876,12.837245,32.094685,169099,5,1,3,109.432076,-70.34039,-153.53221,169.54958,271.8312,0.44304284,0.31918365,1.1269889,10454178,4,91,0.032124013,485
3000134000036,27000400000079,3000134000070,3000134000000,27,3.060419,3000134000037,3000134000071,3000134000035,3000134000036,3000134000071,1103,91.40174,89.93863,93.811584,17401,50.079834,12.863803,32.20044,169099,5,1,3,106.003555,-67.59709,-165.33238,159.23578,254.80495,0.16518596,0.4463527,0.6619551,10454175,4,79,0.031564716,112
3000134000037,26000400000066,3000134000070,3000134000000,26,3.3080978,3000134000038,-1,3000134000036,3000134000037,3000134000072,1008,84.00009,81.84845,86.409935,17401,50.03004,12.915302,32.282974,169103,5,1,3,110.13155,-70.22229,-163.75865,159.15999,252.87576,0.15259518,0.508277,0.29029256,10453906,4,66,0.02964402,787
3000134000038,25000400000081,3000134000070,3000134000000,25,3.575905,3000134000039,-1,3000134000037,3000134000038,-1,872,70.83205,69.79926,71.950905,17401,49.949604,12.947751,32.378,169103,5,1,3,115.4912,-73.35309,-168.23875,173.61711,267.92868,0.039237082,0.3194017,-0.0029102382,10453895,4,81,0.023430074,816
3000134000039,24000400000058,3000134000069,3000134000000,24,3.8656828,3000134000040,3000134000070,3000134000038,3000134000039,-1,728,59.47138,58.954987,61.02056,17401,49.864677,12.950753,32.51519,169103,5,1,3,111.23653,-75.441574,-167.1887,154.56213,243.18164,-0.021125944,0.07725607,0.025388567,10454117,4,58,0.024601748,179
3000134000040,23000400000046,3000134000061,3000134000000,23,4.1794686,3000134000041,3000134000062,3000134000039,3000134000040,3000134000062,553,45.270542,44.668083,46.905792,17401,49.793415,12.965142,32.61451,169102,5,1,3,119.2545,-59.13328,-187.14044,154.87259,245.23189,-0.41095695,0.14131878,-0.2881401,10453906,4,46,0.018095227,996
3000134000041,22000400000047,3000134000061,3000134000000,22,4.5195556,3000134000042,-1,3000134000040,3000134000041,-1,484,36.061516,35.803318,36.83611,17401,49.754967,13.027334,32.678684,169102,5,1,3,122.77341,-55.25872,-173.37495,137.08098,215.59714,-0.56672686,0.06478251,-0.4852191,10454382,4,47,0.019855663,24
3000134000042,21000400000033,3000134000054,3000134000000,21,4.888449,3000134000043,3000134000055,3000134000041,3000134000042,3000134000055,324,22.377075,22.291008,23.66806,17401,49.72145,13.079181,32.783512,169102,5,1,3,113.23427,-99.00969,-166.19676,116.61541,185.93759,-0.42482534,0.24202879,-0.107069366,10453907,4,33,0.018192187,678
3000134000043,20000400000052,3000134000054,3000134000000,20,5.2888336,3000134000044,-1,3000134000042,3000134000043,-1,221,18.848381,18.848381,19.622972,17401,49.683327,13.1342945,32.87146,169102,5,1,3,100.07063,-113.596535,-166.408,121.71887,187.47064,-0.0163212,0.11457088,0.07831311,10453900,4,52,0.011869347,466
3000134000044,19000400000042,3000134000054,3000134000000,19,5.7238646,3000134000045,-1,3000134000043,3000134000044,-1,209,16.524609,16.438543,16.696741,17401,49.614346,13.193968,32.95332,169102,5,1,3,90.694466,-102.278694,-153.41344,123.906044,197.49536,-0.06346172,0.09938509,0.13728586,10453233,4,42,0.010600581,815
3000134000045,18000400000028,3000134000054,3000134000000,18,6.1968336,3000134000046,-1,3000134000044,3000134000045,-1,184,10.93034,10.93034,11.188538,17401,49.59887,13.307159,32.982872,169102,5,1,3,86.65464,-80.55585,-148.03053,101.19047,165.39513,-0.013980384,0.10648768,0.18848872,10454180,4,28,0.012882285,680
3000134000046,17000400000049,3000134000050,3000134000000,17,6.7115865,3000134000047,3000134000051,3000134000045,3000134000046,-1,90,7.573779,7.573779,7.659845,17401,49.607014,13.360245,33.054592,169102,5,1,3,36.76468,-106.62273,-127.618805,100.45757,163.09988,0.09953683,-0.066261485,-0.038581017,10453898,4,49,0.0074051702,434
3000134000047,16000400000044,3000134000050,3000134000000,16,7.272188,3000134000048,-1,3000134000046,3000134000047,-1,72,5.680334,5.680334,5.7664,17401,49.584717,13.392547,33.10189,169102,5,1,3,34.761654,-85.51954,-131.98962,95.26929,158.67448,0.09018728,0.0064015416,-0.020769885,10453897,4,44,0.005926612,70
3000134000048,15000400000040,3000134000050,3000134000000,15,7.8832035,3000134000049,-1,3000134000047,3000134000048,-1,52,3.9590209,3.9590209,4.0450864,17401,49.55343,13.410163,33.18981,169102,5,1,3,25.134035,-79.76225,-129.17137,86.38375,132.74539,0.03353261,-0.042018097,0.03722721,10453869,4,40,0.006695014,930
3000134000049,14000400000023,3000134000050,3000134000000,14,8.549912,3000134000050,-1,3000134000048,3000134000049,-1,49,2.1516418,2.1516418,2.2377074,17402,49.560867,13.473818,33.242355,169130,5,1,3,29.138563,-76.21699,-115.95723,65.44254,117.016304,0.03534018,-0.003806904,0.010136202,10453900,4,23,0.007193007,267
3000134000050,13000400000050,3000134000050,3000134000000,13,9.277915,-1,-1,3000134000049,3000134000050,-1,23,0.86065674,0.86065674,0.9467224,17402,49.558014,13.500815,33.339417,169130,5,1,3,27.634697,-78.71651,-142.50557,54.908493,94.89056,0.02754453,-0.039223664,0.0037136,10453869,4,50,0.006064369,434
3000134000051,17000400000115,3000134000054,3000134000000,17,6.7115865,3000134000052,-1,3000134000045,3000134000051,-1,57,4.8196774,4.8196774,4.905743,17401,49.488266,13.224657,33.122246,169102,5,1,3,163.77422,-42.96444,-147.83969,84.90366,137.88188,-0.10383931,0.022854812,-0.21222554,10455042,4,115,0.0064620255,821
3000134000052,16000400000129,3000134000054,3000134000000,16,7.272188,3000134000053,-1,3000134000051,3000134000052,-1,41,3.0122986,3.0122986,3.442627,17402,49.41273,13.213133,33.211716,169130,5,1,3,159.16394,-66.51685,-158.59488,77.02851,115.94668,-0.006163915,0.006937772,-0.08216968,10455036,4,129,0.006974135,79
3000134000053,15000400000135,3000134000054,3000134000000,15,7.8832035,3000134000054,-1,3000134000052,3000134000053,-1,30,1.8073791,1.8073791,1.8073791,17402,49.31816,13.322999,33.25401,169130,5,1,3,151.01671,-63.89018,-136.8649,62.552483,107.123825,-0.06667127,-0.001293547,-0.031614285,10454416,4,135,0.0057016984,608
3000134000054,14000400000138,3000134000054,3000134000000,14,8.549912,-1,-1,3000134000053,3000134000054,-1,20,0.774591,0.774591,0.86065674,17402,49.23666,13.33498,33.318077,169130,5,1,3,144.22421,-81.795815,-132.93465,50.55049,86.652115,0.0020698907,-0.012633275,0.007971205,10455035,4,138,0.006220374,938
3000134000055,21000400000034,3000134000061,3000134000000,21,4.888449,3000134000056,-1,3000134000041,3000134000042,-1,58,0.0,0.0,0.0,17401,49.668663,12.922859,32.88178,169102,5,1,3,87.59345,117.89966,-184.72989,80.00748,124.36636,0.0885353,-0.07207353,-0.058393255,10453174,4,34,0.008252545,674
3000134000056,20000400000104,3000134000061,3000134000000,20,5.2888336,3000134000057,-1,3000134000055,3000134000056,-1,114,7.7459106,7.7459106,7.831976,17401,49.612198,12.868546,32.935246,169102,5,1,3,73.99078,57.303215,-155.58702,87.02994,143.8394,0.15650323,-0.09932104,-0.27767655,10453238,4,104,0.010776248,234
3000134000057,19000400000147,3000134000061,3000134000000,19,5.7238646,3000134000058,-1,3000134000056,3000134000057,-1,80,4.733612,4.733612,4.905743,17401,49.560474,12.835112,32.997974,169102,5,1,3,72.9388,48.695446,-120.01208,77.9443,146.7628,0.01361633,-0.11032647,-0.06787373,10453174,4,147,0.009595071,306
3000134000058,18000400000165,3000134000061,3000134000000,18,6.1968336,3000134000059,-1,3000134000057,3000134000058,-1,60,4.4754148,4.4754148,4.6475463,17401,49.53199,12.814217,33.032925,169102,5,1,3,69.98362,43.13947,-102.458824,72.689354,128.67342,-0.046026345,-0.067124195,-0.008567464,10455053,4,165,0.007725558,3
3000134000059,17000400000176,3000134000061,3000134000000,17,6.7115865,3000134000060,-1,3000134000058,3000134000059,-1,47,3.3565612,3.2704954,3.8729553,17401,49.504517,12.807158,33.070168,169102,5,1,3,71.51883,27.343838,-103.0719,74.68223,118.32976,-0.03694743,-0.023872698,0.0056438153,10453174,4,176,0.0069076624,348
3000134000060,16000400000128,3000134000061,3000134000000,16,7.272188,3000134000061,-1,3000134000059,3000134000060,-1,41,3.18443,3.18443,3.18443,17401,49.444023,12.8006935,33.13263,169102,5,1,3,68.681305,16.378317,-97.39656,74.653755,127.483116,-0.058488004,0.016157543,0.028222973,10455054,4,128,0.0058175568,83
3000134000061,15000400000143,3000134000061,3000134000000,15,7.8832035,-1,-1,3000134000060,3000134000061,-1,29,1.9795104,1.9795104,2.065576,17401,49.418182,12.815083,33.20011,169102,5,1,3,79.81988,8.281629,-90.81059,64.98871,104.72778,0.05886749,-0.04719083,-0.045063913,10453174,4,143,0.0057205,986
3000134000062,23000400000047,3000134000069,3000134000000,23,4.1794686,3000134000063,-1,3000134000039,3000134000040,-1,85,0.0,0.0,0.0,17401,49.94016,13.157896,32.408737,169103,5,1,3,20.204508,-146.95996,-60.079033,81.16162,139.62013,0.0855128,-0.064550966,0.094286256,10453836,4,47,0.008240779,182
3000134000063,22000400000263,3000134000069,3000134000000,22,4.5195556,3000134000064,-1,3000134000062,3000134000063,-1,118,9.983618,9.983618,10.500011,17401,49.912704,13.225874,32.444393,169103,5,1,3,19.676432,-128.82028,-74.05498,84.37242,144.0791,0.15272503,0.012492067,0.08451025,10453854,4,263,0.0120886285,520
3000134000064,21000400000173,3000134000069,3000134000000,21,4.888449,3000134000065,-1,3000134000063,3000134000064,-1,126,8.864764,8.606567,9.209027,17401,49.91189,13.296535,32.478172,169103,5,1,3,30.9932,-120.82004,-75.99928,81.67082,140.50684,0.21141309,-0.04320655,0.104933396,10453836,4,173,0.012717532,952
3000134000065,20000400000173,3000134000069,3000134000000,20,5.2888336,3000134000066,-1,3000134000064,3000134000065,-1,93,6.7131224,6.7131224,6.971319,17401,49.904057,13.3803215,32.512997,169103,5,1,3,29.908962,-113.48491,-81.79271,84.57592,135.12215,0.14692903,0.030779058,0.15095662,10453850,4,173,0.010321941,806
3000134000066,19000400000163,3000134000069,3000134000000,19,5.7238646,3000134000067,-1,3000134000065,3000134000066,-1,76,4.991809,4.905743,5.594269,17401,49.863186,13.4157505,32.583977,169103,5,1,3,16.086039,-94.29735,-79.21697,78.46365,122.61872,0.10912971,-0.061956357,0.13733798,10453849,4,163,0.011041465,541
3000134000067,18000400000083,3000134000069,3000134000000,18,6.1968336,3000134000068,-1,3000134000066,3000134000067,-1,90,3.0122986,3.0122986,3.442627,17401,49.885067,13.439851,32.62086,169103,5,1,3,25.603624,-96.87774,-83.35169,72.154755,119.524475,0.07164337,0.10732204,0.18162666,10452116,4,83,0.013603698,566
3000134000068,17000400000157,3000134000068,3000134000000,17,6.7115865,-1,3000134000069,3000134000067,3000134000068,-1,49,1.2049193,1.2049193,1.3770508,17401,49.85157,13.51729,32.660824,169103,5,1,3,66.12828,-102.34326,-90.60451,62.36946,81.870834,-0.0018760693,0.037395645,0.112814926,10453859,4,157,0.014355293,870
3000134000069,17000400000342,3000134000069,3000134000000,17,6.7115865,-1,-1,3000134000067,3000134000069,-1,23,0.774591,0.774591,0.774591,17401,49.96447,13.536392,32.55273,169103,5,1,3,-15.426778,-75.40214,-61.827126,53.001358,83.518936,-0.03247493,-0.11946359,0.064740345,10452114,4,342,0.0082677305,329
3000134000070,24000400001438,3000134000070,3000134000000,24,3.8656828,-1,-1,3000134000038,3000134000070,-1,25,1.2049193,1.032788,1.2049193,17401,49.61156,12.769964,32.359222,169102,5,1,3,161.41,75.5582,-38.530834,37.034855,56.579502,-0.096319,-2.8370338E-5,0.044881005,10452718,4,1438,0.017526155,125
3000134000071,27000400000080,3000134000080,3000134000000,27,3.060419,3000134000072,-1,3000134000035,3000134000036,3000134000083,28,0.0,0.0,0.0,17401,50.00889,13.027084,32.098385,169099,5,1,3,29.121828,-265.08163,68.59324,56.900856,95.74161,0.0022478409,0.009200719,-0.0019809927,10452939,4,80,0.006955781,125
3000134000072,26000400000067,3000134000080,3000134000000,26,3.3080978,3000134000073,-1,3000134000071,3000134000037,-1,43,0.0,0.0,0.0,17401,50.026352,13.147966,32.06436,169099,5,1,3,-47.86272,-162.18332,30.732712,62.183495,110.370224,-0.13092855,0.0063306764,-0.007838726,10452105,4,67,0.0083295135,293
3000134000073,25000400000829,3000134000080,3000134000000,25,3.575905,3000134000074,-1,3000134000072,3000134000073,-1,65,5.9385314,5.9385314,6.4549255,17401,50.066628,13.226148,32.06487,169099,5,1,3,-64.82968,-127.976456,-19.297882,62.390236,109.55669,-0.21019189,-0.026882377,0.06547445,10452105,4,829,0.011050721,504
3000134000074,24000400000703,3000134000080,3000134000000,24,3.8656828,3000134000075,-1,3000134000073,3000134000074,-1,64,6.282794,6.282794,7.2295165,17401,50.104084,13.277126,32.07155,169099,5,1,3,-76.42009,-94.51844,-48.839596,67.61756,103.943726,-0.21285917,-0.030740473,-0.005799114,10452939,4,703,0.0129411295,478
3000134000075,23000400000437,3000134000080,3000134000000,23,4.1794686,3000134000076,-1,3000134000074,3000134000075,-1,84,7.3155823,7.3155823,7.4877133,17401,50.118813,13.341805,32.09755,169099,5,1,3,-75.376434,-77.6164,-53.419235,75.55019,119.93359,-0.19536169,-0.1541161,0.07950705,10452104,4,437,0.012337778,842
3000134000076,22000400000379,3000134000080,3000134000000,22,4.5195556,3000134000077,-1,3000134000075,3000134000076,-1,88,6.540991,6.4549255,6.799188,17401,50.16345,13.376547,32.133907,169099,5,1,3,-50.369576,-70.04492,-58.563282,80.76123,126.41773,-0.101511575,-0.0351868,0.1199694,10453783,4,379,0.011059962,824
3000134000077,21000400000432,3000134000080,3000134000000,21,4.888449,3000134000078,-1,3000134000076,3000134000077,-1,64,5.1639404,5.1639404,5.2500057,17401,50.207993,13.424582,32.140446,169099,5,1,3,-69.751724,-55.209023,-77.3081,70.71746,117.973366,-0.083198324,-0.1047152,-0.062382497,10452101,4,432,0.009855759,419
3000134000078,20000400000453,3000134000080,3000134000000,20,5.2888336,3000134000079,-1,3000134000077,3000134000078,-1,49,3.442627,3.442627,3.7008238,17401,50.254406,13.475385,32.188023,169099,5,1,3,-59.573273,-49.00223,-66.1459,64.37863,108.62194,-0.07053832,-0.13298465,-0.13121434,10452104,4,453,0.009302901,678
3000134000079,19000400000598,3000134000080,3000134000000,19,5.7238646,3000134000080,-1,3000134000078,3000134000079,-1,31,2.5819702,2.5819702,2.5819702,17401,50.27029,13.492595,32.21518,169099,5,1,3,-51.1562,-74.445984,-72.437294,62.79997,98.194305,-0.07763201,-0.08566935,-0.08999836,10452104,4,598,0.006951963,699
3000134000080,18000400000657,3000134000080,3000134000000,18,6.1968336,-1,-1,3000134000079,3000134000080,-1,24,1.4631164,1.4631164,1.6352477,17401,50.29985,13.54924,32.285347,169103,5,1,3,-51.069107,-57.158356,-82.84608,54.78556,87.481964,-0.021588784,0.027129168,-0.083711095,10452107,4,657,0.006675555,758
3000134000081,28000400003332,3000134000081,3000134000000,28,2.8311827,-1,-1,3000134000034,3000134000081,-1,24,1.3770508,1.2049193,1.3770508,17401,50.364822,12.730547,32.3781,169103,5,1,3,-159.61778,22.489334,-209.19185,37.225086,64.20037,-0.06843104,-0.057109382,-0.04919805,10449164,4,3332,0.012070204,826
3000134000082,29000400000092,3000134000090,3000134000000,29,2.6188614,3000134000083,-1,3000134000033,3000134000034,-1,20,0.0,0.0,0.0,17401,50.1434,12.648042,31.854809,169097,5,1,3,390.4751,61.849922,-46.03101,31.631207,64.67226,0.026506906,0.024874693,-0.1255216,10454769,4,92,0.010357277,785
3000134000083,27000400000081,3000134000090,3000134000000,27,3.060419,3000134000084,-1,3000134000082,3000134000036,-1,25,0.0,0.0,0.0,17401,49.709087,12.631117,32.000984,169096,5,1,3,353.22635,-14.499305,-167.83289,42.816303,77.67107,-0.09529337,0.21773116,-0.062314447,10455334,4,81,0.00805237,411
3000134000084,26000400001876,3000134000090,3000134000000,26,3.3080978,3000134000085,-1,3000134000083,3000134000084,-1,32,2.5819702,2.5819702,2.5819702,17401,49.537247,12.652204,32.103096,169096,5,1,3,303.3328,-35.39549,-185.91322,47.572807,83.88695,-0.041895412,0.018187294,-0.017951665,10455334,4,1876,0.009627863,982
3000134000085,25000400001969,3000134000090,3000134000000,25,3.575905,3000134000086,-1,3000134000084,3000134000085,-1,31,2.1516418,2.1516418,2.1516418,17401,49.362133,12.681766,32.227844,169100,5,1,3,276.88287,-44.14211,-191.64449,51.001183,84.89058,-0.035854653,0.038430065,-0.06987278,10455338,4,1969,0.010608411,858
3000134000086,24000400001824,3000134000090,3000134000000,24,3.8656828,3000134000087,-1,3000134000085,3000134000086,-1,29,2.4098387,2.4098387,2.4098387,17401,49.227364,12.666764,32.30833,169100,5,1,3,254.42537,-44.80924,-189.65123,45.058064,83.872925,-0.009338334,0.02235794,-0.07587239,10454804,4,1824,0.0088415975,175
3000134000087,23000400001674,3000134000090,3000134000000,23,4.1794686,3000134000088,-1,3000134000086,3000134000087,-1,30,1.9795104,1.9795104,1.9795104,17401,49.090454,12.687798,32.40065,169100,5,1,3,233.60596,-50.61667,-182.18826,45.02499,84.74353,-0.04037381,0.038691685,-0.06291557,10455336,4,1674,0.009890614,266
3000134000088,22000400001513,3000134000090,3000134000000,22,4.5195556,3000134000089,-1,3000134000087,3000134000088,-1,28,1.9795104,1.9795104,1.9795104,17401,48.972088,12.721571,32.511456,169102,5,1,3,213.91058,-46.058647,-177.37944,43.190983,83.17252,0.03386782,-0.07584562,-0.05554817,10455344,4,1513,0.009075398,321
3000134000089,21000400001646,3000134000090,3000134000000,21,4.888449,3000134000090,-1,3000134000088,3000134000089,-1,21,1.4631164,1.4631164,1.4631164,17406,48.82679,12.749241,32.62432,169095,5,1,3,221.97871,-56.146347,-165.54875,47.042305,79.06017,-0.05992032,0.047537725,-0.020901179,10455340,4,1646,0.0074448986,180
3000134000090,20000400001331,3000134000090,3000134000000,20,5.2888336,-1,-1,3000134000089,3000134000090,-1,22,0.86065674,0.86065674,0.86065674,17406,48.701923,12.780928,32.726196,169095,5,1,3,202.16637,-54.11992,-170.59758,43.944515,74.52201,0.05204781,0.050751567,-0.057689674,10454762,4,1331,0.009816138,516
3000134000091,35000400003026,3000134000091,3000134000000,35,1.6302707,-1,-1,3000134000027,3000134000091,-1,20,1.8073791,1.8073791,1.8934448,17396,50.781773,12.693574,31.550968,169152,5,1,3,66.401924,-282.92062,-381.5373,31.168736,50.392593,0.04948204,0.15079859,-0.049068686,10454286,4,3026,0.016365288,95
3000134000092,43000300000768,3000134000102,3000134000000,43,0.8276991,3000134000093,-1,3000134000019,3000134000020,-1,20,0.0,0.0,0.0,15371,50.97315,12.124577,30.603127,56804,5,1,3,249.54695,-239.45729,-429.01285,36.801876,67.75501,-0.026108315,-0.068965524,0.14061365,10447124,3,768,0.009875183,802
3000134000093,42000300000777,3000134000102,3000134000000,42,0.9054624,3000134000094,-1,3000134000092,3000134000021,-1,20,0.0,0.0,0.0,15371,50.87389,12.272917,30.823147,56804,5,1,3,150.63492,-295.18515,-398.5833,36.89376,64.22998,0.019668162,-0.11540792,0.090248875,10447314,3,777,0.012545566,730
3000134000094,41000300000701,3000134000102,3000134000000,41,0.98870814,3000134000095,-1,3000134000093,3000134000022,-1,34,0.0,0.0,0.0,15371,50.802174,12.398879,30.991625,56804,5,1,3,80.29692,-292.70596,-336.72845,28.888214,54.669304,-0.10723751,-0.2770041,0.19075876,10447120,3,701,0.026727298,17
3000134000095,40000300000652,3000134000102,3000134000000,40,1.0778745,3000134000096,-1,3000134000094,3000134000023,-1,32,0.0,0.0,0.0,15371,50.791916,12.560183,31.187614,56804,5,1,3,34.956207,-273.49942,-285.40958,26.668991,56.7833,-0.028090844,-0.19248137,0.11782149,10447120,3,652,0.022662386,90
3000134000096,39000300003205,3000134000102,3000134000000,39,1.173417,3000134000097,-1,3000134000095,3000134000096,-1,39,4.131152,3.3565612,4.131152,17401,50.768936,12.70902,31.317219,169099,5,1,3,7.785435,-248.60953,-243.70465,30.987196,60.58477,-0.2141669,-0.19396375,0.12794721,10447124,3,3205,0.02016847,831
3000134000097,38000400002134,3000134000102,3000134000000,38,1.2758462,3000134000098,-1,3000134000096,3000134000097,-1,38,3.18443,2.9262328,3.18443,17401,50.77691,12.856143,31.451471,169099,5,1,3,-14.106787,-216.19354,-206.61966,35.582294,61.497314,-0.13964364,-0.11666975,0.2540261,10447122,4,2134,0.02107125,633
3000134000098,37000400002620,3000134000102,3000134000000,37,1.3857181,3000134000099,-1,3000134000097,3000134000098,-1,38,3.5286925,3.5286925,3.5286925,17396,50.7981,12.938434,31.553596,169154,5,1,3,-31.997719,-193.682,-182.02982,38.495594,70.93862,-0.111254804,-0.098522946,0.1771556,10447119,4,2620,0.01754555,504
3000134000099,36000400002721,3000134000102,3000134000000,36,1.5036365,3000134000100,-1,3000134000098,3000134000099,-1,38,3.442627,3.3565612,3.442627,17396,50.82447,13.066253,31.646793,169154,5,1,3,-42.140537,-172.39473,-167.66469,43.667824,72.561295,-0.15026897,-0.098176636,0.16111964,10447119,4,2721,0.017358871,403
3000134000100,35000400002779,3000134000102,3000134000000,35,1.6302707,3000134000101,-1,3000134000099,3000134000100,-1,37,3.098364,3.098364,3.2704954,17396,50.84513,13.140048,31.73776,169154,5,1,3,-50.281704,-148.00363,-154.6045,39.58977,71.920204,-0.18479337,-0.03773795,0.13502787,10447125,4,2779,0.015970947,369
3000134000101,34000400002862,3000134000102,3000134000000,34,1.766336,3000134000102,-1,3000134000100,3000134000101,-1,35,1.8934448,1.549182,1.8934448,17396,50.86564,13.191364,31.832483,169154,5,1,3,-53.401306,-129.85207,-149.93082,35.628143,61.292404,-0.22123225,-6.034006E-4,0.10853127,10447125,4,2862,0.023242371,507
3000134000102,33000400002997,3000134000102,3000134000000,33,1.9126327,-1,-1,3000134000101,3000134000102,-1,32,0.9467224,0.9467224,0.9467224,17396,50.87081,13.245367,31.902401,169154,5,1,3,-52.429073,-113.451584,-142.18314,31.58349,51.725723,-0.15332614,0.06464693,0.08925262,10449107,4,2997,0.026704183,155
3000134000103,44000300000761,3000134000121,3000134000000,44,0.75503564,3000134000104,-1,3000134000018,3000134000019,-1,24,0.0,0.0,0.0,15371,51.429314,12.175806,30.504507,56804,5,1,3,-63.61954,-248.94638,-398.60004,35.58431,64.330215,0.11209973,0.0046092384,-0.020985851,10440292,3,761,0.011809898,966
3000134000104,43000300000767,3000134000121,3000134000000,43,0.8276991,3000134000105,-1,3000134000103,3000134000020,3000134000092,43,0.0,0.0,0.0,15371,51.441483,12.29444,30.706131,56804,5,1,3,14.929491,-244.77927,-365.04904,32.42024,62.700066,-0.107643634,-0.004903217,0.12773766,10440286,3,767,0.023378326,789
3000134000105,42000300003283,3000134000121,3000134000000,42,0.9054624,3000134000106,-1,3000134000104,3000134000105,-1,56,4.131152,3.6147583,4.131152,15371,51.432915,12.416922,30.896257,56804,5,1,3,58.256092,-240.9131,-344.81512,34.37891,64.0532,-0.2621322,-0.30876556,0.22290562,10440329,3,3283,0.028282197,972
3000134000106,41000300002732,3000134000121,3000134000000,41,0.98870814,3000134000107,-1,3000134000105,3000134000106,-1,65,4.5614805,4.3032837,4.3032837,15371,51.403896,12.526695,31.061363,56804,5,1,3,88.61675,-231.74155,-332.22308,36.612946,67.02593,-0.24904194,-0.37419286,0.052979045,10440294,3,2732,0.028718121,796
3000134000107,40000300002779,3000134000121,3000134000000,40,1.0778745,3000134000108,-1,3000134000106,3000134000107,-1,56,5.508203,4.8196774,5.508203,15371,51.3492,12.645556,31.225513,56804,5,1,3,107.54584,-225.04378,-321.32846,42.360336,71.59936,-0.13630864,-0.3584538,0.1318833,10440329,3,2779,0.022537258,347
3000134000108,39000400001680,3000134000121,3000134000000,39,1.173417,3000134000109,-1,3000134000107,3000134000108,-1,62,6.540991,5.8524656,6.4549255,17396,51.271908,12.777231,31.405186,169154,5,1,3,129.61737,-224.31949,-317.95743,46.75874,75.84091,-0.18682031,-0.36345038,0.061830338,10440301,4,1680,0.020737639,908
3000134000109,38000400001287,3000134000121,3000134000000,38,1.2758462,3000134000110,-1,3000134000108,3000134000109,-1,66,6.196728,5.4221373,6.196728,17396,51.20208,12.892279,31.606083,169154,5,1,3,138.0845,-210.43277,-310.8789,46.962887,72.320145,-0.11612249,-0.47530013,0.0038213942,10440301,4,1287,0.025648763,68
3000134000110,37000400001289,3000134000121,3000134000000,37,1.3857181,3000134000111,-1,3000134000109,3000134000110,-1,71,6.282794,5.7664,6.4549255,17396,51.109848,13.014161,31.7748,169154,5,1,3,139.67677,-192.1829,-304.57333,41.84559,68.25809,-0.12004654,-0.5456375,-0.20736176,10440330,4,1289,0.032149125,840
3000134000111,36000400002193,3000134000121,3000134000000,36,1.5036365,3000134000112,-1,3000134000110,3000134000111,-1,42,3.8729553,3.5286925,3.9590209,17396,51.01559,13.126595,31.921787,169154,5,1,3,168.73715,-193.0648,-294.86255,40.16373,67.75345,-0.08694987,-0.0944198,-0.07154794,10440330,4,2193,0.019321289,503
3000134000112,35000400002690,3000134000121,3000134000000,35,1.6302707,3000134000113,-1,3000134000111,3000134000112,-1,39,3.098364,3.098364,3.18443,17396,50.913315,13.235668,32.077553,169154,5,1,3,177.71416,-176.09656,-280.82928,44.04971,77.22358,0.059587758,0.038679413,0.14438763,10454228,4,2690,0.012838825,555
3000134000113,34000400002631,3000134000121,3000134000000,34,1.766336,3000134000114,-1,3000134000112,3000134000113,-1,39,3.18443,2.7541015,3.18443,17396,50.822426,13.359407,32.23423,169158,5,1,3,174.68283,-176.29802,-273.72733,40.76419,68.732925,-0.096211664,-0.138071,0.13082543,10440325,4,2631,0.017653286,166
3000134000114,33000400002604,3000134000121,3000134000000,33,1.9126327,3000134000115,-1,3000134000113,3000134000114,-1,39,2.7541015,2.7541015,2.7541015,17401,50.716145,13.466791,32.406612,169103,5,1,3,171.75266,-168.52267,-265.4897,41.38477,69.00906,-0.061552152,-0.2395686,0.045658246,10440301,4,2604,0.016633146,983
3000134000115,32000400002674,3000134000121,3000134000000,32,2.0700274,3000134000116,-1,3000134000114,3000134000115,-1,36,2.9262328,2.9262328,2.9262328,17401,50.61723,13.546572,32.540394,169103,5,1,3,163.04776,-160.48724,-258.09085,45.691563,77.98409,0.08505257,-0.22552848,-0.050893962,10440303,4,2674,0.014055785,843
3000134000116,31000400002771,3000134000121,3000134000000,31,2.2394855,3000134000117,-1,3000134000115,3000134000116,-1,34,3.0122986,3.0122986,3.0122986,17401,50.51204,13.638077,32.68637,169103,5,1,3,164.11232,-152.45389,-250.4868,43.367783,78.171036,0.06897538,-0.17468823,-0.0027327305,10440301,4,2771,0.01220576,940
3000134000117,30000400002979,3000134000121,3000134000000,30,2.422044,3000134000118,-1,3000134000116,3000134000117,-1,30,2.1516418,1.7213135,2.2377074,17400,50.387726,13.716007,32.796597,169117,5,1,3,170.41953,-145.50417,-245.60356,42.66399,68.287964,0.073961616,-0.027277157,0.026231412,10440289,4,2979,0.014940185,204
3000134000118,29000400003040,3000134000121,3000134000000,29,2.6188614,3000134000119,-1,3000134000117,3000134000118,-1,28,2.3237731,2.2377074,2.3237731,17400,50.28981,13.799752,32.951126,169117,5,1,3,164.26678,-145.1818,-237.83421,45.38818,72.62926,0.09763815,-0.01837762,0.028981417,10440295,4,3040,0.011157002,108
3000134000119,28000400002645,3000134000121,3000134000000,28,2.8311827,3000134000120,-1,3000134000118,3000134000119,-1,31,1.8073791,1.8073791,1.8073791,17400,50.204605,13.913083,33.07504,169117,5,1,3,157.12643,-137.44019,-228.31274,39.370747,68.933754,0.048988726,-0.02607375,0.017113829,10440295,4,2645,0.014637453,12
3000134000120,27000400003112,3000134000121,3000134000000,27,3.060419,3000134000121,-1,3000134000119,3000134000120,-1,23,0.516394,0.516394,1.2049193,17400,50.109276,13.957601,33.17378,169117,5,1,3,158.4329,-127.8855,-220.43678,36.765667,59.3297,0.03173653,-0.01254232,-0.035250507,10440298,4,3112,0.014621891,614
3000134000121,26000400002577,3000134000121,3000134000000,26,3.3080978,-1,-1,3000134000120,3000134000121,-1,27,0.516394,0.516394,0.6885254,17403,50.047108,14.020906,33.30391,169145,5,1,3,142.81801,-128.22139,-206.65646,33.012436,55.93617,0.012306108,-0.060314804,-0.020871041,10440303,4,2577,0.01769459,736
3000134000122,60000300001025,3000134000150,3000134000000,60,0.064493395,3000134000123,-1,3000134000002,3000134000003,-1,24,0.0,0.0,0.0,15411,52.41214,11.643222,29.057344,56663,5,1,3,-32.644962,-189.7507,-306.9924,28.084318,48.951683,0.092655145,0.0026722671,-0.18406701,10454236,3,1025,0.022233997,846
3000134000123,59000300001031,3000134000150,3000134000000,59,0.08928783,3000134000124,-1,3000134000122,3000134000004,-1,32,0.0,0.0,0.0,15411,52.406,11.689011,29.13931,56663,5,1,3,-4.1348157,-206.91336,-321.22592,25.802256,48.580917,0.08315828,0.13119419,-0.1034106,10029028,3,1031,0.028168367,744
3000134000124,58000300001014,3000134000150,3000134000000,58,0.11588337,3000134000125,-1,3000134000123,3000134000005,-1,34,0.0,0.0,0.0,15372,52.403008,11.737838,29.219934,56773,5,1,3,20.394617,-215.23804,-325.05887,25.202095,47.954887,0.06434722,0.08129245,-0.11587928,10029027,3,1014,0.032914516,675
3000134000125,57000300003482,3000134000150,3000134000000,57,0.14438343,3000134000126,-1,3000134000124,3000134000125,-1,33,4.0450864,2.6680357,3.3565612,15371,52.399643,11.79812,29.301254,56801,5,1,3,42.038406,-218.52754,-326.21866,24.295635,51.18882,0.017015435,0.07788091,-0.19502315,10029021,3,3482,0.02489633,48
3000134000126,56000300004095,3000134000150,3000134000000,56,0.17489761,3000134000127,-1,3000134000125,3000134000126,-1,34,3.6147583,2.3237731,3.0122986,15371,52.386196,11.856089,29.396948,56801,5,1,3,63.48485,-225.90852,-326.05414,25.032461,53.53924,0.08511156,0.07997777,-0.05183128,10029021,3,4095,0.0277599,150
3000134000127,55000300004861,3000134000150,3000134000000,55,0.20754863,3000134000128,-1,3000134000126,3000134000127,-1,31,3.098364,2.2377074,2.4959044,15371,52.36583,11.93157,29.495003,56801,5,1,3,82.62188,-225.0107,-323.69635,29.324528,59.38497,0.07212875,0.007613439,-0.11503363,10029361,3,4861,0.016793327,477
3000134000128,54000300005114,3000134000150,3000134000000,54,0.24246909,3000134000129,-1,3000134000127,3000134000128,-1,32,2.9262328,2.2377074,2.5819702,15371,52.35334,12.00267,29.594198,56801,5,1,3,98.260605,-225.31113,-323.3292,28.717129,55.66285,0.050982863,4.6556935E-4,-0.12507558,10029369,3,5114,0.021741014,451
3000134000129,53000300004889,3000134000150,3000134000000,53,0.2798018,3000134000130,-1,3000134000128,3000134000129,-1,33,2.6680357,2.1516418,2.5819702,15371,52.30795,12.07893,29.691492,56801,5,1,3,113.259415,-224.41321,-320.34985,27.73983,54.44897,0.03549096,-0.00121252,-0.074846454,10029362,3,4889,0.023027012,684
3000134000130,52000300004909,3000134000150,3000134000000,52,0.31970343,3000134000131,-1,3000134000129,3000134000130,-1,33,2.840167,2.3237731,2.4959044,15371,52.270325,12.165602,29.813389,56801,5,1,3,125.76488,-222.86378,-318.12872,25.207327,52.610016,0.037747514,-0.009026692,-0.07031943,10029362,3,4909,0.027323898,200
3000134000131,51000300005072,3000134000150,3000134000000,51,0.36234027,3000134000132,-1,3000134000130,3000134000131,-1,32,2.6680357,2.3237731,2.6680357,15371,52.22473,12.239325,29.92805,56801,5,1,3,137.58438,-219.01346,-315.6758,25.614403,53.754063,0.060262546,0.08316631,-0.0976572,10029027,3,5072,0.02472429,302
3000134000132,50000300005306,3000134000150,3000134000000,50,0.40789944,3000134000133,-1,3000134000131,3000134000132,-1,30,2.6680357,2.1516418,2.5819702,15371,52.172012,12.319894,30.053823,56801,5,1,3,147.00223,-216.5563,-312.50653,26.897863,57.69494,0.052328497,0.034354776,-0.10411355,10440368,3,5306,0.022521362,785
3000134000133,49000300005422,3000134000150,3000134000000,49,0.45657724,3000134000134,-1,3000134000132,3000134000133,-1,29,2.5819702,2.2377074,2.4959044,15371,52.10646,12.408208,30.183598,56801,5,1,3,156.40573,-214.1535,-311.37637,28.384474,61.607708,0.08224612,0.05084604,-0.08449145,10440368,3,5422,0.015262807,177
3000134000134,48000300005318,3000134000150,3000134000000,48,0.5085914,3000134000135,-1,3000134000133,3000134000134,-1,30,2.4959044,1.8934448,2.2377074,15371,52.04398,12.502014,30.311077,56805,5,1,3,165.10832,-212.87434,-310.18945,27.493288,60.156487,0.06905155,0.058898184,-0.08584998,10454236,3,5318,0.020795727,355
3000134000135,47000300005547,3000134000150,3000134000000,47,0.5641766,3000134000136,-1,3000134000134,3000134000135,-1,27,2.2377074,2.065576,2.2377074,15371,51.971745,12.589872,30.44957,56805,5,1,3,170.52496,-209.48785,-308.76016,25.729183,54.674484,0.14238498,-0.05736177,-0.13488753,10454236,3,5547,0.019583836,218
3000134000136,46000300004866,3000134000150,3000134000000,46,0.6235901,3000134000137,-1,3000134000135,3000134000136,-1,33,2.4959044,2.1516418,2.4098387,15371,51.90057,12.682465,30.582474,56805,5,1,3,178.08258,-206.58531,-309.53897,24.08833,51.229893,-0.11678881,0.06738825,-0.15390465,10454236,3,4866,0.024454433,642
3000134000137,45000300005438,3000134000150,3000134000000,45,0.6871088,3000134000138,-1,3000134000136,3000134000137,-1,29,2.4959044,2.3237731,2.3237731,15371,51.81467,12.78324,30.713816,56807,5,1,3,185.56438,-204.59268,-302.32684,27.817318,54.87009,0.104885906,-0.05749556,-0.03489878,10454236,3,5438,0.021294592,313
3000134000138,44000300005476,3000134000150,3000134000000,44,0.75503564,3000134000139,-1,3000134000137,3000134000138,-1,29,2.5819702,2.3237731,2.5819702,15371,51.716114,12.859988,30.864727,56806,5,1,3,191.4274,-201.87675,-298.1445,28.837679,57.634216,0.07709543,-0.09900029,-0.10372227,10029028,3,5476,0.017681455,740
3000134000139,43000300005202,3000134000150,3000134000000,43,0.8276991,3000134000140,-1,3000134000138,3000134000139,-1,31,2.4098387,2.4098387,2.4098387,15371,51.63214,12.966188,31.019428,56806,5,1,3,194.09702,-196.3121,-294.5677,33.017216,64.78878,0.09414842,-0.0475935,-0.04849198,10440368,3,5202,0.014108806,854
3000134000140,42000300005313,3000134000150,3000134000000,42,0.9054624,3000134000141,-1,3000134000139,3000134000140,-1,29,2.5819702,2.4959044,2.5819702,15371,51.535713,13.065829,31.16722,56806,5,1,3,198.9868,-195.60664,-293.7123,34.29594,65.71888,0.10229903,-0.10427419,-0.1514981,10440368,3,5313,0.013977798,353
3000134000141,41000300004516,3000134000150,3000134000000,41,0.98870814,3000134000142,-1,3000134000140,3000134000141,-1,34,2.840167,2.5819702,2.840167,17396,51.43355,13.155878,31.311085,169154,5,1,3,196.76033,-194.65659,-291.5254,32.227062,60.66322,0.077702306,-0.04399566,-0.065572605,10029028,3,4516,0.018104706,527
3000134000142,40000400002948,3000134000150,3000134000000,40,1.0778745,3000134000143,-1,3000134000141,3000134000142,-1,34,2.6680357,1.9795104,2.6680357,17396,51.307415,13.262351,31.475893,169154,5,1,3,197.08275,-188.53477,-284.09973,31.956245,58.54891,0.11270419,-0.06778458,-0.07411192,10454244,4,2948,0.021062294,657
3000134000143,39000400003101,3000134000150,3000134000000,39,1.173417,3000134000144,-1,3000134000142,3000134000143,-1,33,1.8934448,1.7213135,1.8934448,17396,51.18325,13.400651,31.597898,169154,5,1,3,198.3574,-183.0833,-279.88647,33.79691,53.75936,0.107817166,-0.030955678,-0.120916165,10024384,4,3101,0.021772616,886
3000134000144,38000400003467,3000134000150,3000134000000,38,1.2758462,3000134000145,-1,3000134000143,3000134000144,-1,29,2.1516418,1.9795104,2.1516418,17396,51.088806,13.474748,31.738762,169154,5,1,3,192.98451,-173.46204,-271.81555,38.62007,72.27691,0.1397006,2.9518123E-4,-0.07444549,10440369,4,3467,0.013178773,974
3000134000145,37000400003218,3000134000150,3000134000000,37,1.3857181,3000134000146,-1,3000134000144,3000134000145,-1,32,1.549182,1.4631164,1.549182,17396,50.97532,13.579531,31.876009,169154,5,1,3,193.39307,-172.18835,-266.76508,31.461435,53.57969,0.09361782,-0.034624975,-0.003114888,10029028,4,3218,0.023862509,596
3000134000146,36000400003141,3000134000150,3000134000000,36,1.5036365,3000134000147,-1,3000134000145,3000134000146,-1,32,1.1188537,0.9467224,1.1188537,17396,50.875736,13.616701,32.046413,169154,5,1,3,192.78056,-172.34229,-258.6521,28.799295,53.318687,0.14695323,-0.09973071,3.7435367E-4,10440369,4,3141,0.02634603,685
3000134000147,35000400003417,3000134000150,3000134000000,35,1.6302707,3000134000148,-1,3000134000146,3000134000147,-1,29,0.6885254,0.6885254,0.6885254,17400,50.756012,13.749637,32.14995,169113,5,1,3,189.3604,-168.94148,-249.33215,28.63456,53.80245,0.1315379,-0.07866972,0.023921277,10029363,4,3417,0.02661236,683
3000134000148,34000400003361,3000134000150,3000134000000,34,1.766336,3000134000149,-1,3000134000147,3000134000148,-1,29,0.0,0.0,0.516394,17400,50.697037,13.864058,32.336006,169117,5,1,3,185.81078,-165.1825,-245.8979,29.235218,50.470276,0.12600885,-0.120172106,0.027309615,10029363,4,3361,0.0256751,59
3000134000149,33000400003142,3000134000150,3000134000000,33,1.9126327,3000134000150,-1,3000134000148,3000134000149,-1,31,0.0,0.0,0.0,17400,50.578014,13.971715,32.450874,169117,5,1,3,183.294,-160.04787,-237.33408,27.635607,52.89021,0.11115999,-0.05077129,-0.0035820613,10029032,4,3142,0.025911842,635
3000134000150,32000400003136,3000134000150,3000134000000,32,2.0700274,-1,-1,3000134000149,3000134000150,-1,30,0.516394,0.516394,0.516394,17400,50.48141,13.976052,32.58701,169117,5,1,3,181.55504,-151.37231,-231.81909,28.221893,47.992817,0.14898947,0.013087021,-0.04541856,10029032,4,3136,0.027571332,431
3000134000151,62000300001003,3000134000188,3000134000000,62,0.019932542,3000134000152,-1,3000134000000,3000134000001,-1,36,0.0,0.0,0.0,15411,52.38232,11.69805,29.040398,56663,5,1,3,-89.760635,59.53124,-408.7316,41.247383,86.10059,0.011995572,-0.015050251,0.078482285,10454819,3,1003,0.010521448,852
3000134000152,61000300001020,3000134000188,3000134000000,61,0.041403063,3000134000153,-1,3000134000151,3000134000002,-1,44,0.0,0.0,0.0,15411,52.394806,11.690075,29.122448,56663,5,1,3,-30.756678,59.48981,-381.90808,42.875023,87.88013,0.083733805,-0.05922278,-0.010397524,10454819,3,1020,0.0112618515,340
3000134000153,60000300001024,3000134000188,3000134000000,60,0.064493395,3000134000154,-1,3000134000152,3000134000003,3000134000122,44,0.0,0.0,0.0,15411,52.397144,11.674336,29.205517,56663,5,1,3,7.0498176,51.117035,-362.7055,36.80246,79.01454,0.08840786,-0.038485512,-0.009956937,10438921,3,1024,0.015004436,478
3000134000154,59000300001030,3000134000188,3000134000000,59,0.08928783,3000134000155,-1,3000134000153,3000134000004,3000134000123,46,0.0,0.0,0.0,15411,52.387913,11.668373,29.29053,56663,5,1,3,30.674765,43.8092,-347.70975,38.72709,84.130844,0.10504596,-0.013544763,-0.025539612,10438921,3,1030,0.014177025,7
3000134000155,58000300003938,3000134000188,3000134000000,58,0.11588337,3000134000156,-1,3000134000154,3000134000155,-1,47,4.8196774,4.131152,4.131152,15412,52.379658,11.655446,29.375002,56691,5,1,3,49.235928,35.235584,-332.79904,37.91195,80.730385,0.12750173,-0.0224808,-0.05330205,10438851,3,3938,0.014211098,279
3000134000156,57000300003738,3000134000188,3000134000000,57,0.14438343,3000134000157,-1,3000134000155,3000134000156,-1,49,4.3893495,4.0450864,4.3032837,15412,52.36171,11.646459,29.468294,56691,5,1,3,63.622932,29.162663,-322.80804,35.797047,79.43449,0.13146769,0.003983893,-0.058725208,10439037,3,3738,0.015372318,189
3000134000157,56000300003827,3000134000188,3000134000000,56,0.17489761,3000134000158,-1,3000134000156,3000134000157,-1,49,4.733612,3.6147583,4.217218,15412,52.340996,11.635178,29.557447,56691,5,1,3,76.64509,22.725166,-316.30243,34.88258,81.210236,0.06549871,0.03220364,-0.03764681,10438928,3,3827,0.014030991,462
3000134000158,55000300003859,3000134000188,3000134000000,55,0.20754863,3000134000159,-1,3000134000157,3000134000158,-1,48,4.5614805,3.7008238,4.131152,15412,52.315258,11.6314335,29.650597,56691,5,1,3,87.428185,16.5709,-307.87436,36.580303,86.36777,0.06253365,-0.0039932677,-0.02104993,10454819,3,3859,0.019046715,683
3000134000159,54000300003748,3000134000188,3000134000000,54,0.24246909,3000134000160,-1,3000134000158,3000134000159,-1,51,4.3893495,3.8729553,4.217218,15412,52.291477,11.632558,29.75508,56691,5,1,3,95.14881,10.509843,-305.99362,37.55696,86.078964,0.08888427,-0.0054428964,-0.04373289,10438843,3,3748,0.014859444,15
3000134000160,53000300003713,3000134000188,3000134000000,53,0.2798018,3000134000161,-1,3000134000159,3000134000160,-1,52,4.217218,3.8729553,4.217218,15412,52.261143,11.631599,29.858301,56691,5,1,3,101.791466,3.69155,-299.63977,34.5752,79.19563,0.108870536,0.03315956,-0.11092716,10455009,3,3713,0.015934234,469
3000134000161,52000300003753,3000134000188,3000134000000,52,0.31970343,3000134000162,-1,3000134000160,3000134000161,-1,51,4.3893495,3.7868896,3.9590209,15412,52.22237,11.625987,29.96348,56691,5,1,3,109.47618,-2.414414,-295.50897,37.0936,85.25688,0.0849276,-0.017768731,-0.12551035,10455009,3,3753,0.017754862,162
3000134000162,51000300003810,3000134000188,3000134000000,51,0.36234027,3000134000163,-1,3000134000161,3000134000162,-1,50,4.3032837,3.7868896,4.217218,15412,52.17517,11.629827,30.070744,56691,5,1,3,115.65069,-8.275715,-291.2956,37.084633,74.67321,0.084148385,-0.047445476,-0.10592473,10439037,3,3810,0.019769555,561
3000134000163,50000300003592,3000134000188,3000134000000,50,0.40789944,3000134000164,-1,3000134000162,3000134000163,-1,53,4.4754148,4.131152,4.3032837,15412,52.13335,11.626837,30.17329,56691,5,1,3,121.40039,-13.577957,-288.12463,41.154476,89.917534,0.03504441,-0.0026230402,-0.10007797,10455009,3,3592,0.015162484,246
3000134000164,49000300003661,3000134000188,3000134000000,49,0.45657724,3000134000165,-1,3000134000163,3000134000164,-1,52,4.5614805,4.217218,4.3893495,15412,52.08769,11.636144,30.292004,56695,5,1,3,127.13892,-19.088127,-286.3744,40.34611,85.96689,0.07433317,0.01149886,-0.09676091,10455005,3,3661,0.018466817,997
3000134000165,48000300003804,3000134000188,3000134000000,48,0.5085914,3000134000166,-1,3000134000164,3000134000165,-1,49,4.5614805,4.0450864,4.4754148,15412,52.031094,11.641427,30.415386,56695,5,1,3,131.80313,-23.13773,-284.19708,37.544807,81.472755,0.08848329,0.073832676,-0.06611928,10438838,3,3804,0.017495796,653
3000134000166,47000300003799,3000134000188,3000134000000,47,0.5641766,3000134000167,-1,3000134000165,3000134000166,-1,50,4.3893495,4.131152,4.3893495,15412,51.970886,11.647124,30.542524,56695,5,1,3,138.41052,-29.6399,-283.779,36.36353,79.45079,0.07871259,0.066794336,-0.06430286,10455005,3,3799,0.019743122,235
3000134000167,46000300003634,3000134000188,3000134000000,46,0.6235901,3000134000168,-1,3000134000166,3000134000167,-1,51,4.4754148,4.4754148,4.4754148,15412,51.908802,11.666685,30.658167,56695,5,1,3,143.60896,-37.886604,-279.32974,42.262833,88.12551,0.010086783,-3.0520343E-4,-0.07159315,10438838,3,3634,0.0143617075,195
3000134000168,45000300003546,3000134000188,3000134000000,45,0.6871088,3000134000169,-1,3000134000167,3000134000168,-1,54,4.733612,4.5614805,4.733612,15412,51.844543,11.687834,30.780886,56695,5,1,3,149.50224,-42.383396,-280.9059,41.251095,89.4175,0.04955253,0.007995357,-0.036210198,10455005,3,3546,0.017743371,252
3000134000169,44000300003513,3000134000188,3000134000000,44,0.75503564,3000134000170,-1,3000134000168,3000134000169,-1,55,4.5614805,4.3032837,4.4754148,15412,51.78322,11.700469,30.91514,56695,5,1,3,156.7458,-49.965725,-278.97897,36.165646,74.851845,0.018420082,0.0039748624,-0.04818377,10455006,3,3513,0.020349529,549
3000134000170,43000300003600,3000134000188,3000134000000,43,0.8276991,3000134000171,-1,3000134000169,3000134000170,-1,52,4.3893495,3.9590209,4.3893495,15371,51.697964,11.730375,31.057667,56804,5,1,3,164.16972,-57.434868,-277.42114,41.543907,85.95111,0.06609758,0.023957212,-0.019940479,10454902,3,3600,0.017744001,528
3000134000171,42000300003460,3000134000188,3000134000000,42,0.9054624,3000134000172,-1,3000134000170,3000134000171,-1,55,4.3032837,4.0450864,4.131152,15371,51.612774,11.757362,31.202461,56804,5,1,3,171.32303,-63.715286,-279.14813,44.03941,88.620316,0.053479403,-0.019611375,-0.040428247,10439037,3,3460,0.014397717,675
3000134000172,41000400002242,3000134000188,3000134000000,41,0.98870814,3000134000173,-1,3000134000171,3000134000172,-1,53,4.3032837,3.7868896,4.217218,17396,51.525867,11.789223,31.335667,169152,5,1,3,178.00912,-69.57569,-277.76855,39.867702,90.366035,-0.016845774,0.036124524,-0.06791145,10439037,4,2242,0.017749999,393
3000134000173,40000400002098,3000134000188,3000134000000,40,1.0778745,3000134000174,-1,3000134000172,3000134000173,-1,55,4.3893495,4.3032837,4.3893495,17396,51.42581,11.835399,31.48069,169152,5,1,3,186.96393,-75.10958,-277.16687,37.28073,82.19113,-0.0028998668,0.015089572,-0.0772268,10454819,4,2098,0.018913222,14
3000134000174,39000400002196,3000134000188,3000134000000,39,1.173417,3000134000175,-1,3000134000173,3000134000174,-1,51,4.217218,3.8729553,4.131152,17396,51.312325,11.896445,31.642595,169152,5,1,3,195.31454,-76.1646,-276.24448,38.786976,79.52462,-0.020970324,-0.037578147,-0.048403844,10454819,4,2196,0.017240267,472
3000134000175,38000400002452,3000134000188,3000134000000,38,1.2758462,3000134000176,-1,3000134000174,3000134000175,-1,44,4.217218,3.9590209,4.217218,17396,51.19919,11.941546,31.797064,169152,5,1,3,205.84761,-78.69105,-270.73798,44.703197,89.00363,-0.034436237,0.061070617,-0.12717211,10454902,4,2452,0.017714074,403
3000134000176,37000400002298,3000134000188,3000134000000,37,1.3857181,3000134000177,-1,3000134000175,3000134000176,-1,50,4.3893495,4.131152,4.3893495,17396,51.101242,11.9588375,31.933376,169152,5,1,3,219.77249,-87.76031,-276.54556,50.201942,94.3557,-0.028045924,-0.025242534,0.0872672,10438921,4,2298,0.014955426,886
3000134000177,36000400002128,3000134000188,3000134000000,36,1.5036365,3000134000178,-1,3000134000176,3000134000177,-1,51,4.5614805,4.131152,4.6475463,17396,50.972492,11.998797,32.086113,169152,5,1,3,226.20856,-87.81013,-277.56277,42.643433,77.49378,-0.06522679,-0.040736638,-0.082334675,10438826,4,2128,0.016695581,173
3000134000178,35000400002005,3000134000188,3000134000000,35,1.6302707,3000134000179,-1,3000134000177,3000134000178,-1,53,3.8729553,3.7868896,3.8729553,17396,50.842037,12.062198,32.25038,169156,5,1,3,233.99948,-87.070435,-275.69855,41.65118,80.4259,-0.058980674,-0.08646205,-0.11070461,10438921,4,2005,0.016362458,900
3000134000179,34000400002289,3000134000188,3000134000000,34,1.766336,3000134000180,-1,3000134000178,3000134000179,-1,47,3.7868896,3.7868896,3.7868896,17401,50.707203,12.106431,32.403313,169101,5,1,3,242.49501,-80.97443,-272.3353,39.517796,80.73962,0.02763502,0.04838244,-0.044876795,10455005,4,2289,0.015511548,375
3000134000180,33000400002195,3000134000188,3000134000000,33,1.9126327,3000134000181,-1,3000134000179,3000134000180,-1,47,4.217218,3.9590209,4.217218,17401,50.568253,12.15892,32.553585,169101,5,1,3,240.32373,-80.25583,-263.56482,46.03909,86.14851,0.08866595,0.07795905,-0.028147686,10455005,4,2195,0.012623226,366
3000134000181,32000400002088,3000134000188,3000134000000,32,2.0700274,3000134000182,-1,3000134000180,3000134000181,-1,48,3.8729553,3.8729553,4.0450864,17401,50.421387,12.210004,32.704277,169101,5,1,3,233.79752,-76.9319,-250.85876,55.450478,100.47684,0.08427189,0.020427814,0.067595825,10455005,4,2088,0.010843257,186
3000134000182,31000400001943,3000134000188,3000134000000,31,2.2394855,3000134000183,-1,3000134000181,3000134000182,-1,51,4.217218,4.0450864,4.217218,17401,50.299297,12.258977,32.846382,169101,5,1,3,229.95296,-74.9888,-242.6925,44.621975,81.97908,0.047405157,0.009493943,6.1445555E-4,10455005,4,1943,0.0148217175,957
3000134000183,30000400002235,3000134000188,3000134000000,30,2.422044,3000134000184,-1,3000134000182,3000134000183,-1,42,2.3237731,2.3237731,2.3237731,17401,50.17361,12.265186,33.015686,169101,5,1,3,221.992,-78.69977,-232.82303,40.910244,74.68443,0.08640564,0.034662683,-0.086977646,10438929,4,2235,0.01884304,548
3000134000184,29000400002151,3000134000188,3000134000000,29,2.6188614,3000134000185,-1,3000134000183,3000134000184,-1,41,2.4098387,2.4098387,2.4959044,17401,50.055096,12.327906,33.156033,169101,5,1,3,212.78308,-76.62487,-230.24028,38.870007,73.876686,-0.0033179154,-0.00169301,0.040545933,10438922,4,2151,0.01569614,428
3000134000185,28000400002279,3000134000188,3000134000000,28,2.8311827,3000134000186,-1,3000134000184,3000134000185,-1,36,2.065576,2.065576,2.1516418,17402,49.936543,12.3817005,33.292732,169129,5,1,3,207.76773,-74.034485,-222.39317,44.67706,76.74912,-0.0015697781,-0.08349054,-0.0010886609,10455005,4,2279,0.01465393,311
3000134000186,27000400002174,3000134000188,3000134000000,27,3.060419,3000134000187,-1,3000134000185,3000134000186,-1,35,1.6352477,1.6352477,1.7213135,17402,49.844063,12.397169,33.39694,169129,5,1,3,205.70195,-70.849724,-212.8081,43.17025,71.520744,-0.040316008,-0.0737516,-0.060695898,10438852,4,2174,0.013808941,889
3000134000187,26000400001986,3000134000188,3000134000000,26,3.3080978,3000134000188,-1,3000134000186,3000134000187,-1,35,1.8934448,1.8934448,1.9795104,17402,49.660595,12.477585,33.494965,169128,5,1,3,195.79115,-70.97682,-196.1087,39.836674,73.12569,-0.038584977,-0.02782845,-0.0015835946,10455004,4,1986,0.01423149,542
3000134000188,25000400002446,3000134000188,3000134000000,25,3.575905,-1,-1,3000134000187,3000134000188,-1,25,1.549182,1.549182,1.549182,17402,49.554276,12.5018015,33.58658,169128,5,1,3,191.45457,-71.86036,-191.30827,47.14575,76.76116,-0.019870115,0.049010742,-0.0014225466,10438826,4,2446,0.009254325,261