haloID,subHaloID,lastProgenitorId,treeId,snapNum,redshift,firstProgenitorId,nextProgenitorId,descendantId,firstHaloInFOFgroupId,nextHaloInFOFgroupId,np,m_Mean200,m_Crit200,m_TopHat,phKey,x,y,z,zIndex,ix,iy,iz,velX,velY,velZ,velDisp,vMax,spinX,spinY,spinZ,mostBoundID,fileNr,subhaloIndex,halfmassRadius,random
3000090000000,63000300000767,3000090000278,3000090000000,63,0.0,3000090000001,-1,-1,3000090000000,3000090000341,5912,594.7138,424.21768,521.64404,13561,41.117928,9.870755,15.43179,36668,4,1,1,249.1214,302.7976,62.67678,163.63766,306.44012,-0.08054999,-0.9800224,1.8143,8201887,3,767,0.13448322,791
3000090000001,62000300000799,3000090000278,3000090000000,62,0.019932542,3000090000002,-1,3000090000000,3000090000001,3000090000414,5918,591.09906,420.1726,518.54565,13561,41.071033,9.809719,15.418092,36668,4,1,1,250.582,300.67358,62.53609,163.5125,306.4437,0.028769068,-1.1630569,1.5862896,8201871,3,799,0.13506186,108
3000090000002,61000300000829,3000090000278,3000090000000,61,0.041403063,3000090000003,-1,3000090000001,3000090000002,3000090000415,5711,582.4925,418.36523,512.1768,13566,41.019627,9.75293,15.403277,36654,4,1,1,248.56285,296.3055,60.823498,164.60286,306.80478,0.21847762,-0.89253217,1.5613893,8201871,3,829,0.12978038,686
3000090000003,60000300000813,3000090000278,3000090000000,60,0.064493395,3000090000004,-1,3000090000002,3000090000003,3000090000416,5761,574.5744,422.4103,512.6932,13567,40.965485,9.687918,15.390552,36647,4,1,1,249.58301,292.03442,60.356495,165.51044,307.78085,0.0119635025,-1.1284462,1.5007457,8201871,3,813,0.13101754,122
3000090000004,59000300000824,3000090000278,3000090000000,59,0.08928783,3000090000005,-1,3000090000003,3000090000004,3000090000417,5631,568.3777,424.38983,509.59485,13567,40.90783,9.6258955,15.374363,36647,4,1,1,249.9167,288.11066,58.373085,168.03209,310.7497,0.25302878,-1.074688,1.5996021,8201887,3,824,0.12640825,958
3000090000005,58000300000795,3000090000277,3000090000000,58,0.11588337,3000090000006,3000090000278,3000090000004,3000090000005,3000090000418,5563,563.21375,424.21768,509.07843,13567,40.847557,9.5561285,15.361724,36647,4,1,1,250.48055,279.13428,56.710274,169.2894,310.85718,0.5922402,-1.188798,1.198426,8201871,3,795,0.12273992,922
3000090000006,57000300000751,3000090000277,3000090000000,57,0.14438343,3000090000007,-1,3000090000005,3000090000006,3000090000419,5616,559.25476,423.61523,508.30386,13567,40.778484,9.475462,15.354272,36647,4,1,1,251.29776,276.18747,53.00322,170.25261,314.49896,0.51821053,-1.3058856,1.3911884,8201887,3,751,0.12209245,635
3000090000007,56000300000761,3000090000277,3000090000000,56,0.17489761,3000090000008,-1,3000090000006,3000090000007,3000090000420,5534,554.86536,425.2505,508.47598,13567,40.708652,9.398363,15.33749,36647,4,1,1,251.57066,270.90717,54.902264,171.46628,313.74655,0.019298349,-1.0749321,0.912072,8201887,3,761,0.11968301,848
3000090000008,55000300000724,3000090000254,3000090000000,55,0.20754863,3000090000009,3000090000255,3000090000007,3000090000008,3000090000421,5375,551.5949,430.07016,508.7342,13567,40.636913,9.315743,15.320382,36647,4,1,1,250.1364,257.07053,53.21125,171.79578,309.04926,0.20733827,-0.8992452,1.3941176,8201758,3,724,0.11585892,441
3000090000009,54000300000721,3000090000215,3000090000000,54,0.24246909,3000090000010,3000090000216,3000090000008,3000090000009,3000090000422,5258,544.36536,433.771,506.4104,13567,40.568962,9.23283,15.303404,36647,4,1,1,254.7804,252.59317,52.653522,173.34856,311.88577,0.5902627,-1.0724965,0.7672618,8202335,3,721,0.11345704,356
3000090000010,53000300000716,3000090000215,3000090000000,53,0.2798018,3000090000011,-1,3000090000009,3000090000010,3000090000423,5231,535.07025,434.4595,501.4186,13567,40.489388,9.148786,15.287653,36647,4,1,1,256.36783,241.46172,50.29903,173.06793,307.088,0.92298675,-1.0124203,0.7333163,8202335,3,716,0.11099238,642
3000090000011,52000300000719,3000090000215,3000090000000,52,0.31970343,3000090000012,-1,3000090000010,3000090000011,3000090000424,5043,522.3326,427.57425,488.25055,13567,40.415894,9.068009,15.265326,36647,4,1,1,258.63058,230.8373,49.222927,177.59479,318.48874,0.78868943,-0.79988295,0.90080535,8201760,3,719,0.10797384,277
3000090000012,51000300000694,3000090000215,3000090000000,51,0.36234027,3000090000013,-1,3000090000011,3000090000012,3000090000291,4907,511.23007,422.9267,479.21365,13567,40.31939,8.983764,15.243479,36647,4,1,1,259.31894,220.6813,45.819233,173.23988,303.5818,0.4894359,-1.0449886,0.95268637,8201758,3,694,0.10569797,218
3000090000013,50000300000657,3000090000215,3000090000000,50,0.40789944,3000090000014,-1,3000090000012,3000090000013,3000090000426,4726,509.33664,407.8652,477.5784,13567,40.23224,8.90201,15.222856,36647,4,0,1,261.68338,211.7634,41.18726,173.86401,305.81305,0.4630526,-1.0503024,0.8142846,8201875,3,657,0.10130838,911
3000090000014,49000300000650,3000090000196,3000090000000,49,0.45657724,3000090000015,3000090000197,3000090000013,3000090000014,3000090000427,4605,506.9268,387.20944,472.8448,13567,40.132572,8.826564,15.203122,36647,4,0,1,261.2473,205.07655,35.791294,175.40349,314.4034,0.57389235,-0.68822265,1.2635221,8205778,3,650,0.09867402,803
3000090000015,48000300000679,3000090000196,3000090000000,48,0.5085914,3000090000016,-1,3000090000014,3000090000015,3000090000428,4425,481.6235,375.0742,447.97183,13567,40.042984,8.752545,15.174796,36645,4,0,1,256.2945,206.52454,31.016684,170.45378,304.24265,0.7050004,-0.90316075,0.03899691,8202000,3,679,0.095333196,74
3000090000016,47000300000651,3000090000165,3000090000000,47,0.5641766,3000090000017,3000090000166,3000090000015,3000090000016,3000090000429,4229,450.4677,357.08646,413.45947,13567,39.924995,8.668443,15.16075,36644,4,0,1,256.3114,208.54419,23.703022,171.83409,310.7772,1.0909615,-0.43594676,-0.41899016,8201955,3,651,0.091037504,408
3000090000017,46000300000590,3000090000146,3000090000000,46,0.6235901,3000090000018,3000090000147,3000090000016,3000090000017,3000090000430,3940,405.54144,331.69708,379.2914,13567,39.801395,8.583283,15.1466465,36644,4,0,1,256.3114,206.42119,20.778444,173.56265,311.75555,1.175665,0.22106361,0.51634943,8205303,3,590,0.08176265,158
3000090000018,45000300000583,3000090000113,3000090000000,45,0.6871088,3000090000019,3000090000114,3000090000017,3000090000018,3000090000297,3884,376.70944,311.3856,357.2586,13567,39.677647,8.49574,15.1300745,36644,4,0,1,257.11365,208.618,14.044041,171.11232,306.62225,1.3173977,0.33363023,0.95200175,8201886,3,583,0.08115162,101
3000090000019,44000300000554,3000090000113,3000090000000,44,0.75503564,3000090000020,-1,3000090000018,3000090000019,3000090000298,3857,373.95535,319.3897,358.37744,13567,39.55049,8.401902,15.12584,36644,4,0,1,252.39561,206.59859,8.558672,173.37468,308.35196,1.3633672,0.2604404,1.4348718,8201963,3,554,0.081479535,314
3000090000020,43000300000550,3000090000113,3000090000000,43,0.8276991,3000090000021,-1,3000090000019,3000090000020,3000090000299,3865,373.18076,332.38562,361.99222,13567,39.39776,8.299003,15.127377,36644,4,0,1,240.64386,196.00319,1.3930049,174.26529,307.1767,1.3609091,-0.14818163,1.056867,8202288,3,550,0.08415161,273
3000090000021,42000300000535,3000090000113,3000090000000,42,0.9054624,3000090000022,-1,3000090000020,3000090000021,3000090000300,3688,352.0086,319.6479,345.984,13567,39.25786,8.202455,15.129628,36644,4,0,1,227.13603,197.17363,-1.431313,177.4606,303.58426,0.9627214,0.6777956,1.882492,8201852,3,535,0.07668186,200
3000090000022,41000300000487,3000090000113,3000090000000,41,0.98870814,3000090000023,-1,3000090000021,3000090000022,3000090000301,3627,339.61514,308.54544,333.84872,13567,39.148693,8.092745,15.136369,36644,4,0,1,200.41862,187.85744,4.863422,188.67995,323.5022,1.2216661,0.081640236,1.2224399,8201852,3,487,0.06860188,841
3000090000023,40000300000437,3000090000113,3000090000000,40,1.0778745,3000090000024,-1,3000090000022,3000090000023,3000090000302,3553,326.01675,293.82822,321.19708,13568,39.04361,7.9799376,15.144222,36205,4,0,1,181.89612,194.06963,7.688942,179.57466,306.87277,0.91280866,0.8886775,1.6702445,8205302,3,437,0.07358035,615
3000090000024,39000300000420,3000090000103,3000090000000,39,1.173417,3000090000025,3000090000104,3000090000023,3000090000024,3000090000303,3384,308.20117,274.37735,306.04953,13568,38.94832,7.857656,15.152,36205,4,0,1,157.27939,190.79738,11.061307,174.34187,303.78162,1.1765906,1.2194684,2.074351,8201867,3,420,0.07191268,456
3000090000025,38000300000354,3000090000103,3000090000000,38,1.2758462,3000090000026,-1,3000090000024,3000090000025,3000090000304,3250,280.91837,251.91422,280.91837,13657,38.86144,7.743733,15.147075,35327,4,0,1,133.14862,183.8249,19.473804,172.68951,303.1462,1.2748563,1.5193473,2.3790734,8202302,3,354,0.07138855,224
3000090000026,37000300000342,3000090000103,3000090000000,37,1.3857181,3000090000027,-1,3000090000025,3000090000026,3000090000305,3167,265.59866,239.9511,267.92242,13657,38.79387,7.6266336,15.149979,35327,4,0,1,120.19785,173.94238,26.54027,173.45674,299.6789,0.6946712,1.3028704,1.9504005,8202302,3,342,0.06925084,213
3000090000027,36000300000339,3000090000103,3000090000000,36,1.5036365,3000090000028,-1,3000090000026,3000090000027,3000090000306,3055,261.5536,240.55356,264.22162,13657,38.72852,7.516916,15.148243,35327,4,0,1,114.094025,164.5498,42.066376,175.35986,299.02963,0.54303527,0.77285135,1.140331,8201956,3,339,0.067891024,694
3000090000028,35000300000341,3000090000103,3000090000000,35,1.6302707,3000090000029,-1,3000090000027,3000090000028,3000090000235,2826,255.87325,236.07814,260.0044,13657,38.681828,7.391429,15.141086,35327,4,0,1,104.27663,161.81525,39.297882,180.44316,293.1487,0.29438475,1.4424707,2.0252144,8201846,3,341,0.06222365,363
3000090000029,34000300000321,3000090000101,3000090000000,34,1.766336,3000090000030,3000090000102,3000090000028,3000090000029,3000090000179,2697,253.7216,244.77077,257.68063,13657,38.648422,7.3185163,15.097301,35327,4,0,1,94.42528,161.82745,37.31434,188.06581,308.19843,0.34003934,1.7794627,2.3392282,8201892,3,321,0.05285801,810
3000090000030,33000300000303,3000090000101,3000090000000,33,1.9126327,3000090000031,-1,3000090000029,3000090000030,3000090000126,2400,231.51666,225.66418,235.81995,13657,38.598076,7.26032,15.042207,35327,4,0,1,81.637436,156.97726,32.342247,186.68242,296.87744,0.4745467,1.4128357,1.618624,8205754,3,303,0.050740786,440
3000090000031,32000300000219,3000090000085,3000090000000,32,2.0700274,3000090000032,3000090000086,3000090000030,3000090000031,3000090000181,2400,169.54938,162.2338,173.93872,13657,38.64551,7.2146015,14.988456,35327,4,0,1,63.55898,159.14935,29.046066,167.79643,275.64478,0.29818317,0.49086577,0.74977523,8202302,3,219,0.05902314,571
3000090000032,31000300000211,3000090000085,3000090000000,31,2.2394855,3000090000033,-1,3000090000031,3000090000032,3000090000128,1999,145.36491,141.31984,151.13132,13657,38.643803,7.1311874,14.956922,35327,4,0,1,43.07902,156.32892,24.963955,171.79982,290.72687,0.07052329,-0.60315794,-0.7160918,8201862,3,211,0.045588315,125
3000090000033,30000300000169,3000090000085,3000090000000,30,2.422044,3000090000034,-1,3000090000032,3000090000033,3000090000129,2020,147.86082,143.21327,150.52885,13657,38.593414,7.038425,14.934585,35327,4,0,1,42.4245,155.13727,25.248499,168.95605,277.20813,0.1965353,-0.6905061,-0.42926297,8201929,3,169,0.050209705,247
3000090000034,29000300000199,3000090000085,3000090000000,29,2.6188614,3000090000035,-1,3000090000033,3000090000034,-1,1813,134.43459,130.81982,139.42639,13657,38.553787,6.93377,14.94063,35327,4,0,1,45.37378,150.85759,24.371813,165.66553,268.7311,0.32407722,-0.58528847,-0.40402788,8201875,3,199,0.04686162,988
3000090000035,28000300000145,3000090000069,3000090000000,28,2.8311827,3000090000036,3000090000070,3000090000034,3000090000035,3000090000072,1564,132.88539,129.78703,138.22147,13657,38.53039,6.855459,14.926632,35327,4,0,1,41.156986,149.00084,10.550344,175.03574,267.7945,0.45001248,-0.7750036,-0.34868377,8202289,3,145,0.04144558,846
3000090000036,27000300000114,3000090000069,3000090000000,27,3.060419,3000090000037,-1,3000090000035,3000090000036,3000090000073,1509,128.06572,127.03293,130.99196,13657,38.532597,6.800193,14.893075,35325,4,0,1,40.6072,138.08391,18.861725,188.7277,298.90063,0.30674827,-0.8938761,-0.37386012,8201854,3,114,0.03208162,309
3000090000037,26000300000096,3000090000069,3000090000000,26,3.3080978,3000090000038,-1,3000090000036,3000090000037,3000090000074,1438,112.5739,110.68045,116.61899,13657,38.539936,6.7470584,14.880135,35325,4,0,1,43.438255,135.49806,24.203651,176.69334,277.47723,0.63367575,-1.0742947,-0.27815428,8201962,3,96,0.03623674,180
3000090000038,25000300000053,3000090000061,3000090000000,25,3.575905,3000090000039,3000090000062,3000090000037,3000090000038,3000090000075,1178,87.70092,86.2378,91.83207,13657,38.54215,6.694014,14.829193,35325,4,0,1,38.05754,126.38175,41.687473,163.78798,260.9419,0.46024364,-0.90649676,-0.40756202,8201967,3,53,0.032489255,953
3000090000039,24000300000098,3000090000061,3000090000000,24,3.8656828,3000090000040,-1,3000090000038,3000090000039,-1,889,78.06156,77.63123,79.95501,13657,38.53408,6.647947,14.780656,35325,4,0,1,35.83661,119.56905,53.69619,168.60475,273.08813,-0.004585308,-0.31989095,-0.606201,8201857,3,98,0.024210135,562
3000090000040,23000300000061,3000090000061,3000090000000,23,4.1794686,3000090000041,-1,3000090000039,3000090000040,-1,784,67.30335,67.21729,69.368935,13657,38.49896,6.5891867,14.755397,35325,4,0,1,41.359608,107.98537,54.500618,174.24951,272.31174,0.10477103,-0.40320995,-0.5089244,8201751,3,61,0.020176252,355
3000090000041,22000300000048,3000090000060,3000090000000,22,4.5195556,3000090000042,3000090000061,3000090000040,3000090000041,3000090000061,648,51.639404,51.209076,52.50006,13657,38.523952,6.596665,14.684894,35325,4,0,1,42.531586,97.885025,57.98122,164.16156,260.97458,0.08899789,-0.5195007,-0.50867647,8201864,3,48,0.018439466,282
3000090000042,21000300000038,3000090000060,3000090000000,21,4.888449,3000090000043,-1,3000090000041,3000090000042,-1,515,37.6107,37.6107,39.848404,13657,38.452717,6.5205407,14.666312,35325,4,0,1,47.44466,92.81567,58.556705,143.69228,236.03528,-0.07354249,-0.53556406,-0.5690701,8201857,3,38,0.019113582,52
3000090000043,20000300000040,3000090000052,3000090000000,20,5.2888336,3000090000044,3000090000053,3000090000042,3000090000043,3000090000053,389,21.516418,21.516418,22.46314,13657,38.431564,6.432565,14.677702,35325,4,0,1,41.710876,104.40212,37.073,123.01636,194.83327,0.111727014,-0.45676824,-0.5003389,8201967,3,40,0.01959892,192
3000090000044,19000300000034,3000090000052,3000090000000,19,5.7238646,3000090000045,-1,3000090000043,3000090000044,3000090000054,248,15.922149,15.922149,16.352478,13657,38.421005,6.3665757,14.663838,35325,4,0,1,13.967453,128.41727,7.8959537,105.97646,186.02948,0.367091,-0.2516468,-0.34840938,8201837,3,34,0.014451684,796
3000090000045,18000300000075,3000090000052,3000090000000,18,6.1968336,3000090000046,-1,3000090000044,3000090000045,-1,158,12.307391,12.307391,12.393456,13657,38.42263,6.307932,14.682928,35325,4,0,1,16.308186,116.780914,7.9616385,110.73581,180.81725,0.04857955,-0.05106736,-0.19077727,8201960,3,75,0.010000243,527
3000090000046,17000300000058,3000090000052,3000090000000,17,6.7115865,3000090000047,-1,3000090000045,3000090000046,-1,133,9.8975525,9.811486,10.8442745,13657,38.402657,6.2485538,14.676601,35325,4,0,1,15.973947,114.3408,3.0920014,96.7357,165.74287,-0.09857761,-0.07116226,-0.13634439,8201823,3,58,0.010407966,625
3000090000047,16000300000031,3000090000052,3000090000000,16,7.272188,3000090000048,-1,3000090000046,3000090000047,-1,123,6.7131224,6.7131224,7.057385,13657,38.405437,6.184777,14.661469,35325,4,0,1,16.419537,111.48715,8.979755,92.44724,151.6894,-0.047782313,-0.06347399,-0.11257428,8201865,3,31,0.010243348,158
3000090000048,15000300000026,3000090000052,3000090000000,15,7.8832035,3000090000049,-1,3000090000047,3000090000048,-1,94,5.2500057,5.2500057,5.594269,13657,38.377865,6.134326,14.643795,35321,4,0,1,22.666748,97.37742,27.329605,89.51995,154.44012,0.02548978,0.03222615,-0.026281076,8201865,3,26,0.007485215,406
3000090000049,14000300000025,3000090000052,3000090000000,14,8.549912,3000090000050,-1,3000090000048,3000090000049,-1,58,4.131152,4.131152,4.131152,13657,38.375885,6.1234984,14.62819,35321,4,0,1,29.69798,117.938286,32.369625,80.542725,136.56416,-0.02460354,-0.031455357,-0.054018274,8201890,3,25,0.0067368504,835
3000090000050,13000300000012,3000090000052,3000090000000,13,9.277915,3000090000051,-1,3000090000049,3000090000050,-1,60,2.6680357,2.6680357,2.840167,13657,38.35092,6.0636797,14.593973,35321,4,0,1,14.490093,89.18853,30.279444,73.64872,127.15802,0.02652242,0.07845377,0.036563966,8201864,3,12,0.007247069,651
3000090000051,12000300000015,3000090000052,3000090000000,12,10.073462,3000090000052,-1,3000090000050,3000090000051,-1,36,2.4098387,2.4098387,2.4959044,13657,38.351093,6.050537,14.566149,35321,4,0,1,29.159784,77.09552,27.929245,79.451836,133.94847,-0.0753405,-0.02952225,-0.034933526,8201862,3,15,0.0040619792,169
3000090000052,11000300000016,3000090000052,3000090000000,11,10.943864,-1,-1,3000090000051,3000090000052,-1,24,1.8934448,1.8934448,1.9795104,13657,38.33498,5.999345,14.545806,35321,4,0,1,25.16487,87.22585,36.097034,93.95645,153.44063,0.043167666,0.021937834,0.0024241353,8201851,3,16,0.002601491,821
3000090000053,20000300000041,3000090000060,3000090000000,20,5.2888336,3000090000054,-1,3000090000042,3000090000043,-1,24,0.0,0.0,0.0,13657,38.4969,6.5789266,14.559456,35321,4,0,1,78.657646,-8.513395,146.56538,61.428917,93.97108,0.028327273,0.01035857,0.04255164,8202375,3,41,0.006142598,88
3000090000054,19000300000035,3000090000060,3000090000000,19,5.7238646,3000090000055,-1,3000090000053,3000090000044,-1,89,0.0,0.0,0.0,13657,38.459167,6.6014185,14.45593,35321,4,0,1,61.222775,21.579681,112.53322,91.366035,135.56499,0.0694717,0.047118675,0.16180015,8202320,3,35,0.009851532,548
3000090000055,18000300000119,3000090000060,3000090000000,18,6.1968336,3000090000056,-1,3000090000054,3000090000055,-1,115,6.196728,6.1106625,7.057385,13657,38.4425,6.5682764,14.404576,35321,4,0,1,62.905785,46.26228,119.51306,83.14781,137.2196,0.085215345,0.23748755,0.23422144,8202329,3,119,0.012561988,318
3000090000056,17000300000077,3000090000060,3000090000000,17,6.7115865,3000090000057,-1,3000090000055,3000090000056,-1,113,3.7008238,3.5286925,4.991809,13657,38.44485,6.5336,14.360802,35321,4,0,1,70.02974,62.13308,107.41891,85.662544,131.35338,0.1938916,0.21991898,0.30042043,8202375,3,77,0.012799061,611
3000090000057,16000300000171,3000090000059,3000090000000,16,7.272188,3000090000058,3000090000060,3000090000056,3000090000057,-1,48,3.6147583,3.6147583,4.217218,13657,38.380585,6.4915605,14.358309,35321,4,0,1,93.11444,59.356133,74.127846,74.27072,119.3663,-0.11873059,0.1323558,0.21125534,8202376,3,171,0.006754868,212
3000090000058,15000300000065,3000090000059,3000090000000,15,7.8832035,3000090000059,-1,3000090000057,3000090000058,-1,62,3.098364,3.098364,3.18443,13657,38.36203,6.4224863,14.311048,35321,4,0,1,38.008644,54.49248,80.366875,77.70779,125.13566,0.109962925,0.13614841,0.19103758,8202325,3,65,0.0077753426,754
3000090000059,14000300000107,3000090000059,3000090000000,14,8.549912,-1,-1,3000090000058,3000090000059,-1,34,1.3770508,1.3770508,1.549182,13657,38.30073,6.382453,14.30547,35321,4,0,1,56.240646,60.48917,64.296486,71.50907,103.921,-0.037153505,0.17460078,0.10662489,8201869,3,107,0.0069100754,581
3000090000060,16000300000321,3000090000060,3000090000000,16,7.272188,-1,-1,3000090000056,3000090000060,-1,30,2.3237731,2.3237731,2.3237731,13657,38.44768,6.5823846,14.230853,35321,4,0,1,37.51438,56.023205,135.63206,72.82041,107.742096,0.053298786,-0.112779684,-0.02890636,8205326,3,321,0.0060791536,437
3000090000061,22000300000049,3000090000061,3000090000000,22,4.5195556,-1,-1,3000090000040,3000090000041,-1,22,0.0,0.0,0.0,13657,38.462334,6.4381595,14.896824,35325,4,0,1,12.434018,210.32523,-154.1036,53.944885,82.93503,0.19253545,-0.13608305,-0.18509261,8201987,3,49,0.008140849,619
3000090000062,25000300000055,3000090000069,3000090000000,25,3.575905,3000090000063,-1,3000090000037,3000090000038,-1,62,0.0,0.0,0.0,13657,38.19503,6.5283647,14.913768,35325,4,0,1,258.36136,98.123634,25.758732,57.446312,107.74359,0.08974955,-0.0032610556,0.18467245,8202659,3,55,0.012884657,978
3000090000063,24000300000891,3000090000069,3000090000000,24,3.8656828,3000090000064,-1,3000090000062,3000090000063,-1,77,5.7664,5.7664,5.8524656,13657,38.065136,6.467353,14.905673,35324,4,0,1,220.00536,62.53228,20.71422,61.866688,109.23348,-0.06145677,0.1053163,-0.13524616,8202687,3,891,0.013143151,200
3000090000064,23000300000547,3000090000069,3000090000000,23,4.1794686,3000090000065,-1,3000090000063,3000090000064,-1,109,6.196728,6.196728,6.7131224,13657,37.977768,6.4398904,14.86639,35324,4,0,1,179.81906,51.99854,-13.551704,73.52754,118.24573,0.21378782,0.44652942,0.014077985,8202873,3,547,0.014602943,998
3000090000065,22000300000524,3000090000069,3000090000000,22,4.5195556,3000090000066,-1,3000090000064,3000090000065,-1,102,7.9180417,7.659845,8.176239,13657,37.890503,6.439516,14.871899,35324,4,0,1,160.63417,38.42549,9.5660515,85.12688,134.56427,-0.07606451,0.038381238,-0.18192272,8202576,3,524,0.011156099,744
3000090000066,21000300000600,3000090000069,3000090000000,21,4.888449,3000090000067,-1,3000090000065,3000090000066,-1,67,6.6270566,6.6270566,6.7131224,13657,37.799374,6.4355335,14.8782,35324,4,0,1,143.24419,5.8587494,-22.112837,76.940926,130.51862,0.013439292,-0.16320783,0.004882795,8202652,3,600,0.007756333,404
3000090000067,20000300000550,3000090000069,3000090000000,20,5.2888336,3000090000068,-1,3000090000066,3000090000067,-1,68,2.6680357,2.6680357,3.2704954,13657,37.732834,6.4427276,14.873387,35324,4,0,1,132.92424,16.668951,-12.88378,69.20681,110.87354,0.00554128,-0.20894705,-0.0037842435,8202655,3,550,0.013228015,17
3000090000068,19000300001071,3000090000068,3000090000000,19,5.7238646,-1,3000090000069,3000090000067,3000090000068,-1,34,1.032788,1.032788,1.032788,13657,37.648422,6.426887,14.890187,35324,4,0,1,103.40971,-1.9881612,4.328718,54.78273,78.65663,0.016385157,-0.122278824,-0.0134425415,8202658,3,1071,0.013074199,379
3000090000069,19000300001764,3000090000069,3000090000000,19,5.7238646,-1,-1,3000090000067,3000090000069,-1,20,0.9467224,0.9467224,1.1188537,13657,37.571415,6.4391236,14.930005,35324,4,0,1,160.46776,18.918287,-33.201275,47.15055,82.35521,0.040592216,-0.04673051,-0.018367663,8202661,3,1764,0.008508081,436
3000090000070,28000300004586,3000090000071,3000090000000,28,2.8311827,3000090000071,3000090000072,3000090000034,3000090000070,-1,22,0.86065674,0.86065674,1.2049193,13657,38.357613,6.668755,14.770476,35325,4,0,1,189.86165,295.67603,294.3305,33.320347,57.72616,0.093475886,-0.14547454,-0.131279,8204124,3,4586,0.014813696,946
3000090000071,27000300004981,3000090000071,3000090000000,27,3.060419,-1,-1,3000090000070,3000090000071,-1,22,1.032788,1.032788,1.032788,13657,38.28399,6.520083,14.586188,35321,4,0,1,158.57959,245.86507,254.98125,34.168003,60.453007,0.012103694,-0.14090513,-0.1760742,8205928,3,4981,0.013399314,988
3000090000072,28000300000146,3000090000085,3000090000000,28,2.8311827,3000090000073,-1,3000090000034,3000090000035,-1,30,0.0,0.0,0.0,13657,38.63346,6.9738474,14.858865,35327,4,0,1,196.12712,150.71545,197.3018,51.008602,89.269875,0.08264173,0.012345937,-0.073380455,9126024,3,146,0.008052344,927
3000090000073,27000300000115,3000090000085,3000090000000,27,3.060419,3000090000074,-1,3000090000072,3000090000036,-1,34,0.0,0.0,0.0,13657,38.512386,6.840436,14.795101,35327,4,0,1,214.31592,289.50354,-26.102613,73.55904,120.87364,0.11180514,-0.074282125,0.06170225,9126017,3,115,0.0049645156,721
3000090000074,26000300000097,3000090000085,3000090000000,26,3.3080978,3000090000075,-1,3000090000073,3000090000037,-1,22,0.0,0.0,0.0,13657,38.4331,6.677103,14.898396,35325,4,0,1,-0.5836425,256.009,-272.18903,64.065186,106.58996,0.02883284,-0.01825415,0.14943159,9125948,3,97,0.0051111747,820
3000090000075,25000300000054,3000090000085,3000090000000,25,3.575905,3000090000076,-1,3000090000074,3000090000038,3000090000062,72,0.0,0.0,0.0,13657,38.45944,6.553881,15.0493145,35325,4,0,1,-53.633137,128.19806,-238.69708,74.590675,127.40159,0.059569933,-0.11929827,0.07291454,9126017,3,54,0.009795844,585
3000090000076,24000300000845,3000090000085,3000090000000,24,3.8656828,3000090000077,-1,3000090000075,3000090000076,-1,107,9.467224,9.467224,10.241815,13657,38.498676,6.501409,15.18597,35325,4,0,1,-86.22561,96.32087,-175.5739,77.04191,132.47786,0.053365264,-0.19622491,0.07655822,9125987,3,845,0.011614139,323
3000090000077,23000300000643,3000090000085,3000090000000,23,4.1794686,3000090000078,-1,3000090000076,3000090000077,-1,119,9.553289,9.295093,9.8975525,13657,38.542686,6.4514303,15.274187,35325,4,0,1,-69.16481,104.13587,-148.08719,83.12499,132.55219,0.21954462,0.031006629,0.24009068,9126012,3,643,0.013366425,914
3000090000078,22000300000488,3000090000085,3000090000000,22,4.5195556,3000090000079,-1,3000090000077,3000090000078,-1,124,7.1434507,7.057385,7.9180417,13657,38.614597,6.40678,15.363177,35325,4,0,1,-63.08059,94.5352,-127.77655,82.21397,142.50053,0.26355428,-0.11490731,0.23679891,9018923,3,488,0.015141086,203
3000090000079,21000300000611,3000090000085,3000090000000,21,4.888449,3000090000080,-1,3000090000078,3000090000079,-1,77,5.8524656,5.8524656,6.4549255,13657,38.67195,6.3611817,15.422779,35325,4,0,1,-94.91133,103.38338,-115.88812,81.17917,136.99333,-0.04508912,0.009629516,0.05662979,9125978,3,611,0.008560585,926
3000090000080,20000300000588,3000090000085,3000090000000,20,5.2888336,3000090000081,-1,3000090000079,3000090000080,-1,66,5.594269,5.594269,5.680334,13657,38.707714,6.296947,15.461342,35325,4,0,1,-82.35946,91.76317,-93.28278,82.88348,135.69876,-0.06506831,-0.13038464,0.11187744,9018923,3,588,0.00760978,620
3000090000081,19000300000462,3000090000085,3000090000000,19,5.7238646,3000090000082,-1,3000090000080,3000090000081,-1,63,4.733612,4.733612,4.8196774,13657,38.739582,6.2457857,15.516203,35325,4,0,1,-84.759346,93.4019,-81.49646,71.28397,126.68161,-0.052797608,-0.053471453,0.050259657,9125996,3,462,0.0076411683,921
3000090000082,18000300000432,3000090000085,3000090000000,18,6.1968336,3000090000083,-1,3000090000081,3000090000082,-1,51,3.8729553,3.8729553,3.9590209,13657,38.772255,6.180072,15.557842,35325,4,0,1,-72.10549,88.81636,-84.78906,74.86434,129.87643,-0.01561867,-0.0025773202,0.040738553,9126017,3,432,0.006186957,867
3000090000083,17000300000250,3000090000085,3000090000000,17,6.7115865,3000090000084,-1,3000090000082,3000090000083,-1,57,4.6475463,4.6475463,4.733612,13657,38.818085,6.1430545,15.611637,35325,4,0,1,-65.69421,92.47914,-73.864075,79.79187,139.97606,-0.016026331,0.0032575566,0.02178992,9126025,3,250,0.0068359734,226
3000090000084,16000300000190,3000090000085,3000090000000,16,7.272188,3000090000085,-1,3000090000083,3000090000084,-1,49,3.7868896,3.7868896,3.8729553,15014,38.852028,6.1175017,15.6573105,49369,4,0,1,-61.88959,83.68539,-67.330086,91.374725,148.58096,-0.021756016,-0.0075763445,0.009241102,9126013,3,190,0.004842744,82
3000090000085,15000300000181,3000090000085,3000090000000,15,7.8832035,-1,-1,3000090000084,3000090000085,-1,37,2.5819702,2.4098387,2.7541015,15014,38.86539,6.0746636,15.689359,49369,4,0,1,-65.962265,84.191185,-69.10175,72.91883,113.24983,0.014271594,0.012243487,0.018748756,9126011,3,181,0.0064086933,471
3000090000086,32000300000222,3000090000101,3000090000000,32,2.0700274,3000090000087,-1,3000090000030,3000090000031,-1,119,0.0,0.0,0.0,13657,38.466564,7.0479455,15.128993,35327,4,0,1,270.86664,185.4272,-61.324665,88.45602,146.59175,0.009841859,-0.06875134,0.017881304,8202942,3,222,0.010560536,741
3000090000087,31000300000213,3000090000101,3000090000000,31,2.2394855,3000090000088,-1,3000090000086,3000090000032,-1,137,0.0,0.0,0.0,13657,38.310566,6.97154,15.152263,35327,4,0,1,277.58163,125.965675,-27.359135,87.88911,148.87306,0.06896031,-0.07020138,-0.08539001,8202953,3,213,0.01353667,273
3000090000088,30000300000171,3000090000101,3000090000000,30,2.422044,3000090000089,-1,3000090000087,3000090000033,3000090000183,148,0.0,0.0,0.0,13657,38.176693,6.903224,15.15485,35327,4,0,1,268.7268,105.07298,8.868509,84.416176,146.08192,-2.1604523E-4,-0.046548236,0.0033286775,8203241,3,171,0.013036508,199
3000090000089,29000300000904,3000090000101,3000090000000,29,2.6188614,3000090000090,-1,3000090000088,3000090000089,-1,178,17.041002,16.696741,17.815594,13657,38.01164,6.85678,15.141359,35326,4,0,1,246.68147,109.99061,30.225271,77.0911,144.6121,0.18735483,-0.008974971,-0.024158653,8202939,3,904,0.017724048,85
3000090000090,28000300000888,3000090000101,3000090000000,28,2.8311827,3000090000091,-1,3000090000089,3000090000090,-1,179,15.061493,14.803295,15.2336235,13657,37.869717,6.782215,15.125545,35324,4,0,1,225.00618,105.773,41.883553,83.22429,148.5185,0.06488249,0.029291917,-0.20957191,8202902,3,888,0.0156182945,421
3000090000091,27000300000932,3000090000101,3000090000000,27,3.060419,3000090000092,-1,3000090000090,3000090000091,-1,150,13.598376,13.426245,14.372967,13657,37.752754,6.727593,15.089962,35324,4,0,1,215.79185,92.29944,58.142876,85.37651,154.20537,-0.06867089,-0.17754069,-0.17327107,8203804,3,932,0.013063444,352
3000090000092,26000300000719,3000090000101,3000090000000,26,3.3080978,3000090000093,-1,3000090000091,3000090000092,-1,181,14.372967,13.942638,14.71723,13657,37.64504,6.6863112,15.058328,35324,4,0,1,202.29552,88.21916,59.63647,83.319046,143.73627,-0.080773525,-0.077903315,-0.028426934,8202939,3,719,0.017059265,662
3000090000093,25000300000665,3000090000101,3000090000000,25,3.575905,3000090000094,-1,3000090000092,3000090000093,-1,167,13.770508,13.340179,14.372967,13657,37.53801,6.618596,15.027346,35324,4,0,1,200.86227,84.603485,65.52174,82.23418,145.17407,0.038696706,-0.07384785,-0.10800626,8202925,3,665,0.015312483,366
3000090000094,24000300000515,3000090000101,3000090000000,24,3.8656828,3000090000095,-1,3000090000093,3000090000094,-1,188,12.221325,11.963128,13.684442,13657,37.46529,6.5733194,14.984666,35324,4,0,1,190.56966,84.41984,66.99838,84.04549,142.40393,0.07211296,-0.12577663,-0.09944822,8202941,3,515,0.02017604,728
3000090000095,23000300000385,3000090000101,3000090000000,23,4.1794686,3000090000096,-1,3000090000094,3000090000095,-1,191,13.942638,13.770508,14.11477,13657,37.338165,6.5294595,14.93701,35324,4,0,1,182.6718,79.34678,67.677,89.36869,152.86937,0.056864575,-0.062354792,-0.13377321,8202902,3,385,0.017263684,961
3000090000096,22000300000391,3000090000101,3000090000000,22,4.5195556,3000090000097,-1,3000090000095,3000090000096,-1,161,12.909851,12.909851,13.081982,13657,37.246048,6.4916644,14.920601,35324,4,0,1,161.61234,78.22734,70.76874,101.482574,170.05513,0.0297262,-0.119557604,-0.015417127,8202902,3,391,0.011432924,175
3000090000097,21000300000341,3000090000101,3000090000000,21,4.888449,3000090000098,-1,3000090000096,3000090000097,-1,135,11.618866,11.618866,11.790997,13657,37.158817,6.45054,14.883982,35324,4,0,1,165.41331,82.47778,64.111206,99.6966,166.91089,0.01969879,-0.1239818,-0.097710386,8202902,3,341,0.010316986,783
3000090000098,20000300000321,3000090000101,3000090000000,20,5.2888336,3000090000099,-1,3000090000097,3000090000098,-1,114,8.090173,8.090173,8.606567,13658,37.064156,6.397261,14.852516,35317,4,0,1,148.57388,87.46094,55.398678,90.1442,150.28731,-0.06525238,0.013372916,-0.09806187,8203804,3,321,0.010158904,320
3000090000099,19000300000278,3000090000101,3000090000000,19,5.7238646,3000090000100,-1,3000090000098,3000090000099,-1,99,4.991809,4.905743,5.0778747,13658,37.011906,6.343616,14.816755,35317,4,0,1,143.73297,86.501495,50.726135,75.268265,123.544876,-0.011937048,0.043256927,-0.15802342,8203795,3,278,0.012500275,91
3000090000100,18000300000260,3000090000101,3000090000000,18,6.1968336,3000090000101,-1,3000090000099,3000090000100,-1,75,2.1516418,2.1516418,2.2377074,13658,36.97013,6.3179445,14.751819,35317,4,0,1,137.06633,72.889435,51.0029,64.174576,101.45511,-0.07458392,0.04639826,-0.22581829,8203804,3,260,0.015666315,484
3000090000101,17000300000275,3000090000101,3000090000000,17,6.7115865,-1,-1,3000090000100,3000090000101,-1,52,1.549182,1.549182,1.6352477,13658,36.940388,6.3215203,14.719862,35317,4,0,1,135.40398,66.024254,61.307602,57.15939,92.57288,-0.07055427,-0.04607617,-0.17679554,8202901,3,275,0.01471671,82
3000090000102,34000300000324,3000090000103,3000090000000,34,1.766336,3000090000103,-1,3000090000028,3000090000029,-1,29,0.0,0.0,0.0,13657,38.640133,7.397548,15.030906,35327,4,0,1,20.512245,141.98387,39.16052,59.121147,101.404724,-0.009800698,-0.10613623,-0.040553063,8203797,3,324,0.006864729,64
3000090000103,33000300000305,3000090000103,3000090000000,33,1.9126327,-1,-1,3000090000102,3000090000030,-1,24,0.0,0.0,0.0,13657,38.637268,7.20631,15.066418,35327,4,0,1,195.55803,391.20135,-128.28467,74.6104,113.82271,0.07050061,-0.0905377,-0.021189444,8203812,3,305,0.003937002,339
3000090000104,39000300000426,3000090000113,3000090000000,39,1.173417,3000090000105,-1,3000090000023,3000090000024,-1,20,0.0,0.0,0.0,13568,38.90088,8.01819,15.3362465,36205,4,0,1,302.81396,308.83542,-266.88702,38.743362,60.32738,-0.08955737,0.059412178,0.007764385,8206074,3,426,0.013423933,291
3000090000105,38000300003933,3000090000113,3000090000000,38,1.2758462,3000090000106,-1,3000090000104,3000090000105,-1,23,2.5819702,2.4959044,2.5819702,13568,38.72756,7.8334713,15.462442,36205,4,0,1,255.38889,384.06827,-154.70984,34.715622,64.115135,-0.14273506,0.031827647,0.032697663,8201571,3,3933,0.013547677,399
3000090000106,37000300004074,3000090000113,3000090000000,37,1.3857181,3000090000107,-1,3000090000105,3000090000106,-1,32,2.4098387,1.9795104,2.4098387,13657,38.610878,7.6033735,15.532218,35327,4,0,1,223.35442,410.41776,-67.88212,34.7991,56.34243,-0.0810504,0.07806534,0.005114721,8206020,3,4074,0.020955333,411
3000090000107,36000300000344,3000090000113,3000090000000,36,1.5036365,3000090000108,-1,3000090000106,3000090000027,3000090000327,24,0.0,0.0,0.0,13657,38.49288,7.384891,15.515968,35327,4,0,1,179.58635,426.506,17.721584,28.355278,56.694298,-0.06226157,0.112905316,0.033607595,8206065,3,344,0.018014992,607
3000090000108,35000300000345,3000090000113,3000090000000,35,1.6302707,3000090000109,-1,3000090000107,3000090000028,-1,24,0.0,0.0,0.0,13657,38.39545,7.160236,15.487149,35327,4,0,1,137.45668,423.79233,76.945656,30.33931,53.241543,0.05429976,0.19578953,0.1779996,8206020,3,345,0.016975086,806
3000090000109,33000300004100,3000090000113,3000090000000,33,1.9126327,3000090000110,-1,3000090000108,3000090000109,-1,30,1.2909851,1.2909851,1.2909851,13657,38.28116,6.6406536,15.41459,35325,4,0,1,60.144352,367.88373,86.98051,35.38386,59.274155,0.17357323,0.13117905,0.12598088,8206016,3,4100,0.02367595,66
3000090000110,32000300004924,3000090000113,3000090000000,32,2.0700274,3000090000111,-1,3000090000109,3000090000110,-1,26,1.032788,1.032788,1.032788,13657,38.23675,6.4502845,15.380166,35325,4,0,1,56.50245,324.44467,98.35953,34.723034,53.25326,0.16138488,0.0987569,0.16433674,8206060,3,4924,0.02233468,400
3000090000111,31000300004489,3000090000113,3000090000000,31,2.2394855,3000090000112,-1,3000090000110,3000090000111,-1,30,1.4631164,0.86065674,1.4631164,13657,38.267323,6.266431,15.255789,35325,4,0,1,54.270493,289.13232,106.31152,36.926147,57.293785,0.04099326,0.08642058,0.029138148,8206060,3,4489,0.018769633,58
3000090000112,30000300003422,3000090000113,3000090000000,30,2.422044,3000090000113,-1,3000090000111,3000090000112,-1,21,0.774591,0.774591,0.774591,13657,38.148746,6.143279,15.258443,35325,4,0,1,45.33876,260.07608,132.95338,24.204308,48.19209,0.07009237,-0.08051759,0.1614499,8206060,3,3422,0.018484032,836
3000090000113,29000300002989,3000090000113,3000090000000,29,2.6188614,-1,-1,3000090000112,3000090000113,-1,30,1.2049193,1.2049193,1.549182,13657,38.152843,5.976913,15.162227,35325,4,0,1,57.790333,244.22746,132.29807,35.380592,58.15622,0.21538307,0.022755269,0.11408076,8206060,3,2989,0.020493753,24
3000090000114,45000300000589,3000090000146,3000090000000,45,0.6871088,3000090000115,-1,3000090000017,3000090000018,-1,21,0.0,0.0,0.0,13567,39.55281,8.521297,15.138752,36644,4,0,1,370.6892,136.60231,-4.700042,40.44011,90.91871,-0.015176846,0.026311843,-0.048314594,8189417,3,589,0.0058793356,353
3000090000115,44000300000560,3000090000146,3000090000000,44,0.75503564,3000090000116,-1,3000090000114,3000090000019,-1,25,0.0,0.0,0.0,13567,39.445114,8.428674,15.131546,36644,4,0,1,63.30049,227.30014,29.91042,47.6198,90.84452,-0.026781784,0.034876622,0.005280457,8189411,3,560,0.0066478015,100
3000090000116,43000300000556,3000090000146,3000090000000,43,0.8276991,3000090000117,-1,3000090000115,3000090000020,3000090000202,26,0.0,0.0,0.0,13567,39.48735,8.258254,15.130644,36644,4,0,1,82.91698,420.4141,-67.79003,47.69141,115.226456,-0.088096365,0.07021252,-0.008524224,8189430,3,556,0.005171178,808
3000090000117,42000300000540,3000090000146,3000090000000,42,0.9054624,3000090000118,-1,3000090000116,3000090000021,3000090000151,45,0.0,0.0,0.0,13567,39.376396,8.08798,15.153006,36644,4,0,1,303.1246,224.87985,-21.257988,59.826786,114.67896,0.014057109,0.1672841,-0.1432539,8189430,3,540,0.006794386,715
3000090000118,41000300000494,3000090000146,3000090000000,41,0.98870814,3000090000119,-1,3000090000117,3000090000022,-1,26,0.0,0.0,0.0,13567,39.166325,8.038726,15.1535015,36644,4,0,1,569.6238,-65.462715,-17.411592,64.758896,132.78409,-0.052810326,0.037085794,-0.008118813,8189430,3,494,0.003657644,170
3000090000119,40000300000440,3000090000146,3000090000000,40,1.0778745,3000090000120,-1,3000090000118,3000090000023,3000090000173,78,0.0,0.0,0.0,13568,38.981564,8.125223,15.075084,36205,4,0,1,186.67241,-38.29181,177.19695,75.71993,145.71043,0.025536578,0.22437204,0.02992672,8189417,3,440,0.0073134587,876
3000090000120,39000300000422,3000090000146,3000090000000,39,1.173417,3000090000121,-1,3000090000119,3000090000024,3000090000231,107,0.0,0.0,0.0,13568,38.909004,8.10354,15.0019865,36205,4,0,1,89.98937,112.90613,112.6848,72.16959,141.88753,-0.034562632,0.19057341,0.04463313,8188573,3,422,0.011440176,850
3000090000121,38000300000357,3000090000146,3000090000000,38,1.2758462,3000090000122,-1,3000090000120,3000090000025,3000090000175,118,0.0,0.0,0.0,13568,38.88466,8.015289,14.95703,36205,4,0,1,-1.2087222,199.12004,57.85278,71.94896,137.60405,-0.033543967,0.15135643,0.010910127,8188573,3,357,0.014642823,346
3000090000122,37000300000344,3000090000146,3000090000000,37,1.3857181,3000090000123,-1,3000090000121,3000090000026,3000090000176,115,0.0,0.0,0.0,13568,38.887436,7.8742933,14.942756,36205,4,0,1,-48.65459,268.42035,-4.329993,74.33353,140.59798,0.009506477,0.25783634,0.050588325,8188579,3,344,0.014113867,627
3000090000123,36000300000341,3000090000146,3000090000000,36,1.5036365,3000090000124,-1,3000090000122,3000090000027,3000090000177,107,0.0,0.0,0.0,13657,38.930252,7.6974697,14.958097,35327,4,0,1,-41.407146,325.97495,-65.31283,75.38747,138.79768,-0.02895342,0.21300557,0.03661971,8188573,3,341,0.010536158,35
3000090000124,35000300000344,3000090000146,3000090000000,35,1.6302707,3000090000125,-1,3000090000123,3000090000028,3000090000108,81,0.0,0.0,0.0,13657,38.93127,7.4980116,15.01919,35327,4,0,1,71.6438,376.2983,-139.22006,74.10801,143.34271,0.033845875,0.07585139,0.0039039112,8188573,3,344,0.009144312,234
3000090000125,34000300000323,3000090000146,3000090000000,34,1.766336,3000090000126,-1,3000090000124,3000090000029,3000090000102,70,0.0,0.0,0.0,13657,38.825535,7.2821493,15.10799,35327,4,0,1,287.00647,377.88898,-192.72202,82.1198,145.99063,-0.046652064,0.05680822,0.11626451,8188537,3,323,0.0066338656,954
3000090000126,33000300000304,3000090000146,3000090000000,33,1.9126327,3000090000127,-1,3000090000125,3000090000030,3000090000103,88,0.0,0.0,0.0,13657,38.599655,7.1003585,15.20153,35327,4,0,1,484.3742,226.33273,-74.799934,84.71075,144.12679,-0.102938846,0.11798994,0.07938946,8188537,3,304,0.0088666435,768
3000090000127,32000300000221,3000090000146,3000090000000,32,2.0700274,3000090000128,-1,3000090000126,3000090000031,3000090000086,134,0.0,0.0,0.0,13657,38.318096,7.0016026,15.187329,35327,4,0,1,465.72083,108.30919,67.41543,93.558655,152.5476,-0.010373647,0.2404235,0.2435178,8188570,3,221,0.012036338,164
3000090000128,31000300000212,3000090000146,3000090000000,31,2.2394855,3000090000129,-1,3000090000127,3000090000032,3000090000087,299,0.0,0.0,0.0,13657,38.073723,6.9593124,15.140414,35326,4,0,1,393.64505,82.424866,91.986,102.96467,163.66087,-0.1339814,0.7465599,0.31944644,8189409,3,212,0.021075966,115
3000090000129,30000300000170,3000090000146,3000090000000,30,2.422044,3000090000130,-1,3000090000128,3000090000033,3000090000088,383,0.0,0.0,0.0,13657,37.869896,6.9255404,15.090189,35326,4,0,1,352.3447,60.169193,108.5984,102.56036,169.08719,-0.046129588,0.50940925,0.20390096,8188573,3,170,0.024857055,455
3000090000130,29000300000623,3000090000146,3000090000000,29,2.6188614,3000090000131,-1,3000090000129,3000090000130,-1,371,29.26233,28.22954,30.725445,13657,37.670628,6.8866224,15.02758,35326,4,0,1,333.79767,65.99617,112.1194,99.11652,163.48807,0.07244711,0.37337586,-0.04402823,8189430,3,623,0.026927058,973
3000090000131,28000300000638,3000090000145,3000090000000,28,2.8311827,3000090000132,3000090000146,3000090000130,3000090000131,-1,300,25.303307,25.04511,26.336096,13657,37.469105,6.852052,14.963563,35326,4,0,1,308.76248,59.024765,105.48946,102.17402,163.4738,-0.009815605,0.34244773,-0.040798604,8189414,3,638,0.021872684,434
3000090000132,27000300000595,3000090000145,3000090000000,27,3.060419,3000090000133,-1,3000090000131,3000090000132,-1,275,22.46314,22.291008,23.581993,13657,37.30047,6.8111687,14.911967,35324,4,0,1,296.82806,55.24675,104.44732,98.59887,158.98924,-0.11853371,0.26437503,0.0384144,8189430,3,595,0.020830385,686
3000090000133,26000300000543,3000090000145,3000090000000,26,3.3080978,3000090000134,-1,3000090000132,3000090000133,-1,261,20.311499,20.225433,20.827892,13657,37.12389,6.7723203,14.847894,35324,4,0,1,278.3805,54.371086,102.803314,98.84044,159.64993,-0.13695589,0.3136057,0.06971713,8189415,3,543,0.019535117,630
3000090000134,25000300000527,3000090000145,3000090000000,25,3.575905,3000090000135,-1,3000090000133,3000090000134,-1,223,17.2992,17.12707,18.159857,13658,36.954674,6.747981,14.765293,35317,4,0,1,272.42908,58.427673,105.96072,98.86496,162.67789,-0.103262916,0.19405052,-0.043504655,8188531,3,527,0.017448226,72
3000090000135,24000300000553,3000090000145,3000090000000,24,3.8656828,3000090000136,-1,3000090000134,3000090000135,-1,180,13.770508,13.168048,14.200836,13658,36.80171,6.729721,14.677413,35317,4,0,1,261.45923,55.315376,98.316895,96.60616,155.13087,0.013199664,0.11635151,0.020248508,8188574,3,553,0.0141706085,462
3000090000136,23000300000392,3000090000145,3000090000000,23,4.1794686,3000090000137,-1,3000090000135,3000090000136,-1,185,12.13526,11.963128,13.081982,13658,36.664066,6.7046633,14.630549,35313,4,0,1,252.91232,58.86949,99.06537,90.47168,151.66643,-0.02725288,-0.0389548,-0.04493104,8188532,3,392,0.015452166,58
3000090000137,22000300000460,3000090000145,3000090000000,22,4.5195556,3000090000138,-1,3000090000136,3000090000137,-1,132,11.360668,11.360668,11.5328,13658,36.53352,6.6635904,14.5873165,35313,4,0,1,239.50163,45.23169,111.62266,87.47695,152.80046,-0.053114656,-0.07275862,-0.08497937,8189415,3,460,0.012219995,858
3000090000138,21000300000382,3000090000145,3000090000000,21,4.888449,3000090000139,-1,3000090000137,3000090000138,-1,120,10.155749,9.983618,10.758209,13658,36.40255,6.6398506,14.527878,35313,4,0,1,236.29137,39.275166,98.760185,92.214966,152.99562,-0.10013181,-0.13419077,-0.023422876,8189402,3,382,0.01034534,978
3000090000139,20000300000334,3000090000145,3000090000000,20,5.2888336,3000090000140,-1,3000090000138,3000090000139,-1,111,8.434436,8.434436,8.692633,13658,36.272774,6.6074185,14.475241,35313,4,0,1,223.2374,41.146027,96.48091,95.337845,159.64497,-0.15972745,-0.10655202,-0.0016854597,8189402,3,334,0.008954684,90
3000090000140,19000300000270,3000090000145,3000090000000,19,5.7238646,3000090000141,-1,3000090000139,3000090000140,-1,101,5.9385314,5.9385314,6.4549255,13658,36.18074,6.583557,14.451106,35313,4,0,1,211.34088,41.454002,93.561485,81.58293,132.23642,-0.09944627,-0.12050032,-0.064390585,8189428,3,270,0.011411972,894
3000090000141,18000300000315,3000090000145,3000090000000,18,6.1968336,3000090000142,-1,3000090000140,3000090000141,-1,64,5.594269,5.594269,5.7664,13658,36.05288,6.5530457,14.407096,35312,4,0,1,197.41612,44.66256,72.74091,78.416985,132.08974,0.0046620946,0.07139121,0.042345304,8189417,3,315,0.007629349,485
3000090000142,17000300000263,3000090000145,3000090000000,17,6.7115865,3000090000143,-1,3000090000141,3000090000142,-1,55,4.6475463,4.6475463,4.733612,13658,35.949432,6.545627,14.343919,35312,4,0,1,190.94054,52.081207,73.87669,86.99389,134.19444,-0.005936237,-0.025668822,-0.013186933,8189407,3,263,0.0069302977,34
3000090000143,16000300000218,3000090000145,3000090000000,16,7.272188,3000090000144,-1,3000090000142,3000090000143,-1,46,3.5286925,3.5286925,3.7008238,13658,35.868504,6.5181336,14.327553,35312,4,0,1,188.6927,51.655823,71.02379,82.0383,139.58066,0.0052598706,-0.029867187,0.0016709714,8189403,3,218,0.0052811448,615
3000090000144,15000300000207,3000090000145,3000090000000,15,7.8832035,3000090000145,-1,3000090000143,3000090000144,-1,34,2.5819702,2.5819702,2.6680357,13658,35.79009,6.4938188,14.313776,35312,4,0,1,180.66028,32.294075,69.61583,66.78484,120.6613,0.014155848,-0.004385291,0.0014676794,8189403,3,207,0.006311178,681
3000090000145,14000300000243,3000090000145,3000090000000,14,8.549912,-1,-1,3000090000144,3000090000145,-1,22,1.2049193,1.2049193,1.4631164,13658,35.709335,6.4975414,14.28736,35312,3,0,1,168.30812,16.961111,65.70623,60.330437,101.28152,0.033052716,0.028546425,0.038831696,8189407,3,243,0.0044596624,178
3000090000146,28000300003069,3000090000146,3000090000000,28,2.8311827,-1,-1,3000090000130,3000090000146,-1,30,0.86065674,0.86065674,1.549182,13657,37.330246,7.0712953,14.704495,35326,4,0,1,290.83844,-70.062164,122.24503,38.295002,68.85321,-0.41754514,0.013808806,0.1368644,8188794,3,3069,0.016971942,302
3000090000147,46000300000596,3000090000165,3000090000000,46,0.6235901,3000090000148,-1,3000090000016,3000090000017,-1,24,0.0,0.0,0.0,13567,39.526356,8.371454,15.372648,36644,4,0,1,191.68721,410.35983,-87.89338,29.563953,59.748016,0.029898914,-0.06376831,-0.10216807,8185880,3,596,0.016726736,714
3000090000148,45000300000587,3000090000165,3000090000000,45,0.6871088,3000090000149,-1,3000090000147,3000090000018,3000090000168,29,0.0,0.0,0.0,13567,39.4539,8.184905,15.413771,36644,4,0,1,122.66872,389.34186,-46.886486,35.019577,61.66098,0.08596011,-0.1363499,0.07630752,8185880,3,587,0.015971258,825
3000090000149,44000300000559,3000090000165,3000090000000,44,0.75503564,3000090000150,-1,3000090000148,3000090000019,3000090000115,26,0.0,0.0,0.0,13567,39.40794,8.027244,15.435823,36644,4,0,1,75.32372,339.7948,-5.744822,29.64303,56.44576,0.07140991,-0.10350914,-0.0014664576,8185880,3,559,0.018467627,338
3000090000150,43000300000555,3000090000165,3000090000000,43,0.8276991,3000090000151,-1,3000090000149,3000090000020,3000090000116,28,0.0,0.0,0.0,13567,39.37474,7.8897314,15.414059,36644,4,0,1,37.54225,284.44,51.911854,30.245667,54.61834,0.02838301,-0.16797222,-0.051864255,8185890,3,555,0.021157887,793
3000090000151,42000300000541,3000090000165,3000090000000,42,0.9054624,3000090000152,-1,3000090000150,3000090000021,3000090000631,29,0.0,0.0,0.0,13478,39.355442,7.750728,15.365085,35766,4,0,1,21.100197,227.399,92.92205,33.3838,58.12415,0.027931504,-0.16742015,-0.022706015,8185881,3,541,0.017163964,351
3000090000152,41000300000492,3000090000165,3000090000000,41,0.98870814,3000090000153,-1,3000090000151,3000090000022,3000090000203,27,0.0,0.0,0.0,13478,39.34566,7.649327,15.30515,35766,4,0,1,18.210957,151.6272,130.23181,32.853443,60.496468,0.0481537,-0.1065417,-0.032826137,8185881,3,492,0.015004434,185
3000090000153,40000300000442,3000090000165,3000090000000,40,1.0778745,3000090000154,-1,3000090000152,3000090000023,-1,33,0.0,0.0,0.0,13478,39.330257,7.594623,15.226043,35766,4,0,1,40.76529,61.609306,157.53618,29.83743,58.25739,-0.12094026,-0.077475846,-0.009858504,8185877,3,442,0.020718142,466
3000090000154,39000300000425,3000090000165,3000090000000,39,1.173417,3000090000155,-1,3000090000153,3000090000024,3000090000104,25,0.0,0.0,0.0,13478,39.306347,7.577489,15.135252,35766,4,0,1,102.17894,-18.890768,169.4188,31.721937,61.943623,0.012630718,-0.19787614,-0.013653844,8185881,3,425,0.015297439,921
3000090000155,38000300003074,3000090000165,3000090000000,38,1.2758462,3000090000156,-1,3000090000154,3000090000155,-1,43,5.1639404,5.0778747,5.1639404,13478,39.212475,7.6008873,15.050211,35766,4,0,1,195.5042,-102.03812,170.36888,39.972076,72.316315,-0.10922534,-0.14553571,-0.063506536,8185880,3,3074,0.01910383,832
3000090000156,37000300000346,3000090000165,3000090000000,37,1.3857181,3000090000157,-1,3000090000155,3000090000026,-1,43,0.0,0.0,0.0,13478,39.09453,7.6893897,14.968204,35766,4,0,1,293.20367,-170.7108,147.73253,47.15068,80.843575,-0.02578081,8.686438E-4,0.04571805,8185877,3,346,0.0152159715,144
3000090000157,35000300002009,3000090000165,3000090000000,35,1.6302707,3000090000158,-1,3000090000156,3000090000157,-1,47,6.36886,6.024597,6.799188,13568,38.665314,7.8750267,14.894369,36205,4,0,1,391.3207,-123.56789,15.911129,46.708668,81.554565,-0.05781296,-0.22177811,-0.08117138,8185889,3,2009,0.015227108,352
3000090000158,34000300003536,3000090000165,3000090000000,34,1.766336,3000090000159,-1,3000090000157,3000090000158,-1,44,3.8729553,3.8729553,3.8729553,13568,38.449085,7.92712,14.903065,36205,4,0,1,382.80096,-72.37707,7.7788296,40.634033,74.99703,-0.1415403,-0.05726986,-0.035233267,8185877,3,3536,0.016605595,6
3000090000159,33000300003396,3000090000165,3000090000000,33,1.9126327,3000090000160,-1,3000090000158,3000090000159,-1,45,3.0122986,3.0122986,3.0122986,13568,38.245884,7.970212,14.906365,36205,4,0,1,361.41296,-43.70532,16.881859,36.08785,70.9564,-0.107353896,-0.14011714,-0.07766374,8185877,3,3396,0.020563949,941
3000090000160,32000300003640,3000090000165,3000090000000,32,2.0700274,3000090000161,-1,3000090000159,3000090000160,-1,41,1.9795104,1.7213135,2.065576,13568,38.029457,8.017677,14.861882,36204,4,0,1,346.0899,-31.122177,22.101017,35.34527,64.97191,-0.14068523,-0.14631774,-0.08252699,8185883,3,3640,0.022309724,304
3000090000161,31000300004963,3000090000165,3000090000000,31,2.2394855,3000090000162,-1,3000090000160,3000090000161,-1,26,2.4098387,2.3237731,2.4098387,13568,37.840496,7.9885674,14.850722,36204,4,0,1,332.37134,-16.42154,28.256243,40.125496,69.79821,0.057054747,-0.07419112,0.0011009956,8185878,3,4963,0.012821483,220
3000090000162,30000300004827,3000090000165,3000090000000,30,2.422044,3000090000163,-1,3000090000161,3000090000162,-1,26,2.2377074,2.2377074,2.2377074,13568,37.64476,7.995016,14.850834,36204,4,0,1,316.84708,-8.166792,35.820652,39.643864,73.72255,0.016818807,-0.07602828,0.03591309,8185920,3,4827,0.011433164,134
3000090000163,29000300004339,3000090000165,3000090000000,29,2.6188614,3000090000164,-1,3000090000162,3000090000163,-1,29,2.1516418,2.1516418,2.3237731,13568,37.457233,8.006025,14.81296,36204,4,0,1,310.07724,-7.817385,40.5946,34.459858,68.03323,0.027374038,-0.115275286,0.0051726303,8185920,3,4339,0.013403292,702
3000090000164,28000300005078,3000090000165,3000090000000,28,2.8311827,3000090000165,-1,3000090000163,3000090000164,-1,22,1.2909851,1.2909851,1.2909851,13568,37.28206,8.033012,14.790309,36204,4,0,1,299.93033,-17.474316,44.539894,32.304394,62.133965,0.021576194,-0.056716204,0.11760588,8185920,3,5078,0.01231891,81
3000090000165,27000300004980,3000090000165,3000090000000,27,3.060419,-1,-1,3000090000164,3000090000165,-1,22,0.9467224,0.9467224,1.1188537,13569,37.108635,8.057867,14.773907,36197,4,0,1,291.85568,-14.297754,47.838196,33.79871,60.238224,0.028187789,-0.059314683,0.065598935,8185882,3,4980,0.015219788,718
3000090000166,47000300000656,3000090000196,3000090000000,47,0.5641766,3000090000167,-1,3000090000015,3000090000016,-1,27,0.0,0.0,0.0,13567,39.818207,8.540479,15.25653,36644,4,0,1,484.24838,173.85046,20.840923,37.181362,75.061714,0.09818173,0.05425651,-0.06895613,8090823,3,656,0.00975269,546
3000090000167,46000300000595,3000090000196,3000090000000,46,0.6235901,3000090000168,-1,3000090000166,3000090000017,3000090000147,32,0.0,0.0,0.0,13567,39.62498,8.480253,15.23444,36644,4,0,1,404.01624,70.234474,108.102974,38.380665,69.71934,0.09490929,-0.09320884,-0.11582219,8095436,3,595,0.015703246,65
3000090000168,45000300000588,3000090000196,3000090000000,45,0.6871088,3000090000169,-1,3000090000167,3000090000018,3000090000114,21,0.0,0.0,0.0,13567,39.481316,8.47106,15.167928,36644,4,0,1,243.77017,11.43724,147.93329,35.89,71.71548,0.032765936,0.009758346,0.023685772,8095451,3,588,0.01027532,489
3000090000169,44000300000558,3000090000196,3000090000000,44,0.75503564,3000090000170,-1,3000090000168,3000090000019,3000090000149,32,0.0,0.0,0.0,13567,39.42442,8.472845,15.086304,36644,4,0,1,-23.31123,35.59297,116.10992,56.373043,88.24955,0.045518495,-0.2148817,-0.008596286,8090821,3,558,0.008165405,62
3000090000170,43000300000554,3000090000196,3000090000000,43,0.8276991,3000090000171,-1,3000090000169,3000090000020,3000090000150,46,0.0,0.0,0.0,13567,39.48558,8.380221,15.088433,36644,4,0,1,-113.80264,314.81625,-65.67851,58.711937,101.354774,-0.037991922,-0.08234562,0.09409239,8095070,3,554,0.009796546,552
3000090000171,42000300000539,3000090000196,3000090000000,42,0.9054624,3000090000172,-1,3000090000170,3000090000021,3000090000117,59,0.0,0.0,0.0,13567,39.486107,8.186542,15.138599,36644,4,0,1,76.57486,431.2293,-112.59781,52.210815,103.15595,-0.042659823,-0.039802376,-0.008227219,8095402,3,539,0.01141927,665
3000090000172,41000300000491,3000090000196,3000090000000,41,0.98870814,3000090000173,-1,3000090000171,3000090000022,3000090000152,67,0.0,0.0,0.0,13567,39.405983,7.9650674,15.188107,36644,4,0,1,214.863,421.9009,-100.14042,57.06276,111.809685,-0.037670076,-0.031000737,-0.01134476,8095404,3,491,0.011033521,672
3000090000173,40000300000441,3000090000196,3000090000000,40,1.0778745,3000090000174,-1,3000090000172,3000090000023,3000090000153,70,0.0,0.0,0.0,13478,39.28374,7.766557,15.230666,35766,4,0,1,307.7291,350.84222,-73.23177,56.23173,105.9718,-0.06410305,-0.058245864,0.016935011,8095072,3,441,0.013608644,923
3000090000174,39000300000424,3000090000196,3000090000000,39,1.173417,3000090000175,-1,3000090000173,3000090000024,3000090000154,75,0.0,0.0,0.0,13478,39.085888,7.6100154,15.25132,35766,4,0,1,390.67844,245.95149,-11.624515,62.86359,115.37828,-0.1219911,0.016634678,-0.013949309,8095072,3,424,0.011781795,342
3000090000175,38000300000358,3000090000196,3000090000000,38,1.2758462,3000090000176,-1,3000090000174,3000090000025,-1,73,0.0,0.0,0.0,13657,38.85798,7.5072575,15.2555,35327,4,0,1,421.0306,85.82725,63.208057,55.6865,107.40946,-0.17007163,-0.040038712,-0.09147134,8095422,3,358,0.012872343,377
3000090000176,37000300000345,3000090000196,3000090000000,37,1.3857181,3000090000177,-1,3000090000175,3000090000026,3000090000156,59,0.0,0.0,0.0,13657,38.63431,7.5128636,15.19225,35327,4,0,1,332.16772,-113.94994,103.910614,56.610424,111.842064,-0.22620057,-0.0054100235,-0.05901099,8095436,3,345,0.010235668,534
3000090000177,36000300000342,3000090000196,3000090000000,36,1.5036365,3000090000178,-1,3000090000176,3000090000027,3000090000329,83,0.0,0.0,0.0,13657,38.52091,7.609204,15.133642,35327,4,0,1,112.90655,-143.62296,124.95952,69.3067,122.514755,-0.24584472,0.115327105,0.0455959,8095443,3,342,0.010533665,566
3000090000178,35000300000343,3000090000196,3000090000000,35,1.6302707,3000090000179,-1,3000090000177,3000090000028,3000090000124,100,0.0,0.0,0.0,13657,38.4989,7.662971,15.056976,35327,4,0,1,-39.130756,-73.1499,139.8136,70.234215,126.24745,-0.17198305,0.1415423,0.07272539,8095416,3,343,0.0122021455,27
3000090000179,34000300000322,3000090000196,3000090000000,34,1.766336,3000090000180,-1,3000090000178,3000090000029,3000090000125,122,0.0,0.0,0.0,13657,38.555103,7.688537,14.988982,35327,4,0,1,-146.342,13.37885,147.2737,68.18268,120.996666,-0.2033102,0.0924699,-0.023492977,8206129,3,322,0.017264366,479
3000090000180,33000300001049,3000090000196,3000090000000,33,1.9126327,3000090000181,-1,3000090000179,3000090000180,-1,145,15.750018,14.71723,16.438543,13657,38.65772,7.658732,14.900555,35327,4,0,1,-199.21043,94.56575,137.28448,73.43584,128.76471,-0.3197184,0.114704594,0.074668616,8095502,3,1049,0.017053997,901
3000090000181,32000300000220,3000090000196,3000090000000,32,2.0700274,3000090000182,-1,3000090000180,3000090000031,3000090000127,146,0.0,0.0,0.0,13657,38.781746,7.5688353,14.817814,35327,4,0,1,-223.00705,168.6539,127.15922,68.6892,124.80113,-0.32059735,0.1147769,-0.081181556,8095411,3,220,0.01817955,286
3000090000182,31000300000989,3000090000196,3000090000000,31,2.2394855,3000090000183,-1,3000090000181,3000090000182,-1,153,18.073792,17.47133,19.192644,13657,38.91454,7.445882,14.7311125,35327,4,0,1,-209.80518,234.93637,120.17578,67.79505,120.18646,-0.35840517,0.23207493,-0.0744214,8097540,3,989,0.020255407,146
3000090000183,30000300000172,3000090000196,3000090000000,30,2.422044,3000090000184,-1,3000090000182,3000090000033,-1,112,0.0,0.0,0.0,13657,39.019096,7.304761,14.671881,35327,4,0,1,-173.85735,281.41406,100.09036,77.05326,133.87303,-0.32344574,0.21136954,0.013750528,8090862,3,172,0.012206668,418
3000090000184,29000300001303,3000090000196,3000090000000,29,2.6188614,3000090000185,-1,3000090000183,3000090000184,-1,129,11.360668,11.360668,11.963128,13478,39.11129,7.1448455,14.628785,35762,4,0,1,-141.85605,291.8871,77.079475,73.49753,135.67833,-0.3924325,0.046258256,-0.06637572,8090813,3,1303,0.013180856,625
3000090000185,28000300001379,3000090000196,3000090000000,28,2.8311827,3000090000186,-1,3000090000184,3000090000185,-1,109,9.467224,9.381158,9.725421,13478,39.19166,6.981278,14.582103,35762,4,0,1,-110.22258,283.3305,65.44749,62.669193,115.041725,-0.34327552,0.22720653,-0.12407596,8095424,3,1379,0.01631133,981
3000090000186,27000300001073,3000090000196,3000090000000,27,3.060419,3000090000187,-1,3000090000185,3000090000186,-1,128,8.778699,8.520501,9.381158,13478,39.22473,6.8302317,14.556381,35760,4,0,1,-88.24122,284.22028,55.5513,62.692436,114.738846,-0.32059488,-0.07623554,-0.08217368,8095451,3,1073,0.01964602,484
3000090000187,26000300001184,3000090000196,3000090000000,26,3.3080978,3000090000188,-1,3000090000186,3000090000187,-1,103,8.778699,8.778699,8.9508295,13478,39.267925,6.680626,14.529025,35760,4,0,1,-65.4507,263.93707,55.341145,71.579216,117.45967,-0.21756543,-0.022701684,-0.07940966,8090862,3,1184,0.015315188,311
3000090000188,25000300000998,3000090000196,3000090000000,25,3.575905,3000090000189,-1,3000090000187,3000090000188,-1,106,9.381158,9.381158,9.381158,13478,39.31894,6.5000315,14.5065975,35760,4,0,1,-53.686234,261.7513,50.04929,80.673805,137.10286,-0.37606007,0.030532818,0.036832206,8095415,3,998,0.012297567,379
3000090000189,24000300000958,3000090000196,3000090000000,24,3.8656828,3000090000190,-1,3000090000188,3000090000189,-1,98,7.831976,7.831976,8.090173,13478,39.33499,6.3745704,14.436085,35760,4,0,1,-45.631474,258.5215,49.10485,76.688324,120.8112,-0.46994945,0.04565317,0.052308578,8095424,3,958,0.014099408,881
3000090000190,23000300000795,3000090000196,3000090000000,23,4.1794686,3000090000191,-1,3000090000189,3000090000190,-1,97,3.8729553,3.7868896,4.131152,13478,39.359196,6.176728,14.5076,35760,4,0,1,-42.785324,242.68886,50.291355,67.18441,99.37361,-0.4443023,-0.016491678,0.06613992,8095408,3,795,0.019550553,853
3000090000191,22000300001475,3000090000193,3000090000000,22,4.5195556,3000090000192,3000090000194,3000090000190,3000090000191,-1,45,3.098364,3.0122986,3.18443,13478,39.348057,6.007548,14.455517,35760,4,0,1,-20.01393,275.3353,80.01608,56.38288,97.70888,0.20124094,0.014555046,0.00918636,8090861,3,1475,0.010734742,959
3000090000192,21000300000791,3000090000193,3000090000000,21,4.888449,3000090000193,-1,3000090000191,3000090000192,-1,62,2.3237731,2.1516418,2.3237731,13479,39.35479,5.833005,14.391791,35746,4,0,1,-22.878971,233.12804,59.293526,55.928394,90.52316,-0.22922571,-0.09565234,-0.022766275,8095787,3,791,0.021828718,950
3000090000193,20000300001410,3000090000193,3000090000000,20,5.2888336,-1,-1,3000090000192,3000090000193,-1,34,1.6352477,1.6352477,1.6352477,13479,39.36429,5.7078757,14.348076,35746,4,0,1,-21.03484,236.32867,84.05137,48.76251,87.92351,0.118519865,0.006268733,-0.13482594,8095787,3,1410,0.009048998,650
3000090000194,22000300002624,3000090000195,3000090000000,22,4.5195556,3000090000195,3000090000196,3000090000190,3000090000194,-1,25,2.4959044,2.4959044,2.4959044,13478,39.346313,6.161235,14.418674,35760,4,0,1,-21.827969,179.86006,1.6352016,48.825024,88.54834,7.041095E-4,0.020704249,0.03426108,8095444,3,2624,0.007628135,992
3000090000195,20000300002478,3000090000195,3000090000000,20,5.2888336,-1,-1,3000090000194,3000090000195,-1,20,1.2049193,1.2049193,1.2909851,13478,39.363926,5.960704,14.429947,35760,4,0,1,-35.23115,181.02986,12.471238,44.18605,80.23779,0.047039095,0.015083388,-0.007406723,8095443,3,2478,0.0068274927,377
3000090000196,22000300002110,3000090000196,3000090000000,22,4.5195556,-1,-1,3000090000190,3000090000196,-1,20,0.0,0.0,0.0,13478,39.438972,6.201598,14.389311,35760,4,0,1,-91.52714,185.16568,36.970104,38.251842,61.991203,0.09988386,-0.05033075,-0.1234813,8095070,3,2110,0.01342611,371
3000090000197,48000300005152,3000090000215,3000090000000,48,0.5085914,3000090000198,-1,3000090000013,3000090000197,-1,21,1.8934448,1.8073791,1.8934448,13567,39.63652,8.542321,15.547583,36644,4,0,1,199.17117,154.24033,-52.262714,23.949734,57.324474,0.0044574956,0.09491504,-0.1975668,8207945,3,5152,0.01461874,561
3000090000198,47000300004584,3000090000215,3000090000000,47,0.5641766,3000090000199,-1,3000090000197,3000090000198,-1,21,3.18443,2.3237731,2.4959044,13567,39.557636,8.468176,15.562488,36644,4,0,1,162.50548,141.01814,-15.412782,23.250301,49.678352,-0.05525522,0.13174197,-0.1289351,8207945,3,4584,0.018054975,776
3000090000199,46000300005135,3000090000215,3000090000000,46,0.6235901,3000090000200,-1,3000090000198,3000090000199,-1,21,2.3237731,2.065576,2.1516418,13567,39.50439,8.425152,15.551526,36644,4,0,1,117.32801,125.473434,34.872906,24.46739,48.848354,-0.009528552,0.15258715,-0.13992892,8207954,3,5135,0.019365126,70
3000090000200,45000300005668,3000090000215,3000090000000,45,0.6871088,3000090000201,-1,3000090000199,3000090000200,-1,25,2.2377074,1.8934448,2.1516418,13567,39.459995,8.360224,15.536639,36644,4,0,1,82.89959,120.32706,83.72281,31.213797,59.586105,0.036479708,0.061670363,0.006507511,8207954,3,5668,0.016135639,107
3000090000201,44000300003722,3000090000215,3000090000000,44,0.75503564,3000090000202,-1,3000090000200,3000090000201,-1,27,3.18443,2.5819702,3.0122986,13567,39.4315,8.313378,15.481402,36644,4,0,1,32.720226,114.49755,163.7369,33.269302,61.877674,0.07725778,0.013928132,0.05321014,8207954,3,3722,0.013534119,977
3000090000202,43000300000557,3000090000215,3000090000000,43,0.8276991,3000090000203,-1,3000090000201,3000090000020,-1,21,0.0,0.0,0.0,13567,39.43415,8.260994,15.36791,36644,4,0,1,-11.226848,107.526924,287.4299,36.203045,65.90636,0.051145088,-0.0028789642,-0.07683715,8207954,3,557,0.010691976,153
3000090000203,41000300000493,3000090000215,3000090000000,41,0.98870814,3000090000204,-1,3000090000202,3000090000022,3000090000118,27,0.0,0.0,0.0,13567,39.349155,8.128055,14.914626,36644,4,0,1,228.57475,156.30247,448.64304,34.91175,63.36798,0.028553486,-0.051351033,-0.13639843,8204433,3,493,0.013515191,978
3000090000204,40000300004292,3000090000215,3000090000000,40,1.0778745,3000090000205,-1,3000090000203,3000090000204,-1,31,3.442627,2.7541015,3.442627,13567,39.20685,8.054967,14.702689,36644,4,0,1,251.04684,161.7114,364.03268,31.673838,60.639732,-0.029959291,-0.06244526,-0.073828176,8207945,3,4292,0.016105542,938
3000090000205,39000300004009,3000090000215,3000090000000,39,1.173417,3000090000206,-1,3000090000204,3000090000205,-1,34,3.3565612,2.5819702,3.3565612,13567,39.065655,7.980203,14.514916,36640,4,0,1,255.68034,153.44766,320.42285,32.022587,60.986614,0.0345634,-0.031238906,-0.11554377,8207945,3,4009,0.018887144,492
3000090000206,38000300003766,3000090000215,3000090000000,38,1.2758462,3000090000207,-1,3000090000205,3000090000206,-1,35,2.4098387,2.2377074,2.4098387,13568,38.934864,7.884425,14.341158,36201,4,0,1,244.53656,147.70166,281.14655,30.06533,58.55923,-0.043103095,-0.11138795,-0.042930346,8207954,3,3766,0.020032363,792
3000090000207,37000300004943,3000090000215,3000090000000,37,1.3857181,3000090000208,-1,3000090000206,3000090000207,-1,31,2.2377074,1.9795104,2.2377074,13657,38.79354,7.804227,14.210691,35323,4,0,1,250.8513,143.6135,258.15488,33.24801,63.273636,0.026139451,0.05945092,0.035334095,8207954,3,4943,0.018715115,814
3000090000208,36000300005436,3000090000215,3000090000000,36,1.5036365,3000090000209,-1,3000090000207,3000090000208,-1,26,2.065576,1.9795104,2.065576,13657,38.644382,7.7236943,14.067178,35323,4,0,1,248.55325,139.70535,239.36798,34.30854,63.81654,0.026701758,0.08116604,-0.055885553,8207954,3,5436,0.014779143,839
3000090000209,35000300005255,3000090000215,3000090000000,35,1.6302707,3000090000210,-1,3000090000208,3000090000209,-1,27,1.7213135,1.7213135,1.9795104,13657,38.49081,7.661444,13.927077,35323,4,0,1,242.37405,132.17577,219.85281,31.908443,60.30539,0.051521845,0.092497386,-0.05024258,8207945,3,5255,0.014249042,777
3000090000210,34000300005309,3000090000215,3000090000000,34,1.766336,3000090000211,-1,3000090000209,3000090000210,-1,26,1.549182,1.4631164,1.549182,13657,38.342506,7.585094,13.805113,35323,4,0,1,240.68445,126.69707,210.70578,31.363333,54.281277,0.019742057,0.060376927,-0.030447254,8207945,3,5309,0.019252758,544
3000090000211,33000300005500,3000090000215,3000090000000,33,1.9126327,3000090000212,-1,3000090000210,3000090000211,-1,23,1.6352477,1.4631164,1.6352477,13657,38.22232,7.515082,13.698314,35323,4,0,1,234.65045,126.07823,191.98709,27.372084,54.98466,0.013727323,-7.0553395E-4,-0.079594694,8207954,3,5500,0.018424368,156
3000090000212,32000300005067,3000090000215,3000090000000,32,2.0700274,3000090000213,-1,3000090000211,3000090000212,-1,26,1.032788,0.9467224,1.2909851,13662,38.110687,7.446402,13.594754,35295,4,0,1,229.82451,113.107895,185.02113,30.122793,53.314297,-0.087103315,0.00873419,-0.15309837,8207954,3,5067,0.01997687,289
3000090000213,31000300006076,3000090000215,3000090000000,31,2.2394855,3000090000214,-1,3000090000212,3000090000213,-1,20,1.2909851,1.2909851,1.4631164,13662,37.9984,7.3625474,13.487043,35294,4,0,1,223.73271,108.01464,173.95712,35.016354,60.424313,-0.027731843,-0.066266045,-0.024473714,8207945,3,6076,0.013121622,394
3000090000214,29000300005437,3000090000215,3000090000000,29,2.6188614,3000090000215,-1,3000090000213,3000090000214,-1,22,1.6352477,1.6352477,1.6352477,13662,37.74503,7.249201,13.281386,35294,4,0,1,216.62297,96.73665,167.01521,35.098713,65.794586,0.029206075,-0.04481865,-0.029876612,8204498,3,5437,0.011093401,366
3000090000215,28000300005542,3000090000215,3000090000000,28,2.8311827,-1,-1,3000090000214,3000090000215,-1,20,1.4631164,1.032788,1.6352477,13662,37.611607,7.190884,13.153371,35294,4,0,1,208.91153,91.62176,156.75699,30.454268,60.903034,0.03188242,-0.06456942,0.0048101633,8207945,3,5542,0.013768973,862
3000090000216,54000300000725,3000090000254,3000090000000,54,0.24246909,3000090000217,-1,3000090000008,3000090000009,-1,22,0.0,0.0,0.0,13567,40.515568,9.2684145,15.286054,36647,4,1,1,190.9057,-175.90834,121.46368,45.153133,85.07183,-0.06942022,0.074138165,0.030271841,8203146,3,725,0.007226677,84
3000090000217,53000300000720,3000090000254,3000090000000,53,0.2798018,3000090000218,-1,3000090000216,3000090000010,-1,29,0.0,0.0,0.0,13567,40.485195,9.288795,15.264522,36647,4,1,1,43.76,57.246212,74.20231,42.69966,86.407265,-0.033825032,0.049617402,-0.005952895,8203074,3,720,0.007644147,211
3000090000218,52000300000722,3000090000254,3000090000000,52,0.31970343,3000090000219,-1,3000090000217,3000090000011,3000090000258,32,0.0,0.0,0.0,13567,40.467865,9.240791,15.233708,36647,4,1,1,57.40887,224.90218,74.70797,34.01709,78.83795,-0.06659118,0.079299405,-0.055659104,8203074,3,722,0.01066905,646
3000090000219,51000300000698,3000090000254,3000090000000,51,0.36234027,3000090000220,-1,3000090000218,3000090000012,-1,38,0.0,0.0,0.0,13567,40.43502,9.123363,15.213478,36647,4,1,1,122.69842,368.59103,65.85934,45.62465,89.26719,-0.089320175,0.12027787,-0.04616501,8189335,3,698,0.009803061,950
3000090000220,50000300000661,3000090000254,3000090000000,50,0.40789944,3000090000221,-1,3000090000219,3000090000013,3000090000260,46,0.0,0.0,0.0,13567,40.365604,8.96233,15.194292,36647,4,1,1,277.58972,503.05084,44.066334,50.35699,90.57028,0.0075755427,0.14474082,0.075514145,8189335,3,661,0.011863128,579
3000090000221,49000300000655,3000090000254,3000090000000,49,0.45657724,3000090000222,-1,3000090000220,3000090000014,-1,41,0.0,0.0,0.0,13567,40.195652,8.7666445,15.188669,36645,4,0,1,576.39264,466.10413,-50.64186,52.549187,92.54649,-0.004059694,0.11024327,-0.03236896,8189335,3,655,0.010297792,992
3000090000222,48000300000683,3000090000254,3000090000000,48,0.5085914,3000090000223,-1,3000090000221,3000090000015,3000090000585,57,0.0,0.0,0.0,13567,39.94961,8.633025,15.216223,36644,4,0,1,586.7725,150.5011,-76.750565,57.503754,112.26376,-0.018693695,0.11239822,-0.12963401,8203216,3,683,0.009064552,356
3000090000223,47000300000654,3000090000254,3000090000000,47,0.5641766,3000090000224,-1,3000090000222,3000090000016,3000090000486,70,0.0,0.0,0.0,13567,39.723705,8.59689,15.23462,36644,4,0,1,477.23593,26.712881,-46.604286,53.896675,101.643616,0.029430898,0.04456603,-0.12855935,8189342,3,654,0.013233456,798
3000090000224,46000300000593,3000090000254,3000090000000,46,0.6235901,3000090000225,-1,3000090000223,3000090000017,3000090000586,72,0.0,0.0,0.0,13567,39.528164,8.593665,15.260533,36644,4,0,1,357.40704,12.063314,-3.6751115,55.1187,105.304245,-0.0015992362,0.055374242,-0.19288951,8188931,3,593,0.013321201,308
3000090000225,45000300000586,3000090000254,3000090000000,45,0.6871088,3000090000226,-1,3000090000224,3000090000018,3000090000148,74,0.0,0.0,0.0,13567,39.38314,8.5843,15.245437,36644,4,0,1,254.15598,34.931236,49.237972,55.501858,107.604,-0.015072783,0.09627816,-0.2695172,8189342,3,586,0.012828375,9
3000090000226,44000300000557,3000090000254,3000090000000,44,0.75503564,3000090000227,-1,3000090000225,3000090000019,3000090000169,74,0.0,0.0,0.0,13567,39.28861,8.560561,15.208821,36644,4,0,1,141.83519,74.699295,97.68491,52.87021,101.015785,0.025029302,0.086693175,-0.20949097,8189342,3,557,0.014228391,207
3000090000227,43000300000553,3000090000254,3000090000000,43,0.8276991,3000090000228,-1,3000090000226,3000090000020,3000090000170,81,0.0,0.0,0.0,13567,39.25354,8.49731,15.154424,36644,4,0,1,28.221012,165.09764,137.88322,56.877853,108.1514,0.08539685,0.16458665,-0.2188629,8189342,3,553,0.0137685295,336
3000090000228,42000300000538,3000090000254,3000090000000,42,0.9054624,3000090000229,-1,3000090000227,3000090000021,3000090000171,71,0.0,0.0,0.0,13567,39.26374,8.372537,15.0785055,36644,4,0,1,-61.626514,351.54572,144.18774,66.277565,117.204414,-0.059949253,0.02388278,-0.15560602,8189342,3,538,0.010678643,945
3000090000229,41000300000490,3000090000254,3000090000000,41,0.98870814,3000090000230,-1,3000090000228,3000090000022,3000090000172,80,0.0,0.0,0.0,13567,39.289326,8.127383,15.028536,36644,4,0,1,8.324794,555.8478,19.996845,67.97018,118.307884,-0.045933504,-0.00567303,-0.1627568,8189302,3,490,0.011197912,747
3000090000230,40000300000439,3000090000254,3000090000000,40,1.0778745,3000090000231,-1,3000090000229,3000090000023,3000090000119,84,0.0,0.0,0.0,13567,39.239788,7.836329,15.050051,36644,4,0,1,139.48235,537.8223,-89.86743,61.946445,115.669785,-0.043442417,-0.09196933,-0.12301403,8189343,3,439,0.012270726,176
3000090000231,39000300000423,3000090000254,3000090000000,39,1.173417,3000090000232,-1,3000090000230,3000090000024,3000090000174,96,0.0,0.0,0.0,13478,39.14841,7.5702157,15.118011,35766,4,0,1,204.76346,450.05368,-151.86528,62.438507,118.64678,-0.07460036,-0.13352554,-0.10620839,8189335,3,423,0.013468709,542
3000090000232,38000300000356,3000090000254,3000090000000,38,1.2758462,3000090000233,-1,3000090000231,3000090000025,3000090000121,120,0.0,0.0,0.0,13657,39.0355,7.3461003,15.209495,35327,4,0,1,254.56819,352.82245,-171.92181,66.37297,125.083565,-0.15499379,-0.20479284,0.0046022055,8189339,3,356,0.014959881,45
3000090000233,37000300001710,3000090000254,3000090000000,37,1.3857181,3000090000234,-1,3000090000232,3000090000233,-1,151,14.545098,13.426245,14.889361,13657,38.865692,7.1846,15.299562,35327,4,0,1,277.9718,268.22504,-162.85815,71.70747,127.23114,-0.22704484,-0.27827734,0.0027328439,8189338,3,1710,0.0191928,949
3000090000234,36000300001722,3000090000254,3000090000000,36,1.5036365,3000090000235,-1,3000090000233,3000090000234,-1,145,13.856573,13.081982,13.942638,13657,38.69157,7.0534034,15.38263,35327,4,0,1,292.65616,203.05968,-147.3089,64.49826,115.41254,-0.23892315,-0.27180666,0.038043097,8188938,3,1722,0.020729337,290
3000090000235,35000300000342,3000090000254,3000090000000,35,1.6302707,3000090000236,-1,3000090000234,3000090000028,3000090000178,158,0.0,0.0,0.0,13657,38.531654,6.941356,15.465838,35327,4,0,1,307.20914,139.40675,-128.10213,67.27099,126.91215,-0.28399384,-0.16332465,-0.25901085,8188929,3,342,0.019591296,37
3000090000236,34000300001420,3000090000254,3000090000000,34,1.766336,3000090000237,-1,3000090000235,3000090000236,-1,147,16.524609,15.836083,16.782806,13657,38.36112,6.8740926,15.531834,35327,4,0,1,313.1146,95.24985,-99.900444,70.69169,126.341354,-0.28491524,-0.17023684,0.06720993,8188938,3,1420,0.017625036,35
3000090000237,33000300001445,3000090000254,3000090000000,33,1.9126327,3000090000238,-1,3000090000236,3000090000237,-1,150,13.942638,13.51231,14.028705,13657,38.181644,6.8347054,15.571281,35325,4,0,1,315.0439,67.45031,-68.948845,70.318756,124.8936,-0.26233372,-0.113292664,0.07404594,8188938,3,1445,0.019233981,150
3000090000238,32000300001393,3000090000254,3000090000000,32,2.0700274,3000090000239,-1,3000090000237,3000090000238,-1,137,13.340179,12.909851,14.545098,13657,38.023895,6.7902575,15.601851,35324,4,0,1,308.0876,42.229927,-49.370094,67.50852,121.923935,-0.22194786,-0.09818346,-0.026291596,8189324,3,1393,0.017286677,973
3000090000239,31000300001422,3000090000254,3000090000000,31,2.2394855,3000090000240,-1,3000090000238,3000090000239,-1,124,12.393456,11.963128,12.565588,13657,37.83651,6.770767,15.621893,35324,4,0,1,300.54437,29.691118,-29.666063,63.43512,121.52315,-0.23028603,-0.09852349,0.04354041,8189324,3,1422,0.016265117,971
3000090000240,30000300001412,3000090000254,3000090000000,30,2.422044,3000090000241,-1,3000090000239,3000090000240,-1,116,10.500011,10.500011,10.672143,15014,37.662056,6.7594676,15.645605,49368,4,0,1,288.22696,25.237028,-14.769647,68.159,122.944214,-0.176771,-0.1526824,0.0285295,8189324,3,1412,0.014666271,740
3000090000241,29000300001354,3000090000254,3000090000000,29,2.6188614,3000090000242,-1,3000090000240,3000090000241,-1,123,11.360668,11.016406,11.360668,15014,37.49643,6.7428412,15.643124,49368,4,0,1,281.068,23.487432,-6.378311,66.033104,118.73714,-0.24778296,-0.08686771,0.0191284,8188941,3,1354,0.017768836,857
3000090000242,28000300001207,3000090000254,3000090000000,28,2.8311827,3000090000243,-1,3000090000241,3000090000242,-1,126,10.93034,10.93034,11.5328,15014,37.343414,6.74613,15.644668,49368,4,0,1,263.6026,12.308453,4.6586246,70.334076,126.920525,-0.17221107,-0.060529273,0.12562956,8188929,3,1207,0.017113382,775
3000090000243,27000300001042,3000090000254,3000090000000,27,3.060419,3000090000244,-1,3000090000242,3000090000243,-1,134,10.672143,10.413946,10.93034,15014,37.20735,6.7398047,15.634604,49368,4,0,1,249.17018,13.230268,12.20956,79.05705,130.05101,-0.142308,-0.048209738,0.08154928,8188938,3,1042,0.015140343,470
3000090000244,26000300000905,3000090000254,3000090000000,26,3.3080978,3000090000245,-1,3000090000243,3000090000244,-1,140,11.446734,11.360668,11.618866,13658,37.059044,6.7177186,15.624729,35317,4,0,1,230.66806,17.65504,18.078142,77.807205,131.30103,-0.15961896,-0.014699306,0.04723453,8188938,3,905,0.018045383,639
3000090000245,25000300000909,3000090000254,3000090000000,25,3.575905,3000090000246,-1,3000090000244,3000090000245,-1,117,9.467224,9.467224,9.983618,15013,36.9135,6.7124257,15.6687355,49361,4,0,1,225.59938,19.86893,17.675045,77.19402,127.19195,-0.008074414,-0.11280013,0.11566453,8189324,3,909,0.016267452,108
3000090000246,24000300000900,3000090000254,3000090000000,24,3.8656828,3000090000247,-1,3000090000245,3000090000246,-1,106,8.434436,8.176239,8.606567,15013,36.78997,6.7198334,15.6317005,49361,4,0,1,219.77122,16.37445,25.593216,77.579346,127.453354,0.017979836,-0.1323999,0.17023428,8189322,3,900,0.013339055,200
3000090000247,23000300000900,3000090000254,3000090000000,23,4.1794686,3000090000248,-1,3000090000246,3000090000247,-1,87,6.885254,6.885254,7.4016476,13658,36.659225,6.710994,15.615827,35317,4,0,1,209.7495,2.7779832,31.202028,70.67957,122.50315,-0.03161932,-0.10321735,-0.02656097,8188938,3,900,0.012094379,479
3000090000248,22000300000907,3000090000254,3000090000000,22,4.5195556,3000090000249,-1,3000090000247,3000090000248,-1,73,5.0778747,5.0778747,5.508203,13658,36.55404,6.746996,15.600063,35317,4,0,1,198.55109,0.5537128,48.28305,67.08778,113.480515,-0.027713649,-0.057917226,0.13809414,8188938,3,907,0.012795299,420
3000090000249,21000300000944,3000090000254,3000090000000,21,4.888449,3000090000250,-1,3000090000248,3000090000249,-1,57,4.6475463,4.6475463,4.8196774,13658,36.448933,6.7668943,15.530075,35317,4,0,1,196.3931,-10.860452,43.19178,67.00587,115.59343,0.046164826,-0.071852796,-0.003530908,8188929,3,944,0.00976618,414
3000090000250,20000300000680,3000090000254,3000090000000,20,5.2888336,3000090000251,-1,3000090000249,3000090000250,-1,60,3.5286925,3.5286925,3.8729553,13658,36.366978,6.7673182,15.508709,35317,4,0,1,185.79091,-8.016331,46.25512,67.31963,110.932045,0.01765405,-0.06644792,0.0043078754,8189324,3,680,0.009660113,560
3000090000251,19000300000653,3000090000254,3000090000000,19,5.7238646,3000090000252,-1,3000090000250,3000090000251,-1,50,2.5819702,2.5819702,2.7541015,13658,36.24065,6.7749195,15.451628,35317,4,0,1,168.91397,-4.6786494,51.6134,63.305374,102.788155,-0.004947191,-0.15433626,0.0066511137,8189335,3,653,0.009450846,865
3000090000252,18000300000483,3000090000254,3000090000000,18,6.1968336,3000090000253,-1,3000090000251,3000090000252,-1,48,1.8934448,1.8934448,1.8934448,13658,36.16192,6.767995,15.492931,35317,4,0,1,160.43417,-1.5991936,51.947193,58.844597,101.765205,0.036005605,-0.15623996,-0.0012912042,8188928,3,483,0.010702485,477
3000090000253,17000300000910,3000090000254,3000090000000,17,6.7115865,3000090000254,-1,3000090000252,3000090000253,-1,23,1.7213135,1.7213135,1.7213135,13658,36.083054,6.765628,15.477291,35316,4,0,1,166.2101,-5.2342196,33.705227,56.163013,95.98518,-0.009348535,-0.0663085,-0.044976067,8188928,3,910,0.0051668053,40
3000090000254,16000300000659,3000090000254,3000090000000,16,7.272188,-1,-1,3000090000253,3000090000254,-1,22,1.2049193,1.2049193,1.3770508,13658,35.97889,6.7920437,15.465643,35316,4,0,1,155.2038,-0.6063381,32.545036,55.541283,97.86881,-0.01707519,-0.046538256,-0.01780616,8189334,3,659,0.0058491086,549
3000090000255,55000300000727,3000090000277,3000090000000,55,0.20754863,3000090000256,-1,3000090000007,3000090000008,-1,21,0.0,0.0,0.0,13567,40.781364,9.290788,15.451142,36647,4,1,1,152.70053,550.5694,-194.97992,28.705385,53.934864,-0.17223613,-0.16937973,0.06572592,8188604,3,727,0.015122789,916
3000090000256,54000300000724,3000090000277,3000090000000,54,0.24246909,3000090000257,-1,3000090000255,3000090000009,3000090000216,30,0.0,0.0,0.0,13567,40.722244,9.11436,15.495921,36647,4,1,1,215.40099,547.5293,-117.53345,27.9379,52.9626,-0.14747757,-0.1082563,-0.020123854,8188604,3,724,0.025460007,59
3000090000257,53000300000719,3000090000277,3000090000000,53,0.2798018,3000090000258,-1,3000090000256,3000090000010,3000090000217,32,0.0,0.0,0.0,13567,40.628365,8.942372,15.523304,36647,4,1,1,258.86887,513.70734,-61.056145,24.257145,53.06178,-0.1489815,-0.08345579,-0.0022145843,8188612,3,719,0.023569778,561
3000090000258,52000300000723,3000090000277,3000090000000,52,0.31970343,3000090000259,-1,3000090000257,3000090000011,-1,27,0.0,0.0,0.0,13567,40.55096,8.772282,15.5356045,36645,4,0,1,283.82605,479.37485,-21.02266,24.118244,53.89359,-0.0766525,-0.08381798,0.021452198,8188612,3,723,0.020775508,991
3000090000259,51000300000697,3000090000277,3000090000000,51,0.36234027,3000090000260,-1,3000090000258,3000090000012,3000090000219,39,0.0,0.0,0.0,13567,40.429028,8.605618,15.542885,36645,4,0,1,305.01343,448.07236,3.49202,28.091333,57.54641,-0.08557205,-0.09121023,-0.011348541,8188612,3,697,0.024035145,522
3000090000260,50000300000662,3000090000277,3000090000000,50,0.40789944,3000090000261,-1,3000090000259,3000090000013,-1,38,0.0,0.0,0.0,13567,40.30022,8.432035,15.520682,36645,4,0,1,324.96255,417.42236,29.302889,30.999834,55.69711,-0.055371825,-0.11577604,0.034191336,8188637,3,662,0.0265062,737
3000090000261,49000300003879,3000090000277,3000090000000,49,0.45657724,3000090000262,-1,3000090000260,3000090000261,-1,35,4.131152,3.2704954,3.8729553,13567,40.18642,8.274611,15.524477,36645,4,0,1,337.07132,386.38522,50.303585,34.424408,64.95963,-0.021439504,-0.11622374,0.09075942,8188612,3,3879,0.017933812,515
3000090000262,48000300003622,3000090000277,3000090000000,48,0.5085914,3000090000263,-1,3000090000261,3000090000262,-1,37,4.131152,3.5286925,3.9590209,13567,40.035664,8.118523,15.497588,36644,4,0,1,352.40674,360.10593,64.73107,34.149532,66.38048,0.022235408,-0.04342271,0.09449167,8190246,3,3622,0.018995317,47
3000090000263,47000300003836,3000090000277,3000090000000,47,0.5641766,3000090000264,-1,3000090000262,3000090000263,-1,36,3.9590209,3.18443,3.7008238,13567,39.882893,7.96859,15.472555,36644,4,0,1,363.30887,335.0849,82.14611,27.643698,60.73032,0.024099402,-0.05676233,0.10243008,8188636,3,3836,0.02317962,746
3000090000264,46000300004272,3000090000277,3000090000000,46,0.6235901,3000090000265,-1,3000090000263,3000090000264,-1,38,3.2704954,3.0122986,3.18443,13567,39.718903,7.835371,15.440354,36644,4,0,1,366.84628,303.0111,97.73773,27.245497,56.17801,-0.017149813,-0.06769456,0.017662765,8190246,3,4272,0.025409188,225
3000090000265,45000300004556,3000090000277,3000090000000,45,0.6871088,3000090000266,-1,3000090000264,3000090000265,-1,36,3.18443,2.840167,3.18443,13478,39.536934,7.6959486,15.390652,35766,4,0,1,373.9199,280.21277,110.57938,31.368181,59.178295,0.006572685,-0.105965994,-0.025524842,8190246,3,4556,0.022620836,456
3000090000266,44000300004879,3000090000277,3000090000000,44,0.75503564,3000090000267,-1,3000090000265,3000090000266,-1,34,2.840167,2.7541015,2.7541015,13478,39.34951,7.5611677,15.335753,35766,4,0,1,370.78778,249.37912,123.94434,34.008595,60.367012,0.021440087,-0.06573877,-0.038385265,8188619,3,4879,0.020044958,880
3000090000267,43000300005044,3000090000277,3000090000000,43,0.8276991,3000090000268,-1,3000090000266,3000090000267,-1,32,2.9262328,2.7541015,2.7541015,13478,39.16912,7.440899,15.261439,35766,4,0,1,367.09033,221.53448,132.76526,36.867233,71.71918,-0.03164071,-0.019058064,-0.0849397,8188619,3,5044,0.0122334305,537
3000090000268,42000300004716,3000090000277,3000090000000,42,0.9054624,3000090000269,-1,3000090000267,3000090000268,-1,32,2.840167,2.840167,2.840167,13657,38.990936,7.3419795,15.179535,35327,4,0,1,364.85132,203.8383,141.39726,30.715815,60.608913,-0.0343814,-0.017941128,-0.08177086,8188619,3,4716,0.017615013,56
3000090000269,41000300004401,3000090000277,3000090000000,41,0.98870814,3000090000270,-1,3000090000268,3000090000269,-1,36,2.4098387,1.8073791,2.4098387,13657,38.805416,7.2544236,15.097601,35327,4,0,1,355.41113,178.70738,148.94444,26.457487,55.62898,0.02037169,-0.057235,-0.08440647,8188604,3,4401,0.026284121,227
3000090000270,40000300003711,3000090000277,3000090000000,40,1.0778745,3000090000271,-1,3000090000269,3000090000270,-1,41,2.9262328,2.1516418,2.840167,13657,38.620346,7.1468863,15.050139,35327,4,0,1,350.62192,157.87057,154.08376,26.511953,54.26367,0.080909714,-0.19529448,-0.22993271,8188605,3,3711,0.027219567,35
3000090000271,39000300003411,3000090000277,3000090000000,39,1.173417,3000090000272,-1,3000090000270,3000090000271,-1,49,2.6680357,2.4098387,2.6680357,13657,38.44612,7.08352,14.960147,35327,4,0,1,341.92822,139.35226,156.43207,31.25353,57.977688,0.124133386,-0.19700913,-0.31835914,8188631,3,3411,0.028436,914
3000090000272,38000300003134,3000090000277,3000090000000,38,1.2758462,3000090000273,-1,3000090000271,3000090000272,-1,53,3.3565612,3.18443,3.3565612,13657,38.264114,7.01911,14.85634,35327,4,0,1,320.90875,113.88407,156.28491,38.362404,64.27119,0.099540725,-0.17271599,-0.31685883,8190246,3,3134,0.027517878,332
3000090000273,37000300003411,3000090000277,3000090000000,37,1.3857181,3000090000274,-1,3000090000272,3000090000273,-1,51,3.8729553,3.2704954,3.9590209,13657,38.09236,6.9446917,14.740983,35327,4,0,1,307.62674,101.11404,153.39774,43.754185,65.819214,0.05980805,-0.16275321,-0.38447073,8188604,3,3411,0.024847167,24
3000090000274,36000300003195,3000090000277,3000090000000,36,1.5036365,3000090000275,-1,3000090000273,3000090000274,-1,51,4.5614805,4.4754148,4.5614805,13657,37.939087,6.9183254,14.684294,35326,4,0,1,295.32794,97.019264,156.20132,51.569965,83.8201,0.085557945,-0.1528684,-0.39454204,8188604,3,3195,0.015696703,602
3000090000275,35000300003258,3000090000277,3000090000000,35,1.6302707,3000090000276,-1,3000090000274,3000090000275,-1,48,4.0450864,3.6147583,4.131152,13657,37.788475,6.854964,14.621163,35322,4,0,1,276.27933,84.79598,155.26878,45.14662,69.95075,0.029383177,-0.21222654,-0.36271593,8190237,3,3258,0.022175219,658
3000090000276,34000300003331,3000090000277,3000090000000,34,1.766336,3000090000277,-1,3000090000275,3000090000276,-1,48,2.5819702,1.9795104,2.840167,13657,37.64648,6.8111634,14.498281,35320,4,0,1,263.75092,85.44911,159.3281,40.56923,64.56617,0.042821,-0.20494851,-0.3584184,8188604,3,3331,0.025090659,59
3000090000277,33000300004563,3000090000277,3000090000000,33,1.9126327,-1,-1,3000090000276,3000090000277,-1,32,0.9467224,0.9467224,0.9467224,13657,37.499847,6.791474,14.347156,35320,4,0,1,244.36163,65.373695,177.24567,32.058937,55.06431,-0.26045114,0.0218278,-0.10739121,8188603,3,4563,0.025970396,580
3000090000278,58000300000798,3000090000278,3000090000000,58,0.11588337,-1,-1,3000090000004,3000090000005,-1,20,0.0,0.0,0.0,13567,40.79355,9.687649,15.222482,36647,4,1,1,-37.522793,269.43115,-177.43358,29.9899,51.41601,-0.327014,-0.15901613,-0.02669523,8190246,3,798,0.020342465,985