haloID,subHaloID,lastProgenitorId,treeId,snapNum,redshift,firstProgenitorId,nextProgenitorId,descendantId,firstHaloInFOFgroupId,nextHaloInFOFgroupId,np,m_Mean200,m_Crit200,m_TopHat,phKey,x,y,z,zIndex,ix,iy,iz,velX,velY,velZ,velDisp,vMax,spinX,spinY,spinZ,mostBoundID,fileNr,subhaloIndex,halfmassRadius,random
4000070000000,63000400000391,4000070000243,4000070000000,63,0.0,4000070000001,-1,-1,4000070000000,-1,2249,228.41829,161.71739,195.97153,16947,57.07271,11.647267,33.42697,169530,6,1,3,443.31778,-28.569477,-202.5677,115.98778,211.69492,-0.9565304,2.1372728,-0.7134829,10328254,4,391,0.09853631,714
4000070000001,62000400000356,4000070000243,4000070000000,62,0.019932542,4000070000002,-1,4000070000000,4000070000001,4000070000275,2253,221.8773,159.65182,192.61497,16947,56.984127,11.656967,33.469673,169530,6,1,3,439.98685,-37.639187,-207.3312,116.795135,214.16673,-0.6761814,2.4109116,-0.56167835,10327984,4,356,0.10135358,827
4000070000002,61000400000375,4000070000243,4000070000000,61,0.041403063,4000070000003,-1,4000070000001,4000070000002,4000070000342,2243,216.71336,159.47969,190.20514,16947,56.890976,11.664507,33.504917,169530,6,1,3,431.10645,-45.35505,-212.55241,116.60662,210.39758,-0.94846034,2.1602705,-0.6864925,10327984,4,375,0.099695586,231
4000070000003,60000400000366,4000070000243,4000070000000,60,0.064493395,4000070000004,-1,4000070000002,4000070000003,4000070000247,2315,209.39778,159.73788,187.36496,16947,56.790787,11.680764,33.548214,169530,6,1,3,425.63455,-52.029274,-220.22827,115.24059,212.00526,0.011115992,2.7891319,-0.53961205,10327984,4,366,0.1037938,686
4000070000004,59000400000389,4000070000210,4000070000000,59,0.08928783,4000070000005,4000070000211,4000070000003,4000070000004,4000070000278,2131,203.97565,159.56575,185.12726,16947,56.68741,11.690976,33.60734,169530,6,1,3,421.35513,-59.07498,-221.23051,117.62848,211.90619,-0.7586699,2.2465754,-0.7831502,10313852,4,389,0.09291196,284
4000070000005,58000400000399,4000070000210,4000070000000,58,0.11588337,4000070000006,-1,4000070000004,4000070000005,4000070000212,2088,200.79121,160.6846,180.73792,16946,56.57835,11.699151,33.659885,169523,6,1,3,408.98956,-67.154396,-227.35446,119.28076,211.27791,-0.65689695,2.0408022,-0.8422656,10313852,4,399,0.08856972,828
4000070000006,57000400000398,4000070000210,4000070000000,57,0.14438343,4000070000007,-1,4000070000005,4000070000006,4000070000250,2117,196.91826,159.2215,180.04938,16909,56.469208,11.720425,33.721157,169633,6,1,3,403.49585,-73.193665,-233.45438,122.1495,218.98341,-0.4347037,2.0076075,-0.6697839,10313852,4,398,0.089387044,10
4000070000007,56000400000384,4000070000210,4000070000000,56,0.17489761,4000070000008,-1,4000070000006,4000070000007,4000070000214,2110,194.76662,157.15591,177.4674,16909,56.356983,11.744191,33.79554,169633,6,1,3,400.81097,-77.68821,-241.54413,123.06342,216.81134,-0.3362073,2.0483527,-0.8169872,10442002,4,384,0.085764125,565
4000070000008,55000400000404,4000070000210,4000070000000,55,0.20754863,4000070000009,-1,4000070000007,4000070000008,-1,1959,191.92645,154.22968,175.57397,16909,56.230354,11.768035,33.86098,169633,6,1,3,387.7311,-81.31832,-246.24933,125.203705,217.22917,-0.7700663,1.5677717,-0.82126904,10328525,4,404,0.0793011,358
4000070000009,54000400000410,4000070000210,4000070000000,54,0.24246909,4000070000010,-1,4000070000008,4000070000009,4000070000216,1992,189.94693,152.16411,175.05757,16909,56.11262,11.793275,33.94584,169633,6,1,3,387.31757,-85.886925,-252.90483,122.4618,213.42986,-0.7361393,1.7360696,-0.8779476,10328582,4,410,0.08182908,810
4000070000010,53000400000405,4000070000210,4000070000000,53,0.2798018,4000070000011,-1,4000070000009,4000070000010,-1,2021,187.62317,151.04526,172.81987,16909,55.995026,11.819163,34.03893,169633,6,1,3,381.4683,-97.510544,-260.34998,122.19943,215.63896,0.4048171,2.3872721,-0.78593373,10315534,4,405,0.08572164,996
4000070000011,52000400000409,4000070000210,4000070000000,52,0.31970343,4000070000012,-1,4000070000010,4000070000011,4000070000217,2025,187.36496,146.13951,171.01248,16909,55.875484,11.852084,34.126846,169633,6,1,3,371.67117,-98.985855,-266.54138,122.6395,217.36937,-0.2869159,2.1003625,-0.8132328,10313857,4,409,0.0865073,62
4000070000012,51000400000370,4000070000210,4000070000000,51,0.36234027,4000070000013,-1,4000070000011,4000070000012,4000070000218,1986,190.11906,142.52475,171.70102,16909,55.74112,11.890184,34.227985,169637,6,1,3,363.58945,-101.37362,-272.03864,118.444275,210.93634,-0.3823484,1.9788698,-0.8073734,10313857,4,370,0.09393126,884
4000070000013,50000400000360,4000070000210,4000070000000,50,0.40789944,4000070000014,-1,4000070000012,4000070000013,4000070000219,2016,184.2666,139.77065,169.89363,16909,55.62655,11.921709,34.32672,169636,6,1,3,360.71292,-101.943565,-275.28574,115.19711,199.93546,-0.8782287,2.4940655,-0.69092155,10329148,4,360,0.09739741,875
4000070000014,49000400000367,4000070000210,4000070000000,49,0.45657724,4000070000015,-1,4000070000013,4000070000014,4000070000220,1948,186.93463,142.69688,169.29117,16909,55.47397,11.96323,34.44138,169636,6,1,3,352.86093,-105.78633,-282.47147,119.363365,207.68427,-0.35875738,2.6775033,-0.8463731,10328303,4,367,0.0915805,176
4000070000015,48000400000366,4000070000187,4000070000000,48,0.5085914,4000070000016,4000070000188,4000070000014,4000070000015,4000070000221,1932,186.84857,143.04115,172.64774,16909,55.32521,12.000501,34.561863,169636,6,1,3,347.587,-108.6314,-283.6751,125.94498,209.78767,-0.6710884,2.202171,-1.0040478,10328554,4,366,0.084958665,854
4000070000016,47000400000363,4000070000152,4000070000000,47,0.5641766,4000070000017,4000070000153,4000070000015,4000070000016,4000070000222,1752,185.90186,149.6682,174.97151,16909,55.177753,12.053791,34.693,169636,6,1,3,351.325,-106.65417,-283.64453,131.20448,220.78423,-0.83644825,1.9970111,-0.90172625,10313857,4,363,0.06776247,159
4000070000017,46000400000331,4000070000152,4000070000000,46,0.6235901,4000070000018,-1,4000070000016,4000070000017,4000070000161,1942,180.91003,154.05756,170.66823,16909,55.01114,12.117611,34.826725,169636,6,1,3,339.85345,-112.52491,-275.65674,141.35641,229.7331,0.031711016,2.5925345,-0.7979864,10329142,4,331,0.0728579,205
4000070000018,45000400000322,4000070000152,4000070000000,45,0.6871088,4000070000019,-1,4000070000017,4000070000018,4000070000162,1924,176.60675,151.47559,168.17232,16909,54.80403,12.151743,34.945377,169636,6,1,3,327.24652,-112.60745,-280.98,131.98628,214.86006,-1.0910836,2.283889,-0.86882716,10328558,4,322,0.07927521,43
4000070000019,44000400000291,4000070000110,4000070000000,44,0.75503564,4000070000020,4000070000111,4000070000018,4000070000019,4000070000163,1904,171.27069,135.20917,164.4715,17394,54.610237,12.178691,35.061634,169197,6,1,3,322.03525,-110.57858,-282.59344,127.39247,197.21088,-1.2487869,2.937769,-0.8823851,10314697,4,291,0.09291125,627
4000070000020,43000400000290,4000070000109,4000070000000,43,0.8276991,4000070000021,4000070000110,4000070000019,4000070000020,4000070000164,1739,158.96329,137.79114,156.38132,17389,54.451126,12.21937,35.1963,169417,6,1,3,306.76324,-112.991066,-285.4619,131.88522,196.2274,-1.1191978,2.2166004,-0.9182154,10313852,4,290,0.085566774,555
4000070000021,42000400000287,4000070000107,4000070000000,42,0.9054624,4000070000022,4000070000108,4000070000020,4000070000021,4000070000192,1662,156.29526,144.16,153.4551,17389,54.33193,12.2757635,35.33418,169417,6,1,3,309.77103,-107.80867,-280.74652,143.6339,218.45059,-1.355342,2.1606984,-0.84625435,10313849,4,287,0.06820842,884
4000070000022,41000400000288,4000070000107,4000070000000,41,0.98870814,4000070000023,-1,4000070000021,4000070000022,4000070000193,1594,143.81573,134.17638,142.35262,17389,54.232143,12.362907,35.476685,169417,6,1,3,310.12833,-105.58884,-279.0166,144.99037,228.62369,-1.2916588,1.6541839,-0.9087886,10329136,4,288,0.05804409,339
4000070000023,40000400000284,4000070000084,4000070000000,40,1.0778745,4000070000024,4000070000085,4000070000022,4000070000023,4000070000114,1284,129.18457,118.16817,127.37719,17389,54.098743,12.44816,35.661243,169417,6,1,3,293.82904,-116.5807,-290.4794,131.00578,197.25998,-1.2920728,1.5195168,-1.1839974,10314697,4,284,0.061623037,781
4000070000024,39000400000275,4000070000084,4000070000000,39,1.173417,4000070000025,-1,4000070000023,4000070000024,4000070000115,470,72.63943,67.131226,72.55336,17389,53.967987,12.551788,35.847645,169417,6,1,4,276.80536,-151.85777,-358.29855,118.962944,189.52443,-0.22624254,-0.041293554,0.1994169,10313857,4,275,0.025126198,689
4000070000025,38000400000412,4000070000084,4000070000000,38,1.2758462,4000070000026,-1,4000070000024,4000070000025,-1,722,64.46319,60.934494,64.46319,17389,53.82172,12.618875,36.0424,169417,6,1,4,273.80325,-139.18869,-340.5498,107.85459,187.19923,-0.100508325,0.21703972,-0.028469972,10313858,4,412,0.03917689,302
4000070000026,37000400000392,4000070000084,4000070000000,37,1.3857181,4000070000027,-1,4000070000025,4000070000026,-1,722,62.655807,59.21318,63.172203,17389,53.647285,12.694124,36.214657,169420,6,1,4,270.19107,-127.06732,-326.72638,113.563774,191.69574,0.006641939,0.4038299,-0.226391,10328550,4,392,0.036801074,12
4000070000027,36000400000376,4000070000084,4000070000000,36,1.5036365,4000070000028,-1,4000070000026,4000070000027,-1,757,62.827938,60.418102,63.344334,17389,53.47845,12.771806,36.383755,169422,5,1,4,267.541,-119.250496,-318.8393,116.60151,194.95549,0.08738891,0.5585306,-0.30386358,10313852,4,376,0.037289936,736
4000070000028,35000400000319,4000070000084,4000070000000,35,1.6302707,4000070000029,-1,4000070000027,4000070000028,-1,800,65.49598,60.418102,66.356636,17389,53.315704,12.83444,36.558765,169422,5,1,4,260.6553,-113.02142,-304.85336,117.99682,190.204,0.015196834,0.47277483,-0.2446221,10315291,4,319,0.041513562,706
4000070000029,34000400000297,4000070000084,4000070000000,34,1.766336,4000070000030,-1,4000070000028,4000070000029,-1,766,68.93861,67.38942,69.368935,17389,53.20291,12.902378,36.76935,169422,5,1,4,258.04727,-107.30909,-296.1616,124.09504,203.32352,-0.058229547,0.34837165,-0.24842495,10315529,4,297,0.038028307,149
4000070000030,33000400000276,4000070000082,4000070000000,33,1.9126327,4000070000031,4000070000083,4000070000029,4000070000030,4000070000083,707,65.06565,64.46319,65.40991,17389,53.04349,12.952694,36.90275,169422,5,1,4,247.9869,-107.31415,-288.27612,134.13443,203.81458,-0.058033623,0.33086476,-0.13366006,10328324,4,276,0.032321397,800
4000070000031,32000400000249,4000070000072,4000070000000,32,2.0700274,4000070000032,4000070000073,4000070000030,4000070000031,4000070000073,658,55.426292,54.47957,56.45908,17389,52.929554,12.994639,37.099792,169422,5,1,4,230.7988,-96.28408,-285.8079,130.79921,202.53096,0.1353891,0.6041708,-0.34680298,10328327,4,249,0.030497458,446
4000070000032,31000400000255,4000070000072,4000070000000,31,2.2394855,4000070000033,-1,4000070000031,4000070000032,4000070000084,508,42.34431,41.397587,43.807426,17386,52.839607,13.088549,37.312027,169450,5,1,4,217.24971,-90.13572,-295.75626,113.77057,178.98795,0.30310956,0.5395778,-0.42390376,10315526,4,255,0.030194398,330
4000070000033,30000400000250,4000070000051,4000070000000,30,2.422044,4000070000034,4000070000052,4000070000032,4000070000033,4000070000052,378,24.012321,23.323797,24.528717,17387,52.63623,13.06531,37.332928,169443,5,1,4,218.0182,-72.960495,-215.54123,90.16292,151.87578,0.47025222,0.1974755,-0.37759602,10328559,4,250,0.030731535,539
4000070000034,29000400000228,4000070000051,4000070000000,29,2.6188614,4000070000035,-1,4000070000033,4000070000034,4000070000053,336,22.635271,22.204943,23.151665,17387,52.492664,13.101299,37.44496,169443,5,1,4,224.59837,-68.94202,-227.75984,91.79016,152.07271,-0.04129852,0.5742257,-0.31840622,10328502,4,228,0.028097855,934
4000070000035,28000400000271,4000070000051,4000070000000,28,2.8311827,4000070000036,-1,4000070000034,4000070000035,4000070000064,272,19.88117,19.709038,20.397564,17387,52.38115,13.139126,37.533188,169443,5,1,4,212.13548,-65.910484,-214.83461,92.93907,151.55888,-0.06532634,0.30382362,-0.21614756,10328532,4,271,0.022865467,11
4000070000036,27000400000343,4000070000051,4000070000000,27,3.060419,4000070000037,-1,4000070000035,4000070000036,-1,214,17.643463,17.47133,18.073792,17387,52.24985,13.162536,37.64584,169443,5,1,4,202.40993,-59.185757,-205.66495,90.96175,149.64085,-0.018679071,0.27329865,-0.0851793,10328558,4,343,0.019481152,785
4000070000037,26000400000340,4000070000051,4000070000000,26,3.3080978,4000070000038,-1,4000070000036,4000070000037,-1,181,12.479523,12.049194,13.081982,17387,52.145702,13.216293,37.738346,169443,5,1,4,187.24399,-52.409416,-200.82504,83.54194,137.4139,-0.1711055,0.15506478,-0.05919889,10328559,4,340,0.018963337,71
4000070000038,25000400000349,4000070000051,4000070000000,25,3.575905,4000070000039,-1,4000070000037,4000070000038,-1,165,11.188538,11.188538,11.5328,17387,52.048836,13.220821,37.86467,169443,5,1,4,184.56738,-52.92983,-189.16994,78.576515,134.73586,-0.21294479,0.20045312,-0.021041688,10328548,4,349,0.017524863,587
4000070000039,24000400000314,4000070000051,4000070000000,24,3.8656828,4000070000040,-1,4000070000038,4000070000039,-1,155,10.413946,10.413946,10.586078,17387,51.93512,13.2327,37.98551,169443,5,1,4,176.86224,-54.351154,-190.421,77.57946,137.21167,-0.21001385,0.2132585,-0.057186596,10328556,4,314,0.016314337,808
4000070000040,23000400000364,4000070000049,4000070000000,23,4.1794686,4000070000041,4000070000050,4000070000039,4000070000040,-1,113,8.606567,8.606567,8.864764,17387,51.841057,13.257367,38.106915,169447,5,1,4,169.14455,-52.21754,-196.36139,87.91872,141.3861,-0.33901027,0.028856602,0.009140804,10328556,4,364,0.011566876,744
4000070000041,22000400000313,4000070000049,4000070000000,22,4.5195556,4000070000042,-1,4000070000040,4000070000041,-1,108,6.971319,6.971319,7.7459106,17387,51.764763,13.308136,38.184746,169447,5,1,4,163.56525,-50.071377,-184.51733,78.59839,129.98302,-0.2740577,0.06638739,0.005036626,10328556,4,313,0.012612075,694
4000070000042,21000400000466,4000070000046,4000070000000,21,4.888449,4000070000043,4000070000047,4000070000041,4000070000042,-1,62,4.733612,4.733612,4.991809,17387,51.680084,13.342727,38.233143,169446,5,1,4,153.5531,-71.71112,-173.14479,74.214714,126.974335,-0.084106766,-0.056061093,0.03481965,10328548,4,466,0.010824648,889
4000070000043,20000400000368,4000070000046,4000070000000,20,5.2888336,4000070000044,-1,4000070000042,4000070000043,-1,60,3.0122986,3.0122986,3.18443,17387,51.5982,13.382868,38.301586,169446,5,1,4,144.22844,-69.91044,-165.93079,66.81885,107.57526,-0.15031171,0.008838737,0.03759464,10328548,4,368,0.012063963,413
4000070000044,19000400000306,4000070000046,4000070000000,19,5.7238646,4000070000045,-1,4000070000043,4000070000044,-1,54,1.7213135,1.7213135,2.065576,17387,51.528393,13.391806,38.359653,169446,5,1,4,146.72214,-65.76662,-151.69359,54.633812,94.086716,-0.056888513,0.0808563,-8.683456E-4,10328543,4,306,0.0117076915,23
4000070000045,18000400000357,4000070000046,4000070000000,18,6.1968336,4000070000046,-1,4000070000044,4000070000045,-1,37,1.3770508,1.3770508,1.4631164,17387,51.43846,13.436252,38.417004,169446,5,1,4,141.51488,-71.83873,-149.5442,50.69953,88.44637,-0.07325971,0.07957463,0.009509999,10328548,4,357,0.009926038,93
4000070000046,17000400000525,4000070000046,4000070000000,17,6.7115865,-1,-1,4000070000045,4000070000046,-1,22,1.2909851,1.2909851,1.3770508,17387,51.359413,13.476635,38.493248,169446,5,1,4,149.90082,-65.63037,-120.346405,52.077576,88.11699,0.14748237,0.029603338,0.023994297,10328543,4,525,0.0060677934,485
4000070000047,21000400001640,4000070000049,4000070000000,21,4.888449,4000070000048,-1,4000070000041,4000070000047,-1,22,1.7213135,1.7213135,1.7213135,17387,51.640682,13.251021,38.412327,169446,5,1,4,197.8621,23.764954,-233.75621,50.365795,87.17579,-0.011880084,-0.042875353,0.07579833,10329133,4,1640,0.006829637,675
4000070000048,20000400000995,4000070000049,4000070000000,20,5.2888336,4000070000049,-1,4000070000047,4000070000048,-1,26,1.032788,1.032788,1.2909851,17387,51.551067,13.2072735,38.50862,169446,5,1,4,167.25323,6.5958433,-218.64644,44.738815,76.297935,-0.045600053,-0.15130164,0.1949837,10329137,4,995,0.009883257,796
4000070000049,19000400001152,4000070000049,4000070000000,19,5.7238646,-1,-1,4000070000048,4000070000049,-1,20,1.1188537,1.1188537,1.2909851,17387,51.438812,13.216121,38.634426,169446,5,1,4,184.97685,1.2642255,-192.81306,41.750725,77.24811,-4.5504948E-4,0.0105258,-0.005165326,10328585,4,1152,0.0079326015,949
4000070000050,22000400001971,4000070000051,4000070000000,22,4.5195556,4000070000051,-1,4000070000039,4000070000050,-1,20,0.774591,0.774591,1.032788,17387,51.69723,13.195726,37.91765,169442,5,1,4,148.2367,-33.270332,-116.24534,45.511337,73.5987,0.018805616,-0.09411122,-0.026057513,10315302,4,1971,0.010373223,864
4000070000051,21000400001637,4000070000051,4000070000000,21,4.888449,-1,-1,4000070000050,4000070000051,-1,21,1.2909851,1.2909851,1.4631164,17387,51.627758,13.199856,37.956932,169442,5,1,4,156.12666,-35.755657,-124.72817,44.696896,75.33362,0.027022028,-0.058255833,-0.026108943,10328564,4,1637,0.009420203,702
4000070000052,30000400000251,4000070000072,4000070000000,30,2.422044,4000070000053,-1,4000070000032,4000070000033,-1,131,0.0,0.0,0.0,17386,52.74119,13.156028,37.55903,169450,5,1,4,217.15492,-96.32707,-372.78696,100.810486,151.6666,-0.16440931,-0.34630144,-0.03589614,10313852,4,251,0.011822124,946
4000070000053,29000400000229,4000070000062,4000070000000,29,2.6188614,4000070000054,4000070000063,4000070000052,4000070000034,4000070000063,81,0.0,0.0,0.0,17387,52.66044,13.1909075,37.79281,169443,5,1,4,156.56773,-94.676575,-342.13556,68.463005,109.31509,0.02005879,-0.10333813,-0.11139868,10313852,4,229,0.015059646,208
4000070000054,28000400001146,4000070000062,4000070000000,28,2.8311827,4000070000055,-1,4000070000053,4000070000054,-1,73,5.2500057,4.991809,6.282794,17387,52.57335,13.23969,37.995533,169443,5,1,4,146.45483,-84.89308,-316.51227,56.02941,100.409096,0.059893116,-0.001221907,-0.13111173,10313856,4,1146,0.014479839,771
4000070000055,27000400001040,4000070000062,4000070000000,27,3.060419,4000070000056,-1,4000070000054,4000070000055,-1,71,5.594269,5.508203,5.7664,17387,52.494007,13.273322,38.15152,169447,5,1,4,148.22556,-85.39224,-304.30035,59.21468,105.04646,0.05063489,0.034431033,-0.1618312,10313849,4,1040,0.012355136,531
4000070000056,26000400000856,4000070000062,4000070000000,26,3.3080978,4000070000057,-1,4000070000055,4000070000056,-1,77,6.799188,6.7131224,6.885254,17387,52.421864,13.338055,38.30952,169447,5,1,4,141.96124,-79.60098,-277.94525,68.08482,112.923676,0.054680455,0.054277614,-0.1012788,10315534,4,856,0.011607615,693
4000070000057,25000400000765,4000070000062,4000070000000,25,3.575905,4000070000058,-1,4000070000056,4000070000057,-1,78,6.7131224,6.7131224,6.7131224,17387,52.317444,13.3954,38.484344,169447,5,1,4,145.86635,-75.87781,-270.36023,70.83953,118.66701,0.005163749,0.043202933,-0.16296466,10315533,4,765,0.011173747,583
4000070000058,24000400000674,4000070000062,4000070000000,24,3.8656828,4000070000059,-1,4000070000057,4000070000058,-1,75,5.594269,5.594269,5.8524656,17387,52.22662,13.427391,38.628384,169447,5,1,4,139.6904,-76.97113,-260.3746,66.574104,113.821945,0.03426775,0.049150996,-0.16639921,10315533,4,674,0.011977465,287
4000070000059,23000400000765,4000070000062,4000070000000,23,4.1794686,4000070000060,-1,4000070000058,4000070000059,-1,57,4.131152,4.131152,4.3032837,17387,52.16112,13.46673,38.75694,169447,5,1,4,141.20659,-69.87005,-260.9455,66.431366,113.0612,0.026984032,0.10918175,-0.16259673,10315533,4,765,0.008959179,148
4000070000060,22000400000879,4000070000062,4000070000000,22,4.5195556,4000070000061,-1,4000070000059,4000070000060,-1,44,3.0122986,3.0122986,3.2704954,17387,52.12914,13.502,38.906,169447,5,1,4,123.80737,-66.01683,-242.64134,59.76956,97.29979,0.062347222,0.11048203,-0.16556764,10315532,4,879,0.010134215,846
4000070000061,21000400001805,4000070000062,4000070000000,21,4.888449,4000070000062,-1,4000070000060,4000070000061,-1,20,1.549182,1.549182,1.549182,17172,52.076324,13.559554,39.07043,171203,5,1,4,107.09493,-100.5182,-249.02615,49.662785,81.97586,0.0067887744,0.054798175,-0.017501207,10313849,4,1805,0.0064551975,343
4000070000062,20000400001406,4000070000062,4000070000000,20,5.2888336,-1,-1,4000070000061,4000070000062,-1,21,0.9467224,0.9467224,1.032788,17172,52.02105,13.6238,39.155228,171203,5,1,4,111.08829,-97.43928,-234.36111,42.175697,83.01353,0.03859896,0.06215593,-0.025103763,10315532,4,1406,0.008083826,922
4000070000063,29000400000230,4000070000072,4000070000000,29,2.6188614,4000070000064,-1,4000070000052,4000070000034,-1,25,0.0,0.0,0.0,17387,52.570473,13.146864,37.718773,169443,5,1,4,326.9037,-105.71991,-337.4986,42.546486,57.045284,-0.38101625,-0.0801554,0.043896686,10328293,4,230,0.019434806,812
4000070000064,28000400000272,4000070000072,4000070000000,28,2.8311827,4000070000065,-1,4000070000063,4000070000035,-1,52,0.0,0.0,0.0,17387,52.37744,13.230629,37.888767,169443,5,1,4,285.64813,-93.20668,-325.74286,55.01235,93.03604,-0.5149139,-0.017419487,0.017727071,10328270,4,272,0.014848937,756
4000070000065,27000400001041,4000070000072,4000070000000,27,3.060419,4000070000066,-1,4000070000064,4000070000065,-1,69,3.0122986,3.0122986,3.098364,17387,52.227104,13.289591,38.06343,169443,5,1,4,270.34634,-91.49801,-308.24445,49.926373,86.513245,-0.6955728,0.011439178,-0.029610869,10328270,4,1041,0.018811436,918
4000070000066,26000400001744,4000070000071,4000070000000,26,3.3080978,4000070000067,4000070000072,4000070000065,4000070000066,-1,39,3.18443,3.18443,3.18443,17387,52.08189,13.355325,38.22266,169447,5,1,4,245.8851,-112.824684,-274.47446,49.137165,84.3128,-0.081035815,0.0018140643,-0.07054225,10328279,4,1744,0.0114635825,217
4000070000067,25000400001634,4000070000071,4000070000000,25,3.575905,4000070000068,-1,4000070000066,4000070000067,-1,38,2.4959044,2.4959044,2.7541015,17387,51.939877,13.41238,38.35828,169447,5,1,4,237.14859,-108.25249,-271.42645,44.505928,82.92111,-0.066660866,0.005253535,-0.048965126,10328265,4,1634,0.011729093,66
4000070000068,24000400001664,4000070000071,4000070000000,24,3.8656828,4000070000069,-1,4000070000067,4000070000068,-1,34,1.9795104,1.9795104,1.9795104,17387,51.81318,13.4817295,38.479973,169447,5,1,4,222.69643,-102.438705,-266.62427,46.77586,90.47722,0.0043078265,0.11713147,-0.06928718,10330064,4,1664,0.010701279,458
4000070000069,23000400001623,4000070000071,4000070000000,23,4.1794686,4000070000070,-1,4000070000068,4000070000069,-1,31,1.8934448,1.8934448,2.3237731,17387,51.690937,13.523287,38.654297,169446,5,1,4,212.1366,-95.4844,-252.67046,44.401974,82.6807,-0.06661005,0.13241082,-0.0952194,10328265,4,1623,0.01021571,641
4000070000070,22000400001718,4000070000071,4000070000000,22,4.5195556,4000070000071,-1,4000070000069,4000070000070,-1,25,1.9795104,1.9795104,1.9795104,17387,51.578804,13.593416,38.764595,169446,5,1,4,195.70926,-94.53521,-236.68793,54.043232,95.079,-1.1391969E-5,0.10033284,-0.059985477,10328293,4,1718,0.00639421,383
4000070000071,21000400001719,4000070000071,4000070000000,21,4.888449,-1,-1,4000070000070,4000070000071,-1,21,1.7213135,1.7213135,1.7213135,17387,51.470535,13.634615,38.897526,169446,5,1,4,191.40216,-91.18477,-229.04741,52.929592,89.72887,-0.035092745,0.075727135,-0.06350152,10328270,4,1719,0.005178512,783
4000070000072,26000400003123,4000070000072,4000070000000,26,3.3080978,-1,-1,4000070000065,4000070000072,-1,21,1.4631164,1.3770508,1.4631164,17387,52.07087,13.312217,38.367043,169447,5,1,4,244.17976,-14.936885,-307.64697,37.781063,65.908806,-0.09779273,-0.052211568,0.05123077,10330042,4,3123,0.010506459,685
4000070000073,32000400000250,4000070000082,4000070000000,32,2.0700274,4000070000074,-1,4000070000030,4000070000031,-1,34,0.0,0.0,0.0,17389,52.82874,13.168961,37.048256,169422,5,1,4,352.95517,-252.06442,-243.37038,39.99834,67.6481,0.08079288,-0.10122713,0.15231885,10328075,4,250,0.0153350765,822
4000070000074,31000400001729,4000070000082,4000070000000,31,2.2394855,4000070000075,-1,4000070000073,4000070000074,-1,56,4.991809,4.905743,5.1639404,17387,52.626236,13.306279,37.174274,169443,5,1,4,313.13248,-210.65099,-258.5522,61.82476,97.873924,0.086405255,-0.048099592,-0.010658432,10328117,4,1729,0.015623331,395
4000070000075,30000400001616,4000070000082,4000070000000,30,2.422044,4000070000076,-1,4000070000074,4000070000075,-1,60,4.8196774,4.8196774,4.8196774,17387,52.446728,13.38553,37.311924,169443,5,1,4,288.83603,-184.95593,-255.26984,58.60794,96.08516,0.15569918,-0.057491157,0.044022825,10328107,4,1616,0.014307584,232
4000070000076,29000400001612,4000070000082,4000070000000,29,2.6188614,4000070000077,-1,4000070000075,4000070000076,-1,55,2.7541015,2.6680357,2.9262328,17387,52.258118,13.469645,37.45011,169443,5,1,4,282.09552,-167.98232,-253.5701,49.012306,81.3052,0.1251042,-0.02177274,0.08824797,10328151,4,1612,0.018859627,582
4000070000077,28000400002027,4000070000082,4000070000000,28,2.8311827,4000070000078,-1,4000070000076,4000070000077,-1,40,2.9262328,2.840167,2.9262328,17387,52.074516,13.5619545,37.57532,169443,5,1,4,288.42102,-138.12854,-242.107,40.468723,79.04839,0.047578733,0.070853025,-0.12207522,10328218,4,2027,0.015310217,483
4000070000078,27000400001977,4000070000082,4000070000000,27,3.060419,4000070000079,-1,4000070000077,4000070000078,-1,38,1.8934448,1.8934448,1.8934448,17387,51.920494,13.646686,37.69238,169443,5,1,4,278.46063,-129.26965,-236.9121,41.772026,74.78414,0.033111367,0.13548861,-0.026645303,10328143,4,1977,0.015482368,119
4000070000079,26000400001823,4000070000082,4000070000000,26,3.3080978,4000070000080,-1,4000070000078,4000070000079,-1,38,2.9262328,2.9262328,2.9262328,17384,51.773502,13.717548,37.86723,169457,5,1,4,259.87607,-123.321526,-226.9558,48.910805,88.75189,0.041998424,0.10519761,-0.03292388,10328218,4,1823,0.010352258,410
4000070000080,25000400001848,4000070000082,4000070000000,25,3.575905,4000070000081,-1,4000070000079,4000070000080,-1,34,2.9262328,2.840167,2.9262328,17384,51.616478,13.792235,37.99146,169456,5,1,4,250.56937,-119.28429,-226.89726,54.49103,96.26077,0.048176423,0.10385178,-0.0500749,10328078,4,1848,0.0083856,424
4000070000081,24000400001950,4000070000082,4000070000000,24,3.8656828,4000070000082,-1,4000070000080,4000070000081,-1,29,2.5819702,2.5819702,2.7541015,17384,51.470413,13.847318,38.116417,169460,5,1,4,240.08394,-117.91556,-223.87247,51.528168,86.50578,0.028483603,0.11963087,-0.09156763,10328079,4,1950,0.008886017,581
4000070000082,23000400001506,4000070000082,4000070000000,23,4.1794686,-1,-1,4000070000081,4000070000082,-1,33,1.3770508,1.3770508,1.4631164,17384,51.378506,13.879994,38.242043,169460,5,1,4,230.62785,-108.397156,-220.68706,44.71856,80.50919,0.029160822,0.10135521,-0.092565626,10328143,4,1506,0.01256018,102
4000070000083,33000400000277,4000070000084,4000070000000,33,1.9126327,4000070000084,-1,4000070000029,4000070000030,-1,21,0.0,0.0,0.0,17389,53.13568,12.976456,36.986042,169422,5,1,4,256.14096,-77.573975,-269.78122,54.834816,80.75435,0.009476088,0.15106599,-0.028731108,10328550,4,277,0.0062708003,24
4000070000084,31000400000256,4000070000084,4000070000000,31,2.2394855,-1,-1,4000070000083,4000070000032,-1,56,0.0,0.0,0.0,17386,52.766514,13.031043,37.21448,169450,5,1,4,256.3045,-64.45825,-153.89128,74.92166,120.270096,0.11818064,0.0535302,0.008396767,10328550,4,256,0.008269686,819
4000070000085,40000400000286,4000070000107,4000070000000,40,1.0778745,4000070000086,-1,4000070000022,4000070000023,-1,32,0.0,0.0,0.0,17389,54.093372,12.277617,35.62474,169417,6,1,3,426.25348,-31.698645,-144.02806,50.69865,87.41007,0.035811402,-0.18866193,0.120413296,10441589,4,286,0.009698274,652
4000070000086,39000400000276,4000070000107,4000070000000,39,1.173417,4000070000087,-1,4000070000085,4000070000024,-1,56,0.0,0.0,0.0,17389,53.85168,12.322142,35.698757,169417,6,1,3,492.3228,-159.02051,-141.63393,65.58823,101.95611,-0.14720409,-0.22309452,0.14541002,10441589,4,276,0.013377461,890
4000070000087,37000400000438,4000070000107,4000070000000,37,1.3857181,4000070000088,-1,4000070000086,4000070000117,-1,49,0.0,0.0,0.0,17389,53.29101,12.533574,35.901936,169416,5,1,4,441.40152,-153.74278,-227.12323,50.2456,86.48147,-8.2457345E-4,-0.14507547,0.15214024,10441257,4,438,0.013675418,729
4000070000088,36000400001094,4000070000107,4000070000000,36,1.5036365,4000070000089,-1,4000070000087,4000070000088,-1,129,10.758209,10.069683,10.758209,17389,53.057304,12.6142,36.03034,169416,5,1,4,398.41922,-134.73064,-226.96724,56.35394,99.006935,0.13229135,-0.14036399,0.3315264,10441252,4,1094,0.02645674,733
4000070000089,35000400001151,4000070000107,4000070000000,35,1.6302707,4000070000090,-1,4000070000088,4000070000089,-1,117,10.500011,10.155749,10.586078,17389,52.845863,12.705091,36.168278,169422,5,1,4,369.00006,-126.53487,-219.56514,66.44114,107.81057,0.15754648,-0.21918733,0.2729995,10441634,4,1151,0.020593973,95
4000070000090,34000400001090,4000070000107,4000070000000,34,1.766336,4000070000091,-1,4000070000089,4000070000090,-1,123,10.155749,9.983618,10.155749,17388,52.649788,12.742892,36.27454,169415,5,1,4,353.6782,-120.74039,-224.65057,70.69016,119.28383,0.2018966,-0.28286016,0.38539475,10438120,4,1090,0.017098846,593
4000070000091,33000400001041,4000070000107,4000070000000,33,1.9126327,4000070000092,-1,4000070000090,4000070000091,-1,119,8.606567,7.573779,8.864764,17388,52.475258,12.788062,36.394573,169415,5,1,4,335.87735,-113.70073,-220.05661,60.707443,99.83923,0.18500188,-0.24311185,0.34671447,10441262,4,1041,0.022603922,28
4000070000092,32000400000990,4000070000107,4000070000000,32,2.0700274,4000070000093,-1,4000070000091,4000070000092,-1,120,6.36886,6.36886,6.36886,17388,52.27114,12.835265,36.489647,169415,5,1,4,319.35983,-107.11651,-211.49295,56.9448,94.12364,0.014509837,-0.13527088,0.39785558,10441262,4,990,0.028384773,758
4000070000093,31000400000925,4000070000107,4000070000000,31,2.2394855,4000070000094,-1,4000070000092,4000070000093,-1,116,6.36886,6.196728,6.36886,17388,52.097023,12.881343,36.61837,169415,5,1,4,305.53864,-103.80092,-204.50279,53.588608,97.96899,0.021808382,-0.14773531,0.47021854,10441582,4,925,0.026313651,795
4000070000094,30000400001272,4000070000103,4000070000000,30,2.422044,4000070000095,4000070000104,4000070000093,4000070000094,-1,79,6.282794,6.196728,6.7131224,17388,51.924427,12.935823,36.737682,169415,5,1,4,298.1338,-83.80935,-199.24931,56.16471,97.95098,-0.04367635,0.08798424,0.044605155,10437791,4,1272,0.017892102,114
4000070000095,29000400001316,4000070000103,4000070000000,29,2.6188614,4000070000096,-1,4000070000094,4000070000095,-1,70,5.9385314,5.8524656,6.282794,17388,51.744953,12.979948,36.855427,169414,5,1,4,293.4765,-79.66035,-196.04079,65.38043,103.71406,0.041551374,0.032276243,0.1009798,10441261,4,1316,0.0129647935,596
4000070000096,28000400001147,4000070000103,4000070000000,28,2.8311827,4000070000097,-1,4000070000095,4000070000096,-1,73,5.1639404,5.1639404,5.2500057,17388,51.587994,13.070719,36.981033,169414,5,1,4,276.38193,-74.080185,-185.11867,57.043377,94.387344,0.070852965,0.04789696,0.07379775,10327955,4,1147,0.017864997,512
4000070000097,27000400001130,4000070000103,4000070000000,27,3.060419,4000070000098,-1,4000070000096,4000070000097,-1,68,4.733612,4.6475463,4.8196774,17388,51.428524,13.104556,37.086323,169414,5,1,4,265.9795,-75.04733,-184.33842,57.9577,97.406044,0.012509512,0.021795673,0.05720091,10441588,4,1130,0.014179912,132
4000070000098,26000400001477,4000070000103,4000070000000,26,3.3080978,4000070000099,-1,4000070000097,4000070000098,-1,47,3.7868896,3.7868896,3.9590209,17387,51.288486,13.145421,37.191154,169442,5,1,4,248.96971,-87.83075,-176.96788,59.074505,102.395004,-0.017630601,0.03640008,-0.015024038,10441588,4,1477,0.009256095,368
4000070000099,25000400001550,4000070000103,4000070000000,25,3.575905,4000070000100,-1,4000070000098,4000070000099,-1,41,3.2704954,3.18443,3.2704954,17387,51.132015,13.189467,37.287556,169442,5,1,4,236.2036,-81.531,-165.1303,51.667175,88.77739,-0.09365471,-0.014736485,-0.023173718,10441588,4,1550,0.011548087,678
4000070000100,24000400001322,4000070000103,4000070000000,24,3.8656828,4000070000101,-1,4000070000099,4000070000100,-1,42,2.2377074,2.2377074,2.3237731,17387,51.02272,13.193197,37.373253,169442,5,1,4,232.68463,-79.30257,-160.52827,47.836372,82.95823,-0.06058846,0.013731782,-0.10955746,10441589,4,1322,0.012737814,170
4000070000101,23000400001068,4000070000103,4000070000000,23,4.1794686,4000070000102,-1,4000070000100,4000070000101,-1,44,1.549182,1.549182,2.065576,17387,50.877403,13.216958,37.433353,169442,5,1,4,223.29362,-73.68759,-161.9201,49.140923,80.92842,0.012000501,-0.055543028,0.11383859,10441257,4,1068,0.014614627,550
4000070000102,22000400000904,4000070000103,4000070000000,22,4.5195556,4000070000103,-1,4000070000101,4000070000102,-1,43,1.4631164,1.4631164,1.4631164,17376,50.766132,13.309617,37.535015,169387,5,1,4,210.52644,-69.51055,-151.41447,45.884636,81.64198,-0.040679026,-0.021664707,0.057293702,10441588,4,904,0.01665347,409
4000070000103,21000400000910,4000070000103,4000070000000,21,4.888449,-1,-1,4000070000102,4000070000103,-1,36,1.032788,1.032788,1.032788,17376,50.658943,13.369959,37.609924,169387,5,1,4,213.24327,-70.2614,-147.9906,40.43711,71.576324,-0.14624283,0.025665177,0.041020673,10441588,4,910,0.01659845,346
4000070000104,30000400003055,4000070000107,4000070000000,30,2.422044,4000070000105,-1,4000070000093,4000070000104,-1,28,2.1516418,2.1516418,2.1516418,17388,51.922226,13.17212,36.829464,169415,5,1,4,277.22327,-148.07297,-215.75377,36.90485,70.10159,-0.07007133,-0.10443525,0.169316,10441581,4,3055,0.012558155,454
4000070000105,29000400003137,4000070000107,4000070000000,29,2.6188614,4000070000106,-1,4000070000104,4000070000105,-1,27,2.2377074,2.2377074,2.2377074,17388,51.769722,13.268079,36.949688,169415,5,1,4,270.21793,-139.93962,-212.24214,45.318703,75.11461,-0.08565414,-0.13214828,0.17099486,10441581,4,3137,0.010800184,735
4000070000106,28000400003125,4000070000107,4000070000000,28,2.8311827,4000070000107,-1,4000070000105,4000070000106,-1,26,1.7213135,1.7213135,1.7213135,17388,51.60054,13.346736,37.065365,169414,5,1,4,255.68869,-128.46095,-205.87146,41.139244,75.952545,-0.0054059066,-0.070345566,0.095077135,10328003,4,3125,0.010457313,421
4000070000107,27000400003347,4000070000107,4000070000000,27,3.060419,-1,-1,4000070000106,4000070000107,-1,22,1.1188537,1.032788,1.1188537,17387,51.46181,13.412357,37.173115,169442,5,1,4,250.29599,-126.09579,-201.10846,34.822067,63.08546,-0.04455171,-0.07674613,0.072698794,10441562,4,3347,0.012992263,264
4000070000108,42000400003024,4000070000109,4000070000000,42,0.9054624,4000070000109,-1,4000070000020,4000070000108,-1,20,3.0122986,2.3237731,2.9262328,16914,54.731564,12.505894,35.461372,169856,6,1,3,147.1328,-209.54543,-292.35806,29.307493,58.336815,0.0132751055,-0.023938522,0.18540424,10315324,4,3024,0.022756808,821
4000070000109,41000400002691,4000070000109,4000070000000,41,0.98870814,-1,-1,4000070000108,4000070000109,-1,21,2.7541015,1.8934448,2.7541015,17389,54.64645,12.591013,35.5958,169417,6,1,3,162.17494,-190.94153,-289.0943,25.4219,52.328247,-0.005707347,-0.033624038,0.2042112,10315564,4,2691,0.01618028,806
4000070000110,43000400000294,4000070000110,4000070000000,43,0.8276991,-1,-1,4000070000019,4000070000020,-1,21,0.0,0.0,0.0,17389,54.539597,12.391383,35.22932,169417,6,1,3,208.69968,-19.273207,-399.74197,39.261955,68.933075,0.009081744,-0.08121025,-0.058993477,10441589,4,294,0.009419631,990
4000070000111,44000400000293,4000070000152,4000070000000,44,0.75503564,4000070000112,-1,4000070000018,4000070000019,-1,33,0.0,0.0,0.0,16909,54.78526,12.20503,35.124146,169636,6,1,3,244.58356,-147.22054,-269.92468,39.716084,68.48588,0.062075295,-0.14862525,-0.030910846,10442316,4,293,0.021904958,546
4000070000112,43000400000292,4000070000152,4000070000000,43,0.8276991,4000070000113,-1,4000070000111,4000070000020,4000070000191,38,0.0,0.0,0.0,17389,54.646843,12.28449,35.229523,169417,6,1,3,318.51196,-167.36296,-241.98964,46.80634,76.43847,0.023364456,-0.05661534,0.12269858,10442316,4,292,0.01689488,390
4000070000113,42000400000289,4000070000152,4000070000000,42,0.9054624,4000070000114,-1,4000070000112,4000070000021,-1,33,0.0,0.0,0.0,17389,54.442474,12.366413,35.363228,169417,6,1,3,536.96844,-130.99059,-316.85562,47.54617,71.28164,0.03681885,5.6682725E-4,0.094446674,10442316,4,289,0.015138369,774
4000070000114,40000400000285,4000070000152,4000070000000,40,1.0778745,4000070000115,-1,4000070000113,4000070000023,4000070000085,101,0.0,0.0,0.0,17389,53.927605,12.391777,35.620945,169417,6,1,3,377.6946,-7.991945,-173.00294,79.92686,116.6356,0.20999107,-0.13313147,-0.2462369,10444104,4,285,0.01508742,188
4000070000115,39000400000274,4000070000152,4000070000000,39,1.173417,4000070000116,-1,4000070000114,4000070000024,4000070000086,546,0.0,0.0,0.0,17389,53.745625,12.405927,35.69072,169417,6,1,3,294.74713,-13.138312,-164.40964,98.03432,152.75293,0.21505536,-0.82545686,-0.6165202,10442314,4,274,0.045161244,135
4000070000116,38000400000454,4000070000152,4000070000000,38,1.2758462,4000070000117,-1,4000070000115,4000070000116,-1,618,58.26646,55.942688,58.26646,17389,53.567924,12.436457,35.77773,169416,5,1,4,307.99478,-50.57376,-162.3597,117.73971,173.57062,-0.33260357,-1.03592,-0.27260536,10442245,4,454,0.042051613,376
4000070000117,37000400000437,4000070000152,4000070000000,37,1.3857181,4000070000118,-1,4000070000116,4000070000117,4000070000087,492,43.893494,41.225456,43.979557,17389,53.493996,12.423255,35.887638,169416,5,1,4,274.21417,-43.65603,-159.58269,105.2698,157.64409,0.14586757,-1.0496336,-0.26388398,10437769,4,437,0.037600175,199
4000070000118,36000400000540,4000070000152,4000070000000,36,1.5036365,4000070000119,-1,4000070000117,4000070000118,-1,389,33.479546,32.274628,33.479546,17389,53.34562,12.454222,35.978336,169416,5,1,4,249.83656,-46.32858,-156.86688,94.66293,150.11868,0.60169065,-0.92294747,-0.17108618,10437406,4,540,0.03440844,554
4000070000119,35000400000528,4000070000139,4000070000000,35,1.6302707,4000070000120,4000070000140,4000070000118,4000070000119,4000070000140,250,22.549206,20.139366,23.495928,17389,53.2416,12.485745,36.053345,169416,5,1,4,194.80446,-72.42393,-136.47319,78.359406,125.94674,0.3339316,-0.011430878,-0.25539833,10442348,4,528,0.031142324,124
4000070000120,34000400000749,4000070000139,4000070000000,34,1.766336,4000070000121,-1,4000070000119,4000070000120,-1,206,17.12707,16.266413,17.557398,17389,53.144768,12.522592,36.125313,169416,5,1,4,190.33696,-76.90634,-131.66304,78.425674,124.159874,0.1784973,0.31183037,-0.44678953,10442316,4,749,0.026180496,117
4000070000121,33000400000776,4000070000139,4000070000000,33,1.9126327,4000070000122,-1,4000070000120,4000070000121,-1,180,14.286901,13.684442,14.631165,17389,53.07534,12.580659,36.20668,169420,5,1,4,187.15831,-81.18919,-133.66405,68.88904,117.73799,0.3112693,0.43971482,-0.40115386,10441936,4,776,0.027877145,238
4000070000122,32000400000773,4000070000131,4000070000000,32,2.0700274,4000070000123,4000070000132,4000070000121,4000070000122,4000070000132,138,9.725421,8.9508295,9.811486,17389,52.996925,12.635862,36.29114,169420,5,1,4,180.11214,-91.84304,-136.02963,65.34287,103.99065,0.2056502,0.48033398,-0.40220112,10437406,4,773,0.02628119,739
4000070000123,31000400001171,4000070000131,4000070000000,31,2.2394855,4000070000124,-1,4000070000122,4000070000123,-1,90,7.3155823,7.1434507,7.831976,17389,52.889008,12.69712,36.36911,169422,5,1,4,175.92416,-112.34421,-141.63837,64.968376,104.60762,0.13110337,0.09207375,-0.048442025,10444301,4,1171,0.01670862,654
4000070000124,30000400001167,4000070000131,4000070000000,30,2.422044,4000070000125,-1,4000070000123,4000070000124,-1,87,6.7131224,6.6270566,6.971319,17389,52.7897,12.773831,36.462234,169422,5,1,4,174.08852,-109.632256,-136.82272,61.509125,102.80996,0.09133132,0.04397014,0.024660533,10442245,4,1167,0.016729422,46
4000070000125,29000400001237,4000070000131,4000070000000,29,2.6188614,4000070000126,-1,4000070000124,4000070000125,-1,75,5.9385314,5.9385314,6.196728,17388,52.674995,12.82694,36.56459,169415,5,1,4,175.56073,-106.706825,-138.1078,58.298832,100.6736,0.1371785,0.03273883,0.07548791,10442316,4,1237,0.016099317,368
4000070000126,28000400001511,4000070000131,4000070000000,28,2.8311827,4000070000127,-1,4000070000125,4000070000126,-1,56,4.733612,4.733612,4.8196774,17388,52.57485,12.885753,36.63331,169415,5,1,4,182.58456,-104.66062,-139.03986,60.95594,101.976715,0.0663751,0.015138733,1.4859128E-4,10442316,4,1511,0.010706274,533
4000070000127,27000400001453,4000070000131,4000070000000,27,3.060419,4000070000128,-1,4000070000126,4000070000127,-1,53,4.131152,4.131152,4.131152,17388,52.47085,12.96337,36.72438,169415,5,1,4,172.37767,-102.43632,-136.86855,54.23672,93.73923,0.080877446,0.008957356,-0.006797317,10442245,4,1453,0.0113734165,858
4000070000128,26000400001349,4000070000131,4000070000000,26,3.3080978,4000070000129,-1,4000070000127,4000070000128,-1,51,2.6680357,2.6680357,3.0122986,17388,52.379463,13.024052,36.79731,169415,5,1,4,162.31891,-96.00389,-127.24499,47.148006,82.42838,0.0671387,0.02382634,-0.09565382,10437406,4,1349,0.014807936,168
4000070000129,25000400001808,4000070000131,4000070000000,25,3.575905,4000070000130,-1,4000070000128,4000070000129,-1,35,2.5819702,2.3237731,2.5819702,17388,52.2924,13.06848,36.84863,169415,5,1,4,155.72752,-88.021454,-114.78662,47.954323,82.93331,-0.004590701,-0.07212462,-9.465629E-4,10442316,4,1808,0.010094316,919
4000070000130,24000400002025,4000070000131,4000070000000,24,3.8656828,4000070000131,-1,4000070000129,4000070000130,-1,28,2.1516418,2.1516418,2.1516418,17388,52.219864,13.114625,36.901966,169415,5,1,4,143.20335,-95.697876,-113.83831,50.675224,90.3843,-0.0713219,-0.021872994,-0.022001982,10442245,4,2025,0.0076718023,735
4000070000131,23000400002389,4000070000131,4000070000000,23,4.1794686,-1,-1,4000070000130,4000070000131,-1,21,1.6352477,1.6352477,1.7213135,17388,52.143456,13.17668,36.95918,169415,5,1,4,137.89258,-95.59552,-111.18685,55.339886,93.335205,-0.043603055,-0.06949449,-0.0016256633,10442245,4,2389,0.0055111446,910
4000070000132,32000400000774,4000070000139,4000070000000,32,2.0700274,4000070000133,-1,4000070000121,4000070000122,-1,20,0.0,0.0,0.0,17389,52.856705,12.56493,36.230103,169420,5,1,4,242.17903,-25.665733,-120.169205,44.313213,75.016045,-0.01861576,0.04066406,-0.08003999,10437427,4,774,0.007339562,146
4000070000133,31000400001905,4000070000139,4000070000000,31,2.2394855,4000070000134,-1,4000070000132,4000070000133,-1,52,4.0450864,3.9590209,4.3032837,17388,52.720455,12.580103,36.30708,169413,5,1,4,207.94269,-28.78583,-106.54642,49.27126,85.87411,-0.17360148,0.07560562,-0.07070393,10444324,4,1905,0.018112035,259
4000070000134,30000400002071,4000070000139,4000070000000,30,2.422044,4000070000135,-1,4000070000133,4000070000134,-1,46,3.5286925,3.3565612,3.5286925,17388,52.594532,12.595742,36.368275,169413,5,1,4,199.17285,-25.939062,-115.31973,51.027115,83.77034,-0.13918187,0.034089338,-0.046212107,10437489,4,2071,0.013364649,957
4000070000135,29000400002361,4000070000139,4000070000000,29,2.6188614,4000070000136,-1,4000070000134,4000070000135,-1,37,2.7541015,2.6680357,2.7541015,17388,52.480408,12.62142,36.45564,169413,5,1,4,194.33563,-24.445814,-118.40411,45.810078,76.81017,0.0044312547,0.02287296,-0.0072105704,10437425,4,2361,0.012542297,0
4000070000136,28000400002033,4000070000139,4000070000000,28,2.8311827,4000070000137,-1,4000070000135,4000070000136,-1,41,2.3237731,2.3237731,2.3237731,17388,52.352108,12.600896,36.50949,169413,5,1,4,185.18135,-29.764004,-119.42971,41.573322,75.31684,4.0967643E-4,0.080398686,-0.050164375,10437423,4,2033,0.01649468,828
4000070000137,27000400002080,4000070000139,4000070000000,27,3.060419,4000070000138,-1,4000070000136,4000070000137,-1,37,2.2377074,2.2377074,2.3237731,17388,52.24954,12.643551,36.573757,169413,5,1,4,175.36922,-35.358906,-119.90307,44.827892,76.020226,-0.0033306207,0.043712534,-0.068495035,10437420,4,2080,0.013237593,738
4000070000138,26000400002576,4000070000139,4000070000000,26,3.3080978,4000070000139,-1,4000070000137,4000070000138,-1,26,2.2377074,2.2377074,2.2377074,17388,52.162495,12.645803,36.632847,169413,5,1,4,166.31746,-20.892406,-115.90787,50.418396,84.91199,-0.038647555,-0.025895594,0.001859687,10437424,4,2576,0.008573146,639
4000070000139,25000400002545,4000070000139,4000070000000,25,3.575905,-1,-1,4000070000138,4000070000139,-1,24,1.8073791,1.8073791,1.8073791,17388,52.044308,12.66217,36.69499,169413,5,1,4,167.93402,-22.919706,-119.22862,47.683887,84.20306,-0.028756358,0.026455827,0.017487092,10437434,4,2545,0.0074730366,216
4000070000140,35000400000529,4000070000152,4000070000000,35,1.6302707,4000070000141,-1,4000070000118,4000070000119,-1,96,0.0,0.0,0.0,17389,53.084354,12.438453,36.073273,169416,5,1,4,324.99432,-22.64377,-194.20718,60.97089,102.60567,0.447541,-0.120903365,-0.09228001,10437370,4,529,0.019388326,228
4000070000141,34000400000950,4000070000152,4000070000000,34,1.766336,4000070000142,-1,4000070000140,4000070000141,-1,145,10.241815,9.811486,10.586078,17389,52.908585,12.443984,36.19151,169420,5,1,4,302.15616,-39.273567,-201.33049,60.476246,105.65644,0.38509935,-0.18046243,0.0981659,10437367,4,950,0.0264244,727
4000070000142,33000400001014,4000070000152,4000070000000,33,1.9126327,4000070000143,-1,4000070000141,4000070000142,-1,123,8.9508295,8.262304,9.036896,17389,52.736946,12.449614,36.269688,169420,5,1,4,287.75702,-39.174915,-192.93333,60.306942,100.46758,0.4544419,-0.021878488,-0.012256378,10437774,4,1014,0.024964238,965
4000070000143,32000400001081,4000070000152,4000070000000,32,2.0700274,4000070000144,-1,4000070000142,4000070000143,-1,107,8.004107,7.1434507,8.348371,17388,52.552765,12.469346,36.391335,169413,5,1,4,267.64108,-45.669937,-191.49713,58.528423,97.06654,0.3329714,-0.15613519,-0.14711437,10437753,4,1081,0.022563295,485
4000070000144,31000400001097,4000070000152,4000070000000,31,2.2394855,4000070000145,-1,4000070000143,4000070000144,-1,96,7.659845,7.573779,7.9180417,17388,52.40535,12.492271,36.530445,169413,5,1,4,253.37671,-48.489803,-186.68112,62.344994,100.59578,0.4278072,-0.18910311,-0.076267704,10437753,4,1097,0.01831776,750
4000070000145,30000400001136,4000070000152,4000070000000,30,2.422044,4000070000146,-1,4000070000144,4000070000145,-1,89,7.1434507,6.971319,7.2295165,17388,52.26378,12.538087,36.654484,169413,5,1,4,247.53238,-53.08363,-185.25179,59.762604,98.67196,0.44022366,-0.11043923,-0.1617889,10437376,4,1136,0.018772202,331
4000070000146,29000400001137,4000070000152,4000070000000,29,2.6188614,4000070000147,-1,4000070000145,4000070000146,-1,81,4.6475463,4.5614805,5.3360715,17388,52.15267,12.582361,36.764828,169413,5,1,4,240.1536,-50.486645,-182.03789,56.526295,91.80612,0.47743404,-0.012778234,-0.048835844,10437753,4,1137,0.019213991,4
4000070000147,28000400001127,4000070000152,4000070000000,28,2.8311827,4000070000148,-1,4000070000146,4000070000147,-1,74,4.4754148,4.3893495,4.733612,17388,52.012047,12.621796,36.863304,169413,5,1,4,219.9339,-47.00292,-178.0684,52.97814,90.815315,0.5129639,-0.16122885,-0.078522556,10437376,4,1127,0.019806094,488
4000070000148,27000400001131,4000070000152,4000070000000,27,3.060419,4000070000149,-1,4000070000147,4000070000148,-1,68,3.7008238,3.7008238,3.7868896,17388,51.933865,12.650556,36.967274,169413,5,1,4,215.84312,-49.78053,-176.1812,50.04967,88.70315,0.5633919,-0.220764,-0.011571681,10437376,4,1131,0.018381784,228
4000070000149,26000400001478,4000070000152,4000070000000,26,3.3080978,4000070000150,-1,4000070000148,4000070000149,-1,47,3.18443,3.18443,3.2704954,17388,51.805492,12.676583,37.05403,169413,5,1,4,189.7935,-62.916885,-152.91103,46.276875,86.220665,0.25201872,0.06438108,-0.09225547,10437376,4,1478,0.0132508585,462
4000070000150,25000400001749,4000070000152,4000070000000,25,3.575905,4000070000151,-1,4000070000149,4000070000150,-1,36,2.7541015,2.7541015,2.840167,17387,51.71074,12.72087,37.160347,169442,5,1,4,184.87053,-58.10366,-159.27022,52.487793,91.38815,0.16633661,-0.022931563,-0.12060413,10437376,4,1749,0.009150458,958
4000070000151,24000400001820,4000070000152,4000070000000,24,3.8656828,4000070000152,-1,4000070000150,4000070000151,-1,31,2.4098387,2.4098387,2.4098387,17387,51.579563,12.744015,37.232033,169442,5,1,4,186.47806,-54.780468,-160.08406,54.561993,89.463554,0.14856705,0.001096472,-0.15886576,10437395,4,1820,0.007835386,400
4000070000152,23000400001738,4000070000152,4000070000000,23,4.1794686,-1,-1,4000070000151,4000070000152,-1,29,2.065576,2.065576,2.2377074,17387,51.476513,12.787053,37.33965,169442,5,1,4,179.45949,-51.81821,-155.60129,46.553394,78.646385,0.13848783,-0.012639603,-0.1675453,10437376,4,1738,0.011640819,215
4000070000153,47000400000366,4000070000159,4000070000000,47,0.5641766,4000070000154,4000070000160,4000070000015,4000070000016,-1,22,0.0,0.0,0.0,16909,54.99748,12.261142,34.592163,169636,6,1,3,521.54047,-276.2739,-237.82501,25.863308,45.128735,0.011508842,0.19052741,0.08717915,10441561,4,366,0.026183164,794
4000070000154,45000400001392,4000070000159,4000070000000,45,0.6871088,4000070000155,-1,4000070000153,4000070000223,-1,24,0.0,0.0,0.0,17394,54.53191,12.4864645,34.820114,169197,6,1,3,475.318,-201.40948,-282.3032,28.480335,48.980446,-0.22050923,0.031593014,0.21897666,10328040,4,1392,0.020470802,461
4000070000155,43000400003693,4000070000159,4000070000000,43,0.8276991,4000070000156,-1,4000070000154,4000070000155,-1,26,2.2377074,2.065576,2.1516418,17394,54.10238,12.659113,35.116367,169197,6,1,3,435.25845,-177.00728,-265.1761,29.764517,53.48906,-0.21332149,0.02629576,0.21475026,10328040,4,3693,0.01915106,872
4000070000156,42000400003528,4000070000159,4000070000000,42,0.9054624,4000070000157,-1,4000070000155,4000070000156,-1,28,2.2377074,1.9795104,2.2377074,17389,53.89105,12.735428,35.238808,169419,6,1,3,422.68893,-169.27423,-260.67648,27.726797,52.61643,-0.22127941,0.03345917,0.23373015,10441575,4,3528,0.02185157,55
4000070000157,41000400003519,4000070000159,4000070000000,41,0.98870814,4000070000158,-1,4000070000156,4000070000157,-1,28,1.549182,1.032788,1.549182,17389,53.696953,12.793108,35.372272,169418,6,1,3,403.29294,-160.8722,-254.00337,29.814135,65.43342,-0.21810395,0.02579847,0.22703212,10441561,4,3519,0.029953232,499
4000070000158,40000400003850,4000070000159,4000070000000,40,1.0778745,4000070000159,-1,4000070000157,4000070000158,-1,25,1.549182,1.3770508,1.4631164,17389,53.490597,12.890328,35.519962,169418,5,1,3,384.46442,-155.80586,-247.83203,27.146828,54.501263,-0.16866054,-0.012586948,0.20750314,10441575,4,3850,0.022596676,207
4000070000159,38000400003761,4000070000159,4000070000000,38,1.2758462,-1,-1,4000070000158,4000070000159,-1,23,1.032788,0.9467224,1.032788,17389,53.103073,13.021892,35.768955,169418,5,1,4,344.7243,-145.47229,-236.7122,23.338549,47.771095,-0.15235424,-0.026975308,0.2174586,10441463,4,3761,0.03229075,541
4000070000160,47000400000365,4000070000187,4000070000000,47,0.5641766,4000070000161,-1,4000070000015,4000070000016,4000070000153,54,0.0,0.0,0.0,16909,55.053123,12.108085,34.53497,169636,6,1,3,204.49792,-74.627304,-363.68198,48.59483,75.90097,-0.064985596,0.07132646,0.25017974,10314687,4,365,0.019555544,634
4000070000161,46000400000332,4000070000187,4000070000000,46,0.6235901,4000070000162,-1,4000070000160,4000070000017,4000070000189,27,0.0,0.0,0.0,16909,54.970966,12.127095,34.71068,169636,6,1,3,125.7739,-20.259554,-511.61026,47.35248,70.15098,-0.08044088,-0.1884076,0.1256219,10313828,4,332,0.012864837,848
4000070000162,45000400000323,4000070000187,4000070000000,45,0.6871088,4000070000163,-1,4000070000161,4000070000018,4000070000190,36,0.0,0.0,0.0,16909,54.891895,12.133195,35.008713,169636,6,1,3,283.70093,-27.311357,-667.47107,53.050896,91.51254,-0.11819211,-0.07344023,0.1131545,10329166,4,323,0.009759431,844
4000070000163,44000400000292,4000070000187,4000070000000,44,0.75503564,4000070000164,-1,4000070000162,4000070000019,4000070000111,78,0.0,0.0,0.0,16914,54.740868,12.17011,35.29625,169856,6,1,3,303.8839,-84.57141,-571.88214,45.391094,84.610756,-0.13247724,0.10446288,0.095693104,10329166,4,292,0.02330797,508
4000070000164,43000400000291,4000070000187,4000070000000,43,0.8276991,4000070000165,-1,4000070000163,4000070000020,4000070000112,93,0.0,0.0,0.0,17389,54.600998,12.199846,35.564415,169417,6,1,3,296.51846,-92.99348,-523.5586,51.217907,90.19291,-0.16161354,0.053648133,0.19767144,10329164,4,291,0.021742998,748
4000070000165,42000400001376,4000070000187,4000070000000,42,0.9054624,4000070000166,-1,4000070000164,4000070000165,-1,104,9.122961,8.692633,8.9508295,17389,54.453747,12.252913,35.82178,169417,6,1,4,291.9635,-100.67023,-497.08478,49.76223,92.6215,-0.08592831,-0.022318957,0.1296796,10314679,4,1376,0.024647132,226
4000070000166,41000400001510,4000070000187,4000070000000,41,0.98870814,4000070000167,-1,4000070000165,4000070000166,-1,92,8.520501,7.659845,8.434436,17389,54.280804,12.316094,36.076283,169417,6,1,4,284.25833,-101.89685,-474.93066,52.50769,92.82773,-0.05668928,0.09282893,0.27536383,10313833,4,1510,0.020776171,355
4000070000167,40000400001401,4000070000187,4000070000000,40,1.0778745,4000070000168,-1,4000070000166,4000070000167,-1,103,7.9180417,7.3155823,7.9180417,17389,54.13237,12.369782,36.327015,169421,6,1,4,272.58722,-99.55908,-452.68005,52.01918,90.62483,-0.0797281,-0.16100249,0.15008014,10329167,4,1401,0.024572391,283
4000070000168,39000400001327,4000070000187,4000070000000,39,1.173417,4000070000169,-1,4000070000167,4000070000168,-1,105,8.176239,7.659845,8.176239,17389,54.01919,12.403788,36.566513,169421,6,1,4,267.41675,-101.014656,-438.66675,51.251514,95.00564,0.042579427,0.011460701,0.20562868,10329166,4,1327,0.023772778,130
4000070000169,38000400001319,4000070000187,4000070000000,38,1.2758462,4000070000170,-1,4000070000168,4000070000169,-1,110,8.090173,7.7459106,8.090173,17389,53.87353,12.446344,36.8096,169421,6,1,4,251.97694,-93.41376,-417.2002,50.927746,93.60793,-0.08170058,0.087237254,0.15291268,10313836,4,1319,0.029444285,698
4000070000170,37000400001341,4000070000187,4000070000000,37,1.3857181,4000070000171,-1,4000070000169,4000070000170,-1,103,8.348371,7.3155823,8.434436,17389,53.728542,12.508655,37.04622,169421,6,1,4,244.43826,-94.62762,-407.58258,51.452667,93.10178,-0.09070974,0.037985418,0.1344443,10329169,4,1341,0.025176426,217
4000070000171,36000400001283,4000070000187,4000070000000,36,1.5036365,4000070000172,-1,4000070000170,4000070000171,-1,106,8.348371,8.262304,8.348371,17386,53.58117,12.556589,37.266644,169448,6,1,4,237.51564,-90.16122,-396.98712,53.590504,91.58502,-0.051143926,0.15173984,0.15995559,10329167,4,1283,0.024593243,329
4000070000172,35000400001397,4000070000187,4000070000000,35,1.6302707,4000070000173,-1,4000070000171,4000070000172,-1,90,8.176239,7.831976,8.176239,17386,53.456394,12.62569,37.47898,169448,5,1,4,228.58582,-85.2543,-380.85556,59.890125,102.11374,-0.13547847,0.13020027,0.032368403,10329169,4,1397,0.017558679,977
4000070000173,34000400001270,4000070000187,4000070000000,34,1.766336,4000070000174,-1,4000070000172,4000070000173,-1,100,7.573779,7.4877133,7.659845,17386,53.323215,12.669241,37.7048,169448,5,1,4,226.98723,-86.873055,-371.08926,58.04284,99.78876,-0.060608774,0.27339152,0.12118564,10313794,4,1270,0.020267863,534
4000070000174,33000400001464,4000070000187,4000070000000,33,1.9126327,4000070000175,-1,4000070000173,4000070000174,-1,80,7.573779,6.540991,7.659845,17386,53.191013,12.712548,37.895607,169450,5,1,4,222.18732,-82.11657,-358.34473,58.408787,95.774666,-0.06532964,0.25148195,0.010938459,10313794,4,1464,0.017525794,897
4000070000175,32000400001499,4000070000187,4000070000000,32,2.0700274,4000070000176,-1,4000070000174,4000070000175,-1,72,5.7664,5.680334,5.9385314,17386,53.04872,12.758287,38.10138,169454,5,1,4,212.24536,-81.00608,-341.78973,55.907387,96.76336,0.00990034,0.11569855,0.044854503,10329165,4,1499,0.016176429,257
4000070000176,31000400001576,4000070000187,4000070000000,31,2.2394855,4000070000177,-1,4000070000175,4000070000176,-1,64,4.8196774,4.8196774,5.1639404,17386,52.938614,12.798476,38.30754,169454,5,1,4,202.66194,-83.23216,-327.31927,55.33152,92.93673,-0.02655761,0.24423651,0.08370773,10329167,4,1576,0.014910468,155
4000070000177,30000400001387,4000070000187,4000070000000,30,2.422044,4000070000178,-1,4000070000176,4000070000177,-1,71,4.8196774,4.733612,5.1639404,17386,52.83615,12.855411,38.4749,169454,5,1,4,201.35567,-83.59545,-318.49155,52.48715,89.22604,0.026117647,0.25873926,0.15810974,10330009,4,1387,0.017264208,178
4000070000178,29000400001271,4000070000187,4000070000000,29,2.6188614,4000070000179,-1,4000070000177,4000070000178,-1,72,4.3893495,4.3893495,4.5614805,17387,52.710697,12.883948,38.66375,169447,5,1,4,188.34676,-77.52721,-308.11017,50.912632,88.026764,0.0797137,0.039375175,0.16497856,10330009,4,1271,0.019491203,134
4000070000179,28000400001334,4000070000187,4000070000000,28,2.8311827,4000070000180,-1,4000070000178,4000070000179,-1,63,2.4959044,2.4959044,2.9262328,17387,52.589634,12.924825,38.85151,169447,5,1,4,178.59117,-78.91694,-297.37454,53.62814,79.661446,-0.030799357,0.05730181,0.17235847,10330009,4,1334,0.020718763,516
4000070000180,27000400001412,4000070000187,4000070000000,27,3.060419,4000070000181,-1,4000070000179,4000070000180,-1,54,2.3237731,2.3237731,2.4098387,17387,52.51929,13.042586,38.944805,169447,5,1,4,169.14885,-71.490005,-288.31796,52.698032,81.849556,-0.06749224,0.034801,0.054423247,10329164,4,1412,0.018388234,638
4000070000181,26000400001272,4000070000187,4000070000000,26,3.3080978,4000070000182,-1,4000070000180,4000070000181,-1,54,4.217218,4.131152,4.3032837,17172,52.42829,13.03108,39.142094,171203,5,1,4,158.05241,-70.27944,-272.6909,61.24481,103.14541,-0.09308114,0.040187877,0.053361107,10313839,4,1272,0.010173376,434
4000070000182,25000400001168,4000070000187,4000070000000,25,3.575905,4000070000183,-1,4000070000181,4000070000182,-1,53,4.131152,4.131152,4.131152,17172,52.329407,13.081016,39.286396,171203,5,1,4,155.07997,-72.07189,-267.23926,55.199657,99.09927,-0.21462792,0.038514685,0.0873086,10313821,4,1168,0.011785713,131
4000070000183,24000400001663,4000070000187,4000070000000,24,3.8656828,4000070000184,-1,4000070000182,4000070000183,-1,34,3.098364,3.098364,3.098364,17172,52.23287,13.143514,39.42193,171203,5,1,4,137.69684,-84.34178,-259.5719,55.835835,94.735214,-0.025536498,0.0016428832,-0.016056063,10313831,4,1663,0.009322467,604
4000070000184,23000400001796,4000070000187,4000070000000,23,4.1794686,4000070000185,-1,4000070000183,4000070000184,-1,28,2.5819702,2.5819702,2.5819702,17172,52.178513,13.201214,39.572315,171203,5,1,4,131.23927,-92.28516,-256.23502,59.260525,101.43333,-0.016382864,-0.02981316,-0.02073198,10313830,4,1796,0.005644653,972
4000070000185,22000400001650,4000070000187,4000070000000,22,4.5195556,4000070000186,-1,4000070000184,4000070000185,-1,26,1.7213135,1.7213135,1.8934448,17172,52.12296,13.255991,39.689552,171203,5,1,4,123.35346,-87.13614,-241.77516,49.87387,80.584595,0.0096629085,-0.016441049,0.009978124,10313827,4,1650,0.009303159,434
4000070000186,21000400001258,4000070000187,4000070000000,21,4.888449,4000070000187,-1,4000070000185,4000070000186,-1,28,0.6885254,0.6885254,0.6885254,17172,52.114597,13.277921,39.811256,171203,5,1,4,127.851555,-83.274574,-241.26541,43.38956,69.85526,-0.0061702165,-0.05638441,-0.019255932,10313801,4,1258,0.01558413,62
4000070000187,20000400001263,4000070000187,4000070000000,20,5.2888336,-1,-1,4000070000186,4000070000187,-1,23,0.6885254,0.6885254,0.6885254,17172,52.05871,13.315354,39.94669,171203,5,1,4,123.17203,-82.44478,-232.86426,42.303703,69.04174,-0.021871835,-0.04069416,-0.014878165,10313834,4,1263,0.019018974,27
4000070000188,48000400000368,4000070000210,4000070000000,48,0.5085914,4000070000189,-1,4000070000014,4000070000015,-1,21,0.0,0.0,0.0,16909,55.60357,11.962238,34.61742,169636,6,1,3,391.9189,-111.395546,-387.6182,27.781473,56.371925,-0.07869609,0.10289178,-0.03752662,10441881,4,368,0.015805852,757
4000070000189,46000400000333,4000070000210,4000070000000,46,0.6235901,4000070000190,-1,4000070000188,4000070000017,-1,22,0.0,0.0,0.0,16909,55.219997,12.07783,34.957664,169636,6,1,3,493.7378,-132.46971,-362.3564,29.536001,57.59156,-0.16742936,-0.05133535,0.050379302,10439479,4,333,0.01603833,385
4000070000190,45000400000324,4000070000210,4000070000000,45,0.6871088,4000070000191,-1,4000070000189,4000070000018,-1,35,0.0,0.0,0.0,16909,54.976067,12.129035,35.120434,169636,6,1,3,566.5864,-135.74976,-305.2835,35.275673,62.19565,0.034836035,-0.02365991,0.10016191,10439479,4,324,0.025149548,635
4000070000191,43000400000293,4000070000210,4000070000000,43,0.8276991,4000070000192,-1,4000070000190,4000070000020,4000070000110,32,0.0,0.0,0.0,17389,54.41436,12.268256,35.32243,169417,6,1,3,558.0623,-113.27804,-96.35675,44.736046,77.081215,-0.14179607,0.010694769,0.06161162,10444704,4,293,0.011946318,638
4000070000192,42000400000288,4000070000210,4000070000000,42,0.9054624,4000070000193,-1,4000070000191,4000070000021,4000070000113,34,0.0,0.0,0.0,17389,54.152473,12.317703,35.35565,169417,6,1,3,461.93683,-90.30518,-13.447231,44.37202,79.21819,-0.1159249,0.15659714,0.07925996,10444704,4,288,0.014281767,848
4000070000193,41000400000289,4000070000210,4000070000000,41,0.98870814,4000070000194,-1,4000070000192,4000070000022,-1,51,0.0,0.0,0.0,17389,53.927258,12.362406,35.36454,169417,6,1,3,360.63608,-92.17003,-5.6022906,39.83241,71.10872,-0.12451447,0.05845068,0.07079787,10444704,4,289,0.021904508,57
4000070000194,40000400001737,4000070000210,4000070000000,40,1.0778745,4000070000195,-1,4000070000193,4000070000194,-1,62,4.991809,4.131152,4.991809,17389,53.748962,12.404929,35.375835,169417,6,1,3,306.60315,-88.93638,-32.567966,38.16554,71.32764,-0.07577891,0.17655131,0.16866057,10446695,4,1737,0.028559713,818
4000070000195,39000400001826,4000070000210,4000070000000,39,1.173417,4000070000196,-1,4000070000194,4000070000195,-1,66,4.733612,4.3893495,4.6475463,17389,53.592476,12.443109,35.386715,169416,6,1,3,273.33755,-83.266655,-51.578598,36.844025,70.53534,-0.11768372,0.014462373,0.19891994,10437479,4,1826,0.026461527,14
4000070000196,38000400001827,4000070000210,4000070000000,38,1.2758462,4000070000197,-1,4000070000195,4000070000196,-1,66,4.5614805,4.3032837,4.5614805,17389,53.452675,12.484529,35.409924,169416,5,1,3,249.59552,-78.194824,-69.18245,40.940067,77.20055,-0.10613423,0.0876579,0.14764614,10444704,4,1827,0.024542818,855
4000070000197,37000400001919,4000070000210,4000070000000,37,1.3857181,4000070000198,-1,4000070000196,4000070000197,-1,63,5.0778747,4.733612,5.2500057,17389,53.311916,12.529113,35.44651,169416,5,1,3,240.28482,-75.77073,-77.446396,45.97663,76.803635,-0.042938054,0.10780719,0.099400535,10444704,4,1919,0.02226589,224
4000070000198,36000400001795,4000070000210,4000070000000,36,1.5036365,4000070000199,-1,4000070000197,4000070000198,-1,68,5.2500057,5.1639404,5.2500057,17389,53.189507,12.58892,35.49269,169416,5,1,3,227.3682,-75.01191,-82.22514,47.51472,83.90309,-0.038114794,0.08378277,0.06996207,10444704,4,1795,0.02086076,526
4000070000199,35000400001778,4000070000210,4000070000000,35,1.6302707,4000070000200,-1,4000070000198,4000070000199,-1,67,5.2500057,4.6475463,5.2500057,17389,53.076977,12.650727,35.540565,169416,5,1,3,211.80235,-70.97298,-87.25361,46.733635,80.32272,-0.020694053,0.052977044,0.110639095,10437479,4,1778,0.021787293,814
4000070000200,34000400001735,4000070000210,4000070000000,34,1.766336,4000070000201,-1,4000070000199,4000070000200,-1,64,4.8196774,4.4754148,4.905743,17389,52.962814,12.675192,35.61215,169416,5,1,3,206.40129,-71.06008,-90.094086,48.433723,85.92592,0.13690177,-0.03361983,0.07193929,10439481,4,1735,0.016543807,133
4000070000201,33000400002012,4000070000210,4000070000000,33,1.9126327,4000070000202,-1,4000070000200,4000070000201,-1,53,4.991809,4.5614805,4.991809,17389,52.860737,12.728065,35.669064,169418,5,1,3,196.6929,-72.92229,-96.04022,51.58745,85.739105,0.062687926,-0.05777101,0.11210753,10439476,4,2012,0.01623498,121
4000070000202,32000400002022,4000070000210,4000070000000,32,2.0700274,4000070000203,-1,4000070000201,4000070000202,-1,51,3.8729553,3.7868896,4.131152,17389,52.738995,12.757042,35.726055,169418,5,1,4,188.99896,-75.647484,-93.40758,50.011883,88.362816,0.060880624,-0.07601607,0.18894304,10439911,4,2022,0.013601266,648
4000070000203,31000400002299,4000070000210,4000070000000,31,2.2394855,4000070000204,-1,4000070000202,4000070000203,-1,41,3.18443,3.098364,3.3565612,17388,52.642326,12.798936,35.77926,169411,5,1,4,182.30739,-69.52827,-96.1531,47.964073,80.25591,0.08161756,-0.060727112,0.19606532,10439476,4,2299,0.013686542,532
4000070000204,30000400002610,4000070000210,4000070000000,30,2.422044,4000070000205,-1,4000070000203,4000070000204,-1,35,2.4959044,2.4959044,2.5819702,17388,52.527416,12.827883,35.83289,169411,5,1,4,174.90062,-65.21942,-97.915634,44.27347,80.68174,0.076117545,-0.08737457,0.0980873,10441883,4,2610,0.012295983,516
4000070000205,29000400003350,4000070000210,4000070000000,29,2.6188614,4000070000206,-1,4000070000204,4000070000205,-1,25,2.065576,1.4631164,2.2377074,17388,52.416115,12.875082,35.889248,169411,5,1,4,173.97124,-65.96835,-88.81071,36.49526,69.07845,0.15523635,-9.1534585E-4,0.053725287,10441883,4,3350,0.012238629,810
4000070000206,28000400003673,4000070000210,4000070000000,28,2.8311827,4000070000207,-1,4000070000205,4000070000206,-1,20,1.549182,1.4631164,1.549182,17388,52.33007,12.92706,35.9349,169411,5,1,4,165.48343,-73.805046,-83.55034,33.562176,72.57944,0.13366665,-0.023858499,0.026038703,10441883,4,3673,0.009535426,911
4000070000207,27000400003573,4000070000210,4000070000000,27,3.060419,4000070000208,-1,4000070000206,4000070000207,-1,20,1.6352477,1.549182,1.7213135,17388,52.238163,12.971468,35.999783,169411,5,1,4,157.20901,-67.85994,-91.12497,42.372555,75.084755,0.08691118,-0.06263191,-0.02928315,10439911,4,3573,0.0076431716,789
4000070000208,26000400003370,4000070000210,4000070000000,26,3.3080978,4000070000209,-1,4000070000207,4000070000208,-1,20,1.8073791,1.8073791,1.8073791,17388,52.146053,13.003111,36.032276,169411,5,1,4,147.70767,-65.28654,-86.44167,44.29144,77.811485,0.057306346,-0.041899417,-0.020945074,10439909,4,3370,0.008068464,323
4000070000209,25000400002877,4000070000210,4000070000000,25,3.575905,4000070000210,-1,4000070000208,4000070000209,-1,22,1.2909851,1.2909851,1.3770508,17388,52.05102,13.042584,36.093567,169411,5,1,4,144.42358,-63.454014,-84.13762,40.14111,73.10446,0.03361558,-0.050176714,0.013193846,10441882,4,2877,0.008552569,155
4000070000210,24000400002785,4000070000210,4000070000000,24,3.8656828,-1,-1,4000070000209,4000070000210,-1,20,0.9467224,0.774591,1.1188537,17388,51.9907,13.072683,36.14585,169415,5,1,4,144.72699,-59.19454,-81.93262,31.901863,66.653534,0.0063623786,-0.020528464,0.027608912,10444709,4,2785,0.011150777,813
4000070000211,59000400001186,4000070000243,4000070000000,59,0.08928783,4000070000212,-1,4000070000003,4000070000211,4000070000248,45,4.3893495,2.3237731,3.5286925,16947,56.986946,11.406879,33.75653,169530,6,1,3,441.93887,-86.01493,-317.21228,29.136374,61.925175,-0.0499837,-0.00993663,-0.1268233,10441901,4,1186,0.022726165,397
4000070000212,58000400000400,4000070000243,4000070000000,58,0.11588337,4000070000213,-1,4000070000211,4000070000005,-1,44,0.0,0.0,0.0,16947,56.873432,11.430819,33.84371,169530,6,1,3,446.17422,-113.22798,-315.30133,31.441206,66.00874,-0.047672026,0.0062864264,-0.13723388,10441901,4,400,0.02059828,639
4000070000213,57000400002338,4000070000243,4000070000000,57,0.14438343,4000070000214,-1,4000070000212,4000070000213,-1,43,4.8196774,3.442627,4.0450864,16947,56.757607,11.461743,33.93215,169530,6,1,3,456.34744,-132.40485,-315.77762,33.372658,68.62905,-0.011352895,0.025359644,-0.10926088,10441901,4,2338,0.019581825,172
4000070000214,56000400000385,4000070000243,4000070000000,56,0.17489761,4000070000215,-1,4000070000213,4000070000007,4000070000251,44,0.0,0.0,0.0,16946,56.628014,11.507093,34.02629,169523,6,1,3,470.6197,-157.42615,-318.2056,33.296906,65.57422,0.10122856,0.00700946,0.045619573,10441901,4,385,0.02065318,481
4000070000215,55000400001501,4000070000243,4000070000000,55,0.20754863,4000070000216,-1,4000070000214,4000070000215,-1,51,7.057385,4.5614805,5.3360715,16946,56.48126,11.565453,34.12122,169523,6,1,3,482.54697,-180.3297,-316.47543,35.450035,72.5816,0.111593224,-0.034546457,0.0064541753,10441901,4,1501,0.019079085,906
4000070000216,54000400000411,4000070000243,4000070000000,54,0.24246909,4000070000217,-1,4000070000215,4000070000009,-1,48,0.0,0.0,0.0,16946,56.319813,11.62332,34.214897,169527,6,1,3,497.7971,-203.05754,-312.64978,38.15593,73.03698,0.10176929,0.015835075,-0.018081712,10441903,4,411,0.021513136,549
4000070000217,52000400000410,4000070000243,4000070000000,52,0.31970343,4000070000218,-1,4000070000216,4000070000011,-1,46,0.0,0.0,0.0,16909,55.971127,11.770533,34.40512,169637,6,1,3,514.5474,-229.91728,-268.3182,33.724064,63.506496,0.0613489,0.18614106,0.0026449766,10441903,4,410,0.02515489,455
4000070000218,51000400000371,4000070000243,4000070000000,51,0.36234027,4000070000219,-1,4000070000217,4000070000012,-1,53,0.0,0.0,0.0,16909,55.781532,11.862014,34.50331,169637,6,1,3,520.9581,-249.66405,-234.63623,35.837242,67.31903,0.19785681,0.10943827,-0.011737532,10439893,4,371,0.025826856,445
4000070000219,50000400000361,4000070000243,4000070000000,50,0.40789944,4000070000220,-1,4000070000218,4000070000013,-1,52,0.0,0.0,0.0,16909,55.576385,11.949816,34.59414,169636,6,1,3,517.7846,-258.2526,-186.49254,36.39148,71.70659,0.15545344,0.081177264,0.030147456,10439893,4,361,0.02020856,921
4000070000220,49000400000368,4000070000243,4000070000000,49,0.45657724,4000070000221,-1,4000070000219,4000070000014,-1,44,0.0,0.0,0.0,16909,55.36759,12.049813,34.65649,169636,6,1,3,506.16788,-251.94873,-132.91167,43.480152,79.876785,0.075035304,0.16147421,-0.038471222,10439893,4,368,0.015033133,367
4000070000221,48000400000367,4000070000243,4000070000000,48,0.5085914,4000070000222,-1,4000070000220,4000070000015,4000070000188,44,0.0,0.0,0.0,16909,55.165203,12.151676,34.689903,169636,6,1,3,477.407,-229.21637,-81.504524,42.900425,78.33765,0.00850219,0.06020511,-0.043980196,10441901,4,367,0.016048152,551
4000070000222,47000400000364,4000070000243,4000070000000,47,0.5641766,4000070000223,-1,4000070000221,4000070000016,4000070000160,54,0.0,0.0,0.0,16909,54.982002,12.237311,34.719013,169636,6,1,3,440.8999,-192.25523,-42.265438,38.760353,70.74758,0.10439169,0.13909313,-0.0757805,10439888,4,364,0.022552872,940
4000070000223,45000400001391,4000070000243,4000070000000,45,0.6871088,4000070000224,-1,4000070000222,4000070000223,4000070000154,71,5.4221373,4.991809,5.3360715,17394,54.621567,12.382135,34.75284,169197,6,1,3,365.604,-132.03577,-42.143673,35.320652,74.92548,-0.09993673,0.063139394,0.13007881,10441901,4,1391,0.024062464,952
4000070000224,44000400001987,4000070000243,4000070000000,44,0.75503564,4000070000225,-1,4000070000223,4000070000224,-1,63,5.3360715,4.5614805,5.3360715,17394,54.45901,12.440489,34.78211,169197,6,1,3,340.3059,-113.82155,-55.115356,42.165813,74.83933,0.06144961,0.15754862,0.048527997,10441903,4,1987,0.026177648,176
4000070000225,43000400002037,4000070000243,4000070000000,43,0.8276991,4000070000226,-1,4000070000224,4000070000225,-1,60,5.4221373,4.991809,5.4221373,17394,54.29705,12.499073,34.81064,169197,6,1,3,323.76556,-103.86828,-70.01345,39.85667,73.616684,0.108404465,0.079587355,-0.07199115,10441903,4,2037,0.022593776,997
4000070000226,42000400001915,4000070000243,4000070000000,42,0.9054624,4000070000227,-1,4000070000225,4000070000226,-1,65,5.7664,5.1639404,5.680334,17394,54.132496,12.5473585,34.82749,169197,6,1,3,318.628,-97.89676,-86.88195,40.30084,77.848175,0.1720066,-0.034790207,-0.0484498,10441903,4,1915,0.026312973,482
4000070000227,41000400001913,4000070000243,4000070000000,41,0.98870814,4000070000228,-1,4000070000226,4000070000227,-1,65,5.8524656,5.2500057,5.680334,17394,53.96952,12.594475,34.885822,169197,6,1,3,312.5958,-94.36551,-99.353424,40.646027,75.5422,0.15826343,0.037463978,0.005246451,10441904,4,1913,0.02536052,298
4000070000228,40000400001336,4000070000243,4000070000000,40,1.0778745,4000070000229,-1,4000070000227,4000070000228,4000070000267,68,5.9385314,5.4221373,5.8524656,17394,53.797043,12.650559,34.938717,169197,6,1,3,304.86035,-93.715515,-111.32422,44.691013,79.818825,0.14440733,0.01923677,0.08552443,10441905,4,1336,0.024061754,918
4000070000229,39000400001839,4000070000243,4000070000000,39,1.173417,4000070000230,-1,4000070000228,4000070000229,-1,61,5.680334,5.4221373,5.680334,17394,53.63668,12.701524,35.011944,169198,6,1,3,302.59366,-98.53811,-124.63665,44.323864,76.94864,0.15869687,-0.038934898,0.03551614,10441905,4,1839,0.020629229,224
4000070000230,38000400001341,4000070000243,4000070000000,38,1.2758462,4000070000231,-1,4000070000229,4000070000230,-1,70,5.0778747,4.905743,5.0778747,17394,53.483406,12.73649,35.08716,169198,5,1,3,284.76752,-102.20256,-125.71665,43.24416,80.255226,0.5480079,0.13689719,0.3890229,10441905,4,1341,0.026141303,39
4000070000231,37000400001647,4000070000243,4000070000000,37,1.3857181,4000070000232,-1,4000070000230,4000070000231,-1,60,5.0778747,4.6475463,5.0778747,17389,53.32936,12.784329,35.168602,169418,5,1,3,290.72946,-107.3192,-139.4321,44.437187,76.71139,0.07288054,0.01897119,-0.050553147,10441903,4,1647,0.022021286,296
4000070000232,36000400001817,4000070000243,4000070000000,36,1.5036365,4000070000233,-1,4000070000231,4000070000232,-1,60,5.1639404,4.8196774,5.3360715,17389,53.172607,12.856808,35.24276,169418,5,1,3,282.68533,-112.011986,-143.4589,43.28306,77.66763,-0.016166376,0.004206353,0.10493092,10439917,4,1817,0.019021794,914
4000070000233,35000400001884,4000070000243,4000070000000,35,1.6302707,4000070000234,-1,4000070000232,4000070000233,-1,57,4.3032837,4.0450864,4.5614805,17389,53.010834,12.9426365,35.323242,169418,5,1,3,270.7048,-117.382576,-143.24635,48.21641,80.235695,-0.05359746,-0.015903972,0.10329868,10439917,4,1884,0.018204484,291
4000070000234,34000400002102,4000070000243,4000070000000,34,1.766336,4000070000235,-1,4000070000233,4000070000234,-1,52,3.7868896,3.6147583,3.8729553,17389,52.861782,13.013376,35.39326,169418,5,1,3,265.95468,-119.46957,-140.82828,45.99251,81.27482,-0.05688316,-0.08776309,0.13652624,10441905,4,2102,0.016768897,870
4000070000235,33000400002240,4000070000243,4000070000000,33,1.9126327,4000070000236,-1,4000070000234,4000070000235,-1,47,3.5286925,3.442627,3.5286925,17388,52.720467,13.069948,35.475483,169411,5,1,3,249.64629,-115.87225,-141.25023,45.24326,77.78814,0.024323674,-0.0390016,0.13123176,10439917,4,2240,0.018292073,32
4000070000236,32000400002574,4000070000243,4000070000000,32,2.0700274,4000070000237,-1,4000070000235,4000070000236,-1,38,2.7541015,2.6680357,2.7541015,17388,52.561237,13.138958,35.563065,169411,5,1,3,253.59329,-109.45554,-136.59773,50.31502,91.70433,0.026103415,0.0665106,-8.680554E-4,10441903,4,2574,0.011362399,657
4000070000237,31000400002770,4000070000243,4000070000000,31,2.2394855,4000070000238,-1,4000070000236,4000070000237,-1,34,2.6680357,2.5819702,2.6680357,17388,52.411716,13.2003765,35.646885,169411,5,1,3,231.61661,-105.37279,-135.7012,45.428566,84.46163,-0.06265792,0.11745112,-0.17602783,10441903,4,2770,0.01341524,122
4000070000238,30000400002823,4000070000243,4000070000000,30,2.422044,4000070000239,-1,4000070000237,4000070000238,-1,31,2.1516418,2.1516418,2.1516418,17388,52.249325,13.221875,35.72211,169411,5,1,4,227.34601,-99.64328,-130.70412,40.9932,73.43965,-0.034980536,0.077319235,-0.12160795,10441900,4,2823,0.011834744,512
4000070000239,29000400003467,4000070000243,4000070000000,29,2.6188614,4000070000240,-1,4000070000238,4000070000239,-1,23,2.065576,2.065576,2.065576,17388,52.11106,13.288264,35.778797,169411,5,1,4,222.65692,-91.7907,-134.17323,42.98477,70.217804,0.035905655,-0.002447248,-0.042155135,10441908,4,3467,0.00901558,440
4000070000240,28000400002923,4000070000243,4000070000000,28,2.8311827,4000070000241,-1,4000070000239,4000070000240,-1,28,1.8073791,1.8073791,1.8934448,17388,52.004215,13.365796,35.861347,169411,5,1,4,208.53596,-90.1219,-124.20344,37.23506,67.250015,-0.0076616057,-0.019614177,0.0028424037,10441908,4,2923,0.012928447,15
4000070000241,27000400003007,4000070000243,4000070000000,27,3.060419,4000070000242,-1,4000070000240,4000070000241,-1,25,1.6352477,1.6352477,1.6352477,17388,51.89128,13.413039,35.93612,169411,5,1,4,205.09247,-90.015114,-119.60635,39.800014,70.35147,0.038028605,0.006727946,-0.025923237,10441900,4,3007,0.011028938,924
4000070000242,26000400003130,4000070000243,4000070000000,26,3.3080978,4000070000243,-1,4000070000241,4000070000242,-1,22,1.7213135,1.6352477,1.7213135,17388,51.773613,13.453984,36.014484,169411,5,1,4,196.5999,-82.617836,-118.60529,40.644665,76.9576,0.00554653,0.025912002,-0.03655567,10441907,4,3130,0.01000076,880
4000070000243,25000400002546,4000070000243,4000070000000,25,3.575905,-1,-1,4000070000242,4000070000243,-1,25,1.6352477,1.6352477,1.7213135,17388,51.665592,13.493612,36.069897,169410,5,1,4,187.92183,-79.96541,-115.33506,41.89565,74.9348,0.010390852,0.04217555,-0.040142566,10441900,4,2546,0.008975693,837