haloID,subHaloID,lastProgenitorId,treeId,snapNum,redshift,firstProgenitorId,nextProgenitorId,descendantId,firstHaloInFOFgroupId,nextHaloInFOFgroupId,np,m_Mean200,m_Crit200,m_TopHat,phKey,x,y,z,zIndex,ix,iy,iz,velX,velY,velZ,velDisp,vMax,spinX,spinY,spinZ,mostBoundID,fileNr,subhaloIndex,halfmassRadius,random
4000045000000,63000400000297,4000045000235,4000045000000,63,0.0,4000045000001,-1,-1,4000045000000,-1,4217,394.69717,313.27905,361.82007,17101,60.238552,14.624894,43.88919,171985,6,1,4,-157.49709,-115.394516,-236.1746,149.98886,275.553,-0.040552497,1.3270308,0.5891791,17485113,4,297,0.10826815,846
4000045000001,62000400000297,4000045000235,4000045000000,62,0.019932542,4000045000002,-1,4000045000000,4000045000001,-1,4205,390.47995,312.76263,358.63565,17101,60.27486,14.646302,43.933308,171985,6,1,4,-159.12231,-116.05533,-236.95486,149.8508,277.12155,-0.10362419,1.1740643,0.72723943,17484385,4,297,0.10925118,346
4000045000002,61000400000292,4000045000235,4000045000000,61,0.041403063,4000045000003,-1,4000045000001,4000045000002,-1,4123,387.12338,311.72986,356.91434,17101,60.30822,14.670511,43.986034,171991,6,1,4,-160.3702,-116.06771,-236.57982,150.82156,275.77115,-0.15140808,1.1703128,0.7544897,17485109,4,292,0.10453097,658
4000045000003,60000400000287,4000045000235,4000045000000,60,0.064493395,4000045000004,-1,4000045000002,4000045000003,-1,4089,382.47583,311.04132,352.86926,17101,60.345604,14.695484,44.045155,171991,6,1,4,-161.60039,-116.99616,-236.79883,150.96008,276.97955,-0.313865,1.1280239,0.52307135,17485103,4,287,0.104162894,985
4000045000004,59000400000307,4000045000206,4000045000000,59,0.08928783,4000045000005,4000045000207,4000045000003,4000045000004,4000045000207,4015,378.94714,309.1479,350.2873,17101,60.384274,14.720129,44.09473,171991,6,1,4,-161.57599,-118.207,-236.69304,151.93565,276.3459,-0.27645525,0.8597348,0.6437823,17484482,4,307,0.10171264,693
4000045000005,58000400000289,4000045000206,4000045000000,58,0.11588337,4000045000006,-1,4000045000004,4000045000005,-1,4030,376.45123,305.27493,347.10284,17101,60.424477,14.758745,44.15753,171991,6,1,4,-162.22841,-118.1346,-236.39967,152.43398,278.98392,-0.20957814,0.984645,0.524678,17485749,4,289,0.10300336,243
4000045000006,57000400000306,4000045000206,4000045000000,57,0.14438343,4000045000007,-1,4000045000005,4000045000006,4000045000208,3959,373.0947,305.27493,341.59464,17101,60.470757,14.788888,44.220448,171991,6,1,4,-162.92316,-117.92136,-237.73083,151.4292,275.6584,-0.2833923,1.0192,0.6287211,17485749,4,306,0.10107876,477
4000045000007,56000400000296,4000045000206,4000045000000,56,0.17489761,4000045000008,-1,4000045000006,4000045000007,4000045000209,3867,368.61926,300.28314,338.84055,17101,60.511574,14.823574,44.278683,171991,6,1,4,-164.44864,-119.238045,-239.17004,152.09264,277.39417,-0.30669367,1.0638394,0.6262033,17485109,4,296,0.09734019,596
4000045000008,55000400000300,4000045000206,4000045000000,55,0.20754863,4000045000009,-1,4000045000007,4000045000008,-1,3846,366.2955,296.49625,336.9471,17102,60.560776,14.85631,44.34889,171998,6,1,4,-163.99438,-117.61166,-237.08041,152.10199,274.82782,-0.3078139,0.9346978,0.49930474,17485749,4,300,0.0977201,404
4000045000009,54000400000300,4000045000206,4000045000000,54,0.24246909,4000045000010,-1,4000045000008,4000045000009,4000045000211,3790,361.99222,294.68887,332.64383,17102,60.612614,14.897701,44.421234,171998,6,1,4,-165.58054,-119.10902,-238.63261,153.34917,274.98367,-0.17334998,1.0253983,0.41119963,17485749,4,300,0.09744297,485
4000045000010,53000400000303,4000045000206,4000045000000,53,0.2798018,4000045000011,-1,4000045000009,4000045000010,-1,3769,355.96762,293.82822,332.55774,17102,60.666847,14.941391,44.49808,171998,6,1,4,-167.149,-118.12191,-236.65968,153.85327,275.37564,-0.36020917,0.92273915,0.470581,17485686,4,303,0.09604707,539
4000045000011,52000400000313,4000045000206,4000045000000,52,0.31970343,4000045000012,-1,4000045000010,4000045000011,4000045000213,3681,350.71762,291.41837,328.25446,17102,60.723724,14.971086,44.587124,171998,6,1,4,-168.48044,-118.1727,-235.82951,156.77353,279.98514,-0.1336919,1.0096225,0.66017056,17484435,4,313,0.09071435,980
4000045000012,51000400000297,4000045000206,4000045000000,51,0.36234027,4000045000013,-1,4000045000011,4000045000012,-1,3653,347.275,285.3077,323.693,17102,60.78468,15.019349,44.673244,171998,6,1,5,-170.23795,-116.87705,-234.7978,157.3178,278.45605,-0.38094833,1.096057,0.7372265,17485070,4,297,0.08805302,842
4000045000013,50000400000281,4000045000171,4000045000000,50,0.40789944,4000045000014,4000045000172,4000045000012,4000045000013,4000045000172,3634,343.40204,285.65198,321.19708,17102,60.848923,15.059676,44.76429,171998,6,1,5,-169.25725,-118.0062,-231.50897,157.43144,279.4119,0.3294759,1.1857003,0.55285406,17485103,4,281,0.090770595,428
4000045000014,49000400000290,4000045000171,4000045000000,49,0.45657724,4000045000015,-1,4000045000013,4000045000014,4000045000215,3571,338.2381,282.5536,319.73398,17102,60.919655,15.096236,44.862343,171998,6,1,5,-171.97423,-116.44187,-231.06024,153.99185,274.2855,-0.23644586,1.1714915,0.9482506,17485065,4,290,0.092651434,47
4000045000015,48000400000283,4000045000171,4000045000000,48,0.5085914,4000045000016,-1,4000045000014,4000045000015,4000045000174,3558,334.193,278.5085,317.4102,17097,60.990494,15.146481,44.94424,172026,6,1,5,-171.4149,-116.12234,-228.95462,152.33311,266.13718,-0.18229556,0.99430114,0.60195065,17485065,4,283,0.09326704,508
4000045000016,47000400000287,4000045000171,4000045000000,47,0.5641766,4000045000017,-1,4000045000015,4000045000016,4000045000175,3306,325.32825,279.71344,314.57004,17097,61.06294,15.176442,45.04066,172026,6,1,5,-173.73965,-117.7363,-229.65228,160.20068,277.6157,-0.5507558,0.82311666,0.6342338,17485646,4,287,0.080475,460
4000045000017,46000400000254,4000045000149,4000045000000,46,0.6235901,4000045000018,4000045000150,4000045000016,4000045000017,4000045000217,3392,318.70117,280.3159,307.8569,17097,61.138912,15.22764,45.14489,172026,6,1,5,-174.962,-118.07445,-228.32388,169.41945,289.8033,-0.49265027,0.66514546,0.6246445,17485113,4,254,0.07651512,934
4000045000018,45000400000247,4000045000120,4000045000000,45,0.6871088,4000045000019,4000045000121,4000045000017,4000045000018,4000045000177,3103,314.31183,279.97162,304.75854,17097,61.223637,15.300121,45.262794,172026,6,1,5,-178.34978,-112.76876,-231.5509,160.97134,272.6893,-0.4125181,0.57370573,0.63196164,17485653,4,247,0.07801041,45
4000045000019,44000400000215,4000045000120,4000045000000,44,0.75503564,4000045000020,-1,4000045000018,4000045000019,4000045000178,3063,304.50034,275.238,298.1315,17097,61.31316,15.358981,45.379387,172026,6,1,5,-176.27501,-113.12906,-228.15472,162.53876,273.79663,0.0017731643,0.45079836,0.21860887,17485653,4,215,0.076177984,977
4000045000020,43000400000220,4000045000120,4000045000000,43,0.8276991,4000045000021,-1,4000045000019,4000045000020,4000045000179,2968,283.3282,254.75438,275.84048,17097,61.39766,15.425575,45.49239,172026,6,1,5,-177.01924,-115.28352,-220.60086,167.50064,280.15067,0.268563,0.5032353,0.3568885,17484435,4,220,0.070257366,99
4000045000021,42000400000225,4000045000120,4000045000000,42,0.9054624,4000045000022,-1,4000045000020,4000045000021,4000045000154,2762,270.41833,245.54536,265.85687,17097,61.488865,15.512731,45.600708,172026,6,1,5,-183.01964,-108.95005,-218.57741,166.95694,280.21655,-0.0054995576,0.2054017,0.37929192,17485636,4,225,0.06641376,124
4000045000022,41000400000221,4000045000120,4000045000000,41,0.98870814,4000045000023,-1,4000045000021,4000045000022,4000045000155,2689,259.05768,233.84042,256.56177,17097,61.59175,15.569841,45.714817,172027,6,1,5,-187.91982,-107.814026,-213.21245,159.04755,271.31552,0.119337395,0.759154,0.120339245,17485643,4,221,0.068946645,605
4000045000023,40000400000212,4000045000110,4000045000000,40,1.0778745,4000045000024,4000045000111,4000045000022,4000045000023,4000045000125,2456,239.86502,215.8527,237.54126,17097,61.690014,15.623832,45.83825,172027,6,1,5,-191.29263,-99.28524,-205.32413,154.97594,262.936,-0.44815496,1.176586,0.10140158,17485376,4,212,0.06641973,973
4000045000024,39000400000192,4000045000110,4000045000000,39,1.173417,4000045000025,-1,4000045000023,4000045000024,4000045000126,2457,227.21338,207.24614,225.75026,16822,61.78415,15.681908,45.9503,179053,6,1,5,-181.8055,-96.94373,-203.13821,158.53679,266.42288,-0.9896084,1.1262553,0.16875044,17484435,4,192,0.06451235,489
4000045000025,38000400000219,4000045000110,4000045000000,38,1.2758462,4000045000026,-1,4000045000024,4000045000025,4000045000127,2424,225.57812,206.72974,225.57812,16822,61.885727,15.72022,46.071045,179053,6,1,5,-171.14963,-91.368195,-197.73486,162.09787,266.37497,-0.76811665,1.5937253,0.17544444,17485688,4,219,0.06413396,133
4000045000026,37000400000179,4000045000110,4000045000000,37,1.3857181,4000045000027,-1,4000045000025,4000045000026,4000045000128,2364,217.05762,203.11499,218.17648,16822,61.96858,15.756128,46.191887,179053,6,1,5,-164.75717,-87.493675,-186.23894,165.76949,271.13235,-0.082640834,1.3896412,0.2525078,17484436,4,179,0.06085455,876
4000045000027,36000400000177,4000045000110,4000045000000,36,1.5036365,4000045000028,-1,4000045000026,4000045000027,4000045000129,2234,212.15189,201.47974,213.70107,16822,62.047256,15.811173,46.273846,179053,6,1,5,-162.4053,-89.002945,-175.20688,169.00111,272.72458,-0.05571618,1.2843959,0.14949724,17485150,4,177,0.05751174,359
4000045000028,35000400000148,4000045000110,4000045000000,35,1.6302707,4000045000029,-1,4000045000027,4000045000028,4000045000130,2174,195.19695,182.63135,197.77892,16822,62.155857,15.858705,46.34551,179053,6,1,5,-157.15895,-100.23591,-169.21053,168.48158,272.35828,-0.24409601,0.9177692,0.4628489,17485159,4,148,0.054521583,243
4000045000029,34000400000110,4000045000095,4000045000000,34,1.766336,4000045000030,4000045000096,4000045000028,4000045000029,4000045000131,2125,177.81168,167.65593,181.5125,16822,62.220825,15.93483,46.458633,179053,6,1,5,-159.87088,-102.39821,-164.7648,159.27339,260.5431,-0.21632239,0.45343897,0.58354986,17485645,4,110,0.060892075,662
4000045000030,33000400000131,4000045000079,4000045000000,33,1.9126327,4000045000031,4000045000080,4000045000029,4000045000030,4000045000080,1953,169.11905,162.31985,172.992,16822,62.299667,16.006618,46.58726,179053,6,1,5,-153.4957,-111.90831,-163.88895,160.74545,259.40927,-0.25072795,-0.30383205,-0.02489305,17485645,4,131,0.056622922,768
4000045000031,32000400000111,4000045000079,4000045000000,32,2.0700274,4000045000032,-1,4000045000030,4000045000031,4000045000081,1898,167.2256,164.04117,169.7215,16822,62.380337,16.088007,46.675842,179053,6,1,5,-156.64944,-103.98358,-158.58083,176.88556,274.31458,-0.104229294,-0.54361147,-0.110380925,17485699,4,111,0.048754018,195
4000045000032,31000400000104,4000045000079,4000045000000,31,2.2394855,4000045000033,-1,4000045000031,4000045000032,-1,1683,152.33624,147.1723,154.74608,16822,62.467987,16.158516,46.71305,179053,6,1,5,-153.20148,-100.57107,-155.81464,186.7395,288.73315,-0.15478675,-0.52908653,-0.18045525,17485124,4,104,0.037985183,233
4000045000033,30000400000105,4000045000079,4000045000000,30,2.422044,4000045000034,-1,4000045000032,4000045000033,4000045000082,1516,127.72146,122.729645,133.1436,29385,0.07601636,16.24023,46.742477,141604,0,1,5,-148.2897,-123.85487,-138.18547,155.54614,250.4866,0.17939188,0.0066764117,-0.46516395,17485645,4,105,0.04784138,541
4000045000034,29000400000081,4000045000073,4000045000000,29,2.6188614,4000045000035,4000045000074,4000045000033,4000045000034,4000045000083,1244,93.123055,90.885345,97.08208,29385,0.16688214,16.325169,46.8249,141604,0,1,5,-145.15985,-138.09688,-137.49951,143.14603,235.11548,0.7306658,0.73432136,-0.3226319,17485644,4,81,0.044543564,447
4000045000035,28000700000076,4000045000073,4000045000000,28,2.8311827,4000045000036,-1,4000045000034,4000045000035,-1,1035,85.20502,83.31157,87.184525,29110,0.24728104,16.399899,46.9126,155648,0,1,5,-142.55438,-129.02339,-128.87025,154.56181,243.37242,1.0353996,0.72228646,-0.36496902,17485124,7,76,0.033455316,725
4000045000036,27000700000062,4000045000073,4000045000000,27,3.060419,4000045000037,-1,4000045000035,4000045000036,-1,955,77.80337,76.082054,81.33206,29110,0.34155282,16.474491,46.973785,155648,0,1,5,-146.67964,-119.52139,-132.73752,152.02318,241.94104,1.0382134,0.6587013,-0.38285387,17484437,7,62,0.031513754,86
4000045000037,26000700000053,4000045000065,4000045000000,26,3.3080978,4000045000038,4000045000066,4000045000036,4000045000037,4000045000066,799,62.139416,61.45089,64.11893,29110,0.4150019,16.532166,47.030697,155648,0,1,5,-144.02527,-102.26593,-114.52198,145.66809,232.72083,0.78923655,0.7413966,-0.5415043,17485652,7,53,0.027854528,0
4000045000038,25000700000063,4000045000065,4000045000000,25,3.575905,4000045000039,-1,4000045000037,4000045000038,-1,677,54.737766,53.791046,56.545147,29110,0.50844693,16.538702,47.076023,155648,0,1,5,-150.42114,-87.266205,-118.33248,140.32877,226.16801,0.64387983,0.40215486,-0.5776833,17486149,7,63,0.028126024,442
4000045000039,24000700000060,4000045000057,4000045000000,24,3.8656828,4000045000040,4000045000058,4000045000038,4000045000039,4000045000058,535,43.893494,43.54923,44.668083,29110,0.6196392,16.60726,47.099888,155650,0,1,5,-164.8541,-76.32002,-121.892044,139.98398,223.33713,0.22771215,0.20490937,-0.48892924,17484437,7,60,0.020152736,955
4000045000040,23000700000068,4000045000057,4000045000000,23,4.1794686,4000045000041,-1,4000045000039,4000045000040,-1,446,35.459057,35.37299,37.266438,29110,0.706883,16.641619,47.102066,155650,0,1,5,-164.98775,-70.53883,-120.33666,136.69801,210.13904,0.2556491,0.054873973,-0.02773829,17485648,7,68,0.018976972,238
4000045000041,22000700000060,4000045000053,4000045000000,22,4.5195556,4000045000042,4000045000054,4000045000040,4000045000041,-1,370,30.381182,30.209051,31.069708,29110,0.81190455,16.655575,47.156532,155650,0,1,5,-148.44785,-68.59584,-105.09353,132.50061,211.56628,0.1743154,0.33747077,-0.20467617,17486213,7,60,0.016813196,862
4000045000042,21000700000055,4000045000053,4000045000000,21,4.888449,4000045000043,-1,4000045000041,4000045000042,-1,316,25.819702,25.733635,27.02462,29110,0.8826984,16.69861,47.241844,155650,0,1,5,-137.0395,-69.99963,-113.012054,128.23674,200.17686,0.41157234,0.50995696,-0.16548531,17485636,7,55,0.01556499,69
4000045000043,20000700000041,4000045000053,4000045000000,20,5.2888336,4000045000044,-1,4000045000042,4000045000043,-1,315,17.557398,17.557398,18.073792,29110,0.9339226,16.772675,47.315468,155650,0,1,5,-143.2327,-72.76698,-104.66445,110.421135,176.36266,0.26265135,0.288297,-0.16967246,17485666,7,41,0.019148305,726
4000045000044,19000700000050,4000045000049,4000045000000,19,5.7238646,4000045000045,4000045000050,4000045000043,4000045000044,-1,176,13.426245,13.426245,13.856573,29110,0.95931417,16.827616,47.41143,155650,0,1,5,-87.62636,-90.767845,-109.50196,112.34146,180.38048,0.017416585,-0.27059972,-0.1446586,17485158,7,50,0.010339177,379
4000045000045,18000700000056,4000045000049,4000045000000,18,6.1968336,4000045000046,-1,4000045000044,4000045000045,-1,127,11.274603,11.274603,11.360668,29110,1.0200667,16.865076,47.47635,155651,0,1,5,-80.03851,-68.08574,-111.56786,131.98886,198.05252,0.14778899,-0.19753121,-0.13984439,17485648,7,56,0.006282865,402
4000045000046,17000700000049,4000045000049,4000045000000,17,6.7115865,4000045000047,-1,4000045000045,4000045000046,-1,106,6.885254,6.885254,7.2295165,29110,1.072278,16.885265,47.538727,155651,0,1,5,-91.32858,-62.292103,-114.25303,91.257675,146.01347,0.0874847,-0.14605342,-0.1805814,17485648,7,49,0.010628948,127
4000045000047,16000700000067,4000045000049,4000045000000,16,7.272188,4000045000048,-1,4000045000046,4000045000047,-1,62,1.549182,1.549182,2.065576,29110,1.080054,16.89053,47.552376,155651,0,1,5,-90.17615,-55.703575,-134.13692,69.63097,103.23707,0.24586654,-0.28545508,-0.08473146,17485641,7,67,0.011587378,127
4000045000048,15000700000077,4000045000048,4000045000000,15,7.8832035,-1,4000045000049,4000045000047,4000045000048,-1,41,1.6352477,1.6352477,1.6352477,29110,1.1089817,16.952118,47.612648,155651,0,1,5,-32.05279,-32.141003,-82.91193,55.58273,101.23167,0.02869853,0.04237027,-0.007423525,17485682,7,77,0.008679503,376
4000045000049,15000700000156,4000045000049,4000045000000,15,7.8832035,-1,-1,4000045000047,4000045000049,-1,27,1.032788,1.032788,1.3770508,29110,1.2563826,17.037289,47.81575,155651,0,1,5,-133.04956,-86.88255,-142.0975,57.135498,94.62957,-0.09035978,0.03236181,0.013625135,17485158,7,156,0.006935874,201
4000045000050,19000700000319,4000045000053,4000045000000,19,5.7238646,4000045000051,-1,4000045000043,4000045000050,-1,45,4.3893495,4.0450864,4.4754148,29110,1.155286,16.709202,47.224438,155651,0,1,5,-229.2556,-2.9326448,-77.50631,59.704773,109.75808,0.0108920615,-0.05734282,0.026785852,17485352,7,319,0.009194407,253
4000045000051,18000700000109,4000045000053,4000045000000,18,6.1968336,4000045000052,-1,4000045000050,4000045000051,-1,80,2.1516418,2.1516418,2.3237731,29110,1.2709063,16.731339,47.214783,155651,0,1,5,-195.59052,-50.675697,-70.56896,68.73887,106.80733,-0.45932633,-0.17698821,-0.085358724,17485352,7,109,0.014599429,559
4000045000052,17000700000366,4000045000053,4000045000000,17,6.7115865,4000045000053,-1,4000045000051,4000045000052,-1,27,2.1516418,2.1516418,2.2377074,29110,1.3700591,16.721039,47.27246,155651,0,1,5,-188.73277,1.6791393,-74.58511,58.93422,98.406136,-0.011159128,0.052208338,0.030310977,17485131,7,366,0.0059677684,734
4000045000053,16000700000297,4000045000053,4000045000000,16,7.272188,-1,-1,4000045000052,4000045000053,-1,25,1.2049193,1.2049193,1.2049193,29110,1.4507335,16.698784,47.326565,155651,0,1,5,-193.43503,-16.143707,-81.24341,54.583076,91.033585,-0.048651084,0.078051366,0.03852141,17485351,7,297,0.0067864973,902
4000045000054,22000700001064,4000045000057,4000045000000,22,4.5195556,4000045000055,-1,4000045000040,4000045000054,-1,30,1.8073791,1.8073791,1.9795104,29110,0.86370206,16.52073,47.33116,155648,0,1,5,-217.63048,79.389786,-177.31566,47.080647,92.281586,-0.11823174,-0.060921084,-0.044916026,17485096,7,1064,0.008964206,135
4000045000055,21000700001569,4000045000057,4000045000000,21,4.888449,4000045000056,-1,4000045000054,4000045000055,-1,21,1.7213135,1.7213135,1.7213135,29110,0.96721756,16.471422,47.437675,155648,0,1,5,-193.54909,42.82877,-166.91765,39.287235,83.44594,0.0045732777,0.027739901,-0.002078378,17485097,7,1569,0.006381189,739
4000045000056,20000700001410,4000045000057,4000045000000,20,5.2888336,4000045000057,-1,4000045000055,4000045000056,-1,20,1.032788,1.032788,1.2049193,29110,1.0585762,16.429169,47.53311,155649,0,1,5,-186.59962,24.277939,-144.62514,40.84844,75.284065,-0.015443306,-0.016758552,0.034744464,17485207,7,1410,0.008251297,465
4000045000057,19000700000921,4000045000057,4000045000000,19,5.7238646,-1,-1,4000045000056,4000045000057,-1,21,0.774591,0.774591,0.86065674,29110,1.1810031,16.425106,47.601116,155649,0,1,5,-175.11836,13.36818,-137.5091,32.14795,70.829185,-0.051644035,0.0363961,-0.03184282,17485173,7,921,0.0102616595,436
4000045000058,24000700000061,4000045000065,4000045000000,24,3.8656828,4000045000059,-1,4000045000038,4000045000039,-1,43,0.0,0.0,0.0,29110,0.5211318,16.802504,47.161953,155650,0,1,5,31.093275,-194.29561,-67.99956,63.194187,110.16017,0.013527514,-0.0915829,0.015695196,17485723,7,61,0.0068202014,795
4000045000059,23000700000502,4000045000065,4000045000000,23,4.1794686,4000045000060,-1,4000045000058,4000045000059,-1,71,4.3893495,4.3893495,4.3893495,29110,0.51675546,16.88626,47.189743,155650,0,1,5,15.5751505,-139.57428,-66.521286,63.8312,106.65021,0.022648074,0.012782434,0.40753227,17486129,7,502,0.012345964,464
4000045000060,22000700000628,4000045000065,4000045000000,22,4.5195556,4000045000061,-1,4000045000059,4000045000060,-1,55,3.098364,3.098364,3.5286925,29110,0.5118458,16.954138,47.202297,155650,0,1,5,17.762527,-89.4321,-68.429535,56.592667,99.55175,0.08266216,-0.07840561,0.05440146,17486129,7,628,0.011312014,772
4000045000061,21000700000642,4000045000065,4000045000000,21,4.888449,4000045000062,-1,4000045000060,4000045000061,-1,45,1.9795104,1.9795104,2.065576,29110,0.5158262,16.994286,47.227158,155650,0,1,5,15.565479,-84.48212,-72.2977,56.4105,93.72779,0.06881966,-0.034804594,-0.06422431,17485726,7,642,0.012105353,941
4000045000062,20000700000762,4000045000065,4000045000000,20,5.2888336,4000045000063,-1,4000045000061,4000045000062,-1,32,2.3237731,2.3237731,2.4959044,29110,0.4830024,17.026104,47.2801,155650,0,1,5,3.6750743,-73.59146,-72.67669,67.032776,118.77533,0.026111415,-0.15106662,0.08443282,17486127,7,762,0.0055091176,512
4000045000063,19000700000720,4000045000065,4000045000000,19,5.7238646,4000045000064,-1,4000045000062,4000045000063,-1,26,2.3237731,2.3237731,2.4098387,29110,0.4607904,17.075848,47.32088,155650,0,1,5,0.21961318,-81.088806,-75.732506,58.74051,97.89963,-0.07032899,-0.063410096,0.016894415,17486134,7,720,0.005655219,34
4000045000064,18000700000741,4000045000065,4000045000000,18,6.1968336,4000045000065,-1,4000045000063,4000045000064,-1,22,1.4631164,1.4631164,1.4631164,29110,0.48531258,17.10527,47.376076,155650,0,1,5,-1.9200262,-70.73392,-82.60899,52.08772,88.17581,-0.051404983,-0.07551273,0.017887807,17486030,7,741,0.0061216406,321
4000045000065,17000700000510,4000045000065,4000045000000,17,6.7115865,-1,-1,4000045000064,4000045000065,-1,23,0.9467224,0.9467224,0.9467224,29110,0.48987085,17.122623,47.390713,155650,0,1,5,-5.3092904,-67.42181,-74.09231,43.99113,78.50487,-0.01540914,-0.11383845,0.070259236,17486030,7,510,0.008973755,279
4000045000066,26000700000054,4000045000073,4000045000000,26,3.3080978,4000045000067,-1,4000045000036,4000045000037,-1,47,0.0,0.0,0.0,29110,0.28311282,16.682362,47.186993,155650,0,1,5,-22.31083,-272.1829,-209.36601,53.196438,89.72469,0.226487,-0.070029445,0.09365283,17486403,7,54,0.012013305,542
4000045000067,25000700000828,4000045000073,4000045000000,25,3.575905,4000045000068,-1,4000045000066,4000045000067,-1,65,4.0450864,4.0450864,4.4754148,29110,0.3082319,16.829685,47.293,155650,0,1,5,-44.28705,-233.93457,-176.17209,54.28146,94.605515,0.2999288,0.068304986,0.08019138,17486107,7,828,0.016275052,764
4000045000068,24000700000602,4000045000073,4000045000000,24,3.8656828,4000045000069,-1,4000045000067,4000045000068,-1,67,3.7008238,3.6147583,3.9590209,29110,0.33463886,16.962276,47.358192,155650,0,1,5,-61.174507,-210.43707,-151.14362,53.68952,93.1454,0.20557839,0.033085577,-0.032636166,17486110,7,602,0.017179621,984
4000045000069,23000700000670,4000045000073,4000045000000,23,4.1794686,4000045000070,-1,4000045000068,4000045000069,-1,53,4.8196774,4.8196774,4.905743,29110,0.34437734,17.073957,47.46586,155650,0,1,5,-52.334587,-196.22227,-134.68199,55.816,97.41445,0.22679143,-0.13452628,0.1427082,17486107,7,670,0.013895668,806
4000045000070,22000700000725,4000045000073,4000045000000,22,4.5195556,4000045000071,-1,4000045000069,4000045000070,-1,49,1.032788,1.032788,1.032788,29110,0.37282076,17.191744,47.6036,155650,0,1,5,-52.848522,-174.87177,-123.66499,56.94658,84.92318,0.1686302,-0.023229746,0.17944713,17486110,7,725,0.015235708,699
4000045000071,21000700001570,4000045000073,4000045000000,21,4.888449,4000045000072,-1,4000045000070,4000045000071,-1,22,2.4959044,2.065576,2.5819702,29110,0.37755126,17.311447,47.616764,155650,0,1,5,-49.114395,-205.72414,-118.55776,60.548214,95.95674,-0.032747637,-0.061475676,0.09063368,17486107,7,1570,0.0052621393,207
4000045000072,20000700000589,4000045000073,4000045000000,20,5.2888336,4000045000073,-1,4000045000071,4000045000072,-1,39,1.3770508,1.3770508,1.4631164,29110,0.42622504,17.41993,47.693714,155650,0,1,5,-39.927723,-152.49983,-104.0051,54.90202,81.91237,0.2262413,-0.16413985,0.23249581,17486106,7,589,0.012517833,852
4000045000073,19000700001042,4000045000073,4000045000000,19,5.7238646,-1,-1,4000045000072,4000045000073,-1,20,0.9467224,0.9467224,0.9467224,29110,0.457058,17.509523,47.77918,155650,0,1,5,-65.82437,-161.58113,-110.15449,44.5,74.04791,-0.0030782693,-0.0018495455,0.048606686,17486414,7,1042,0.0077003106,801
4000045000074,29000400000083,4000045000079,4000045000000,29,2.6188614,4000045000075,-1,4000045000033,4000045000034,-1,20,0.0,0.0,0.0,20041,62.48952,16.476152,47.038933,193097,6,1,5,-42.172283,-284.47726,-256.69644,35.12529,54.617996,-0.101143226,-0.059866305,0.0049028466,17482227,4,83,0.014113635,864
4000045000075,28000400001916,4000045000079,4000045000000,28,2.8311827,4000045000076,-1,4000045000074,4000045000075,-1,36,1.4631164,1.4631164,1.6352477,29110,0.00781582,16.670673,47.223545,155650,0,1,5,-76.001236,-245.65755,-224.20268,34.757446,62.984516,-0.01980898,-0.21084566,-0.06758056,17482231,4,1916,0.019975282,682
4000045000076,27000400001346,4000045000079,4000045000000,27,3.060419,4000045000077,-1,4000045000075,4000045000076,-1,47,1.8934448,0.9467224,2.2377074,29110,0.0506771,16.79813,47.32943,155650,0,1,5,-85.70481,-233.06381,-210.46352,35.176544,69.74218,0.21263903,-0.04335543,-0.038913768,17481980,4,1346,0.01886123,641
4000045000077,26000700001219,4000045000079,4000045000000,26,3.3080978,4000045000078,-1,4000045000076,4000045000077,-1,41,1.4631164,1.4631164,1.4631164,29110,0.11145823,16.891521,47.409554,155650,0,1,5,-92.14808,-219.79059,-189.9825,40.16956,65.30646,0.24619362,0.27612725,-0.109882765,17481982,7,1219,0.023080217,215
4000045000078,25000700001446,4000045000078,4000045000000,25,3.575905,-1,4000045000079,4000045000077,4000045000078,-1,25,0.6885254,0.6885254,1.4631164,29110,0.17338267,17.007421,47.54409,155650,0,1,5,-100.34463,-207.50896,-182.83347,37.20231,57.824276,0.13491498,0.050034042,-0.05265757,17482231,7,1446,0.016533427,548
4000045000079,25000700002194,4000045000079,4000045000000,25,3.575905,-1,-1,4000045000077,4000045000079,-1,20,0.86065674,0.86065674,0.9467224,29110,0.14619884,17.076548,47.70562,155650,0,1,5,-90.77026,-218.7299,-171.5875,38.206543,58.748726,0.3208554,0.25560242,0.04482015,17486380,7,2194,0.012054667,969
4000045000080,33000400000132,4000045000095,4000045000000,33,1.9126327,4000045000081,-1,4000045000029,4000045000030,-1,34,0.0,0.0,0.0,16822,62.347145,16.016764,46.429802,179053,6,1,5,-128.2905,-204.02304,8.693584,54.24905,87.373276,-0.06320395,0.085178435,-0.042022742,17483296,4,132,0.010402189,736
4000045000081,32000400000112,4000045000095,4000045000000,32,2.0700274,4000045000082,-1,4000045000080,4000045000031,-1,28,0.0,0.0,0.0,16822,62.401203,16.134432,46.476295,179053,6,1,5,-111.07119,-188.2152,-175.37213,51.35538,80.30672,-0.06387433,0.11935238,-0.08592529,17483202,4,112,0.009761125,14
4000045000082,30000400000106,4000045000095,4000045000000,30,2.422044,4000045000083,-1,4000045000081,4000045000033,-1,73,0.0,0.0,0.0,29110,0.04868125,16.151352,46.903343,155648,0,1,5,-183.82558,111.45473,-323.98346,88.55727,145.28656,-0.0040764394,-0.08023548,-0.007837021,17483193,4,106,0.008327315,284
4000045000083,29000400000082,4000045000095,4000045000000,29,2.6188614,4000045000084,-1,4000045000082,4000045000034,4000045000074,163,0.0,0.0,0.0,29110,0.16681767,16.129858,47.063404,155648,0,1,5,-203.27046,62.848297,-267.86554,99.9728,157.72809,-0.00921688,-0.058233935,-0.025546309,17483223,4,82,0.013404132,22
4000045000084,28000700000278,4000045000095,4000045000000,28,2.8311827,4000045000085,-1,4000045000083,4000045000084,-1,252,23.323797,22.979534,24.184454,29110,0.29871717,16.087961,47.202103,155648,0,1,5,-210.83119,39.35318,-230.00131,89.88791,151.26022,-0.19794601,-0.38886577,-0.008421013,17483202,7,278,0.022621885,219
4000045000085,27000700000298,4000045000095,4000045000000,27,3.060419,4000045000086,-1,4000045000084,4000045000085,-1,188,19.106579,18.418055,19.967236,29110,0.41263378,16.08309,47.332783,155648,0,1,5,-217.75,18.2308,-214.85046,83.580444,142.02975,0.05583325,-0.17715353,-0.1461785,17483298,7,298,0.018743603,766
4000045000086,26000700000306,4000045000095,4000045000000,26,3.3080978,4000045000087,-1,4000045000085,4000045000086,-1,184,16.438543,16.438543,16.438543,29110,0.5286072,16.071947,47.435177,155648,0,1,5,-197.9835,-0.65825665,-198.04576,91.93894,152.334,0.04362969,-0.21007478,-0.069474794,17483298,7,306,0.015505012,32
4000045000087,25000700000268,4000045000095,4000045000000,25,3.575905,4000045000088,-1,4000045000086,4000045000087,-1,177,14.200836,13.598376,14.71723,29110,0.63729745,16.06941,47.532887,155648,0,1,5,-184.11894,-2.9756575,-186.1542,97.30569,162.70862,0.0014967789,-0.07797148,-0.12200547,17483188,7,268,0.014453337,415
4000045000088,24000700000243,4000045000095,4000045000000,24,3.8656828,4000045000089,-1,4000045000087,4000045000088,-1,159,10.93034,10.758209,11.790997,29110,0.7435973,16.063143,47.635662,155648,0,1,5,-176.62997,-6.640352,-179.23843,78.363815,136.38667,0.062445335,0.022331098,-0.12002207,17483298,7,243,0.017081788,315
4000045000089,23000700000294,4000045000095,4000045000000,23,4.1794686,4000045000090,-1,4000045000088,4000045000089,-1,113,9.122961,8.778699,9.381158,29110,0.8685756,16.06861,47.7173,155648,0,1,5,-184.58566,5.1618023,-161.76115,78.492805,134.43622,0.08228215,-0.022487544,-0.024123145,17483188,7,294,0.012972011,207
4000045000090,22000700000299,4000045000095,4000045000000,22,4.5195556,4000045000091,-1,4000045000089,4000045000090,-1,96,8.9508295,8.778699,9.036896,29110,0.9560162,16.072678,47.801914,155648,0,1,5,-171.17111,0.1797873,-146.83705,86.060936,140.73683,0.070225194,-0.10083135,-0.012092427,17483186,7,299,0.009930182,351
4000045000091,21000700000267,4000045000095,4000045000000,21,4.888449,4000045000092,-1,4000045000090,4000045000091,-1,86,7.2295165,7.1434507,7.2295165,29110,1.0229077,16.07472,47.898415,155653,0,1,5,-159.05461,-2.7795389,-154.04285,95.11948,152.4932,0.014358901,-0.11372582,0.02112292,17483194,7,267,0.007293154,842
4000045000092,20000700000211,4000045000095,4000045000000,20,5.2888336,4000045000093,-1,4000045000091,4000045000092,-1,86,4.3032837,4.3032837,4.733612,29110,1.0736606,16.112543,47.993633,155653,0,1,5,-150.7435,-4.8845305,-148.147,69.99151,115.26433,0.09415194,-0.18070562,0.08020782,17483188,7,211,0.013426145,917
4000045000093,19000700000206,4000045000095,4000045000000,19,5.7238646,4000045000094,-1,4000045000092,4000045000093,-1,67,1.9795104,1.9795104,2.3237731,29110,1.1800323,16.124247,48.030247,155653,0,1,5,-142.62938,-5.549436,-145.07507,59.737156,99.27265,0.06319389,-0.22428356,0.05293583,17483223,7,206,0.013887073,712
4000045000094,18000700000318,4000045000095,4000045000000,18,6.1968336,4000045000095,-1,4000045000093,4000045000094,-1,40,1.7213135,1.7213135,1.7213135,29110,1.2533256,16.116587,48.109024,155653,0,1,5,-141.00627,-22.61214,-158.37614,53.186985,92.64424,0.08976309,-0.16712305,-0.025939902,17483223,7,318,0.012383874,856
4000045000095,16000700000412,4000045000095,4000045000000,16,7.272188,-1,-1,4000045000094,4000045000095,-1,20,1.3770508,1.3770508,1.3770508,29110,1.3711321,16.162655,48.389584,155653,0,1,5,-136.88722,-37.40328,-168.54323,56.71474,94.865166,-0.03809482,-0.0010342553,-0.05018518,17483187,7,412,0.004524275,574
4000045000096,34000400000112,4000045000110,4000045000000,34,1.766336,4000045000097,-1,4000045000028,4000045000029,-1,20,0.0,0.0,0.0,16822,62.362244,15.791406,46.340576,179053,6,1,5,-415.25415,160.84148,-145.542,36.57857,64.24553,-0.008650565,-0.04146297,-0.032546315,19420925,4,112,0.013571589,765
4000045000097,33000400001447,4000045000110,4000045000000,33,1.9126327,4000045000098,-1,4000045000096,4000045000097,-1,75,6.4549255,6.1106625,6.7131224,29385,0.061436746,15.727282,46.447712,141604,0,1,5,-353.83026,107.93767,-169.12408,55.812527,94.59832,-0.1718458,-0.18059322,0.020369845,19422548,4,1447,0.015717616,210
4000045000098,32000700001351,4000045000110,4000045000000,32,2.0700274,4000045000099,-1,4000045000097,4000045000098,-1,74,5.508203,5.508203,5.594269,29385,0.2519955,15.690306,46.575703,141604,0,1,5,-313.57306,74.32448,-176.54608,55.953068,95.04021,-0.21741822,-0.23722522,0.03253468,19420935,7,1351,0.016169773,664
4000045000099,31000700001687,4000045000110,4000045000000,31,2.2394855,4000045000100,-1,4000045000098,4000045000099,-1,55,3.7008238,3.5286925,3.7008238,29385,0.41888458,15.65882,46.69591,141604,0,1,5,-295.19553,51.026104,-179.28961,50.55359,79.419815,-0.28030333,0.025645833,-0.047564615,19422543,7,1687,0.017568145,620
4000045000100,30000700003058,4000045000107,4000045000000,30,2.422044,4000045000101,4000045000108,4000045000099,4000045000100,-1,25,2.1516418,2.1516418,2.1516418,32054,0.60369927,15.6192465,46.851536,134582,0,1,5,-279.50586,58.36992,-213.05128,34.014584,65.256714,0.16743183,-0.079222925,-0.04365359,19422543,7,3058,0.013211817,982
4000045000101,29000700003281,4000045000107,4000045000000,29,2.6188614,4000045000102,-1,4000045000100,4000045000101,-1,24,1.8934448,1.8934448,1.8934448,32329,0.75629467,15.590331,46.94688,148626,0,1,5,-273.12234,52.864258,-200.65587,38.776283,78.06968,0.109338604,-0.066167966,0.005947297,19422536,7,3281,0.008097668,999
4000045000102,28000700003090,4000045000107,4000045000000,28,2.8311827,4000045000103,-1,4000045000101,4000045000102,-1,24,1.7213135,1.7213135,1.7213135,32329,0.9026328,15.573273,47.07546,148626,0,1,5,-253.57588,47.878693,-185.84773,35.383923,68.931656,0.19024414,-0.13317725,-0.09041964,19422549,7,3090,0.011073789,39
4000045000103,27000700002232,4000045000107,4000045000000,27,3.060419,4000045000104,-1,4000045000102,4000045000103,-1,27,2.2377074,2.2377074,2.3237731,32329,1.0161611,15.514513,47.1643,148627,0,1,5,-245.51538,43.115078,-183.72313,40.107178,68.37322,0.20311387,-0.104761295,-0.020977713,19420923,7,2232,0.014357255,403
4000045000104,26000700002259,4000045000107,4000045000000,26,3.3080978,4000045000105,-1,4000045000103,4000045000104,-1,28,2.065576,2.065576,2.4959044,32329,1.1477885,15.496479,47.27846,148627,0,1,5,-228.80966,35.58254,-181.06786,42.97459,76.3053,0.24451236,-0.0863077,-0.027993513,19422534,7,2259,0.011855829,688
4000045000105,25000700002359,4000045000107,4000045000000,25,3.575905,4000045000106,-1,4000045000104,4000045000105,-1,26,1.8073791,1.6352477,1.9795104,32329,1.3028297,15.462991,47.392323,148627,0,1,5,-220.01976,36.041195,-172.13939,44.16781,72.13826,0.21529528,-0.093165584,-0.097913116,19420908,7,2359,0.0121896155,813
4000045000106,24000700002034,4000045000107,4000045000000,24,3.8656828,4000045000107,-1,4000045000105,4000045000106,-1,27,1.549182,1.549182,1.7213135,32329,1.417441,15.463477,47.434097,148627,0,1,5,-215.87709,34.220413,-173.86153,45.213985,72.8677,0.17670035,-0.08670355,-0.07621119,19420908,7,2034,0.011314425,523
4000045000107,23000700002021,4000045000107,4000045000000,23,4.1794686,-1,-1,4000045000106,4000045000107,-1,24,1.2049193,1.2049193,1.2909851,32329,1.5414907,15.418549,47.5455,148627,0,1,5,-209.21614,29.93364,-168.73952,43.732822,70.83732,0.17585862,-0.0976479,-0.10387112,19422550,7,2021,0.010324668,880
4000045000108,30000700002591,4000045000110,4000045000000,30,2.422044,4000045000109,-1,4000045000099,4000045000108,-1,31,1.7213135,1.6352477,1.8073791,29385,0.6112952,15.637008,46.691895,141604,0,1,5,-283.4085,27.752596,-136.74513,42.01124,66.88148,-0.17703006,0.11290294,0.04047607,19420929,7,2591,0.014947544,577
4000045000109,29000700003883,4000045000110,4000045000000,29,2.6188614,4000045000110,-1,4000045000108,4000045000109,-1,20,1.6352477,1.6352477,1.7213135,29385,0.7831027,15.631872,46.79115,141604,0,1,5,-279.27158,23.042978,-148.54475,40.64572,65.76165,-0.03381617,-0.08032031,-0.015215347,19420939,7,3883,0.011357581,27
4000045000110,28000700003211,4000045000110,4000045000000,28,2.8311827,-1,-1,4000045000109,4000045000110,-1,23,0.86065674,0.516394,1.032788,32329,0.94712675,15.621524,46.891125,148626,0,1,5,-255.55893,22.478977,-147.20111,35.377525,59.430717,-0.02571831,-0.026109397,0.13800867,19420929,7,3211,0.015112169,209
4000045000111,40000400000214,4000045000120,4000045000000,40,1.0778745,4000045000112,-1,4000045000022,4000045000023,-1,30,0.0,0.0,0.0,17097,61.44806,15.592144,45.722694,172026,6,1,5,204.9357,5.109036,-141.48093,38.055347,65.88865,0.031638004,0.085023165,-0.04598479,12038640,4,214,0.015039816,278
4000045000112,39000400002949,4000045000120,4000045000000,39,1.173417,4000045000113,-1,4000045000111,4000045000112,-1,34,2.9262328,2.4959044,2.9262328,17097,61.367313,15.581778,45.79703,172026,6,1,5,141.52252,-1.7020108,-169.63048,37.577076,73.55005,0.20610829,0.05929549,0.026817493,12038654,4,2949,0.013909678,117
4000045000113,38000400003440,4000045000120,4000045000000,38,1.2758462,4000045000114,-1,4000045000112,4000045000113,-1,30,2.4098387,2.2377074,2.4098387,17097,61.29488,15.561783,45.881596,172026,6,1,5,98.97394,-6.112422,-175.55075,31.901863,56.585873,0.18939582,0.0015439157,-3.1436063E-4,12038664,4,3440,0.020985046,801
4000045000114,37000400003788,4000045000120,4000045000000,37,1.3857181,4000045000115,-1,4000045000113,4000045000114,-1,26,2.3237731,2.1516418,2.3237731,17097,61.262596,15.580038,45.976856,172030,6,1,5,78.30788,-12.38233,-177.00703,30.813564,59.001743,0.10240256,-0.012009323,-0.0114715295,12038627,4,3788,0.016430944,945
4000045000115,36000400003593,4000045000120,4000045000000,36,1.5036365,4000045000116,-1,4000045000114,4000045000115,-1,27,1.9795104,1.9795104,1.9795104,17097,61.212475,15.585313,46.09575,172030,6,1,5,64.07577,-17.294498,-177.46715,33.251076,66.497955,0.15687631,0.05002012,-0.009255181,12038664,4,3593,0.0133711025,96
4000045000116,35000400003587,4000045000120,4000045000000,35,1.6302707,4000045000117,-1,4000045000115,4000045000116,-1,27,1.9795104,1.9795104,2.065576,17097,61.18351,15.585426,46.19616,172030,6,1,5,51.35978,-21.095661,-174.36058,35.57311,68.5057,0.15791799,0.052742712,-0.0016592817,12038640,4,3587,0.012421276,565
4000045000117,34000400003863,4000045000120,4000045000000,34,1.766336,4000045000118,-1,4000045000116,4000045000117,-1,24,1.9795104,1.8934448,1.9795104,17097,61.174557,15.611416,46.289776,172030,6,1,5,47.937847,-25.480762,-175.83078,36.859966,71.09584,-0.03347528,0.16441134,-0.026404984,12038640,4,3863,0.010574636,415
4000045000118,33000400004006,4000045000120,4000045000000,33,1.9126327,4000045000119,-1,4000045000117,4000045000118,-1,23,2.065576,1.6352477,2.065576,16822,61.138325,15.634985,46.410824,179052,6,1,5,39.843338,-27.650536,-171.83987,35.337452,65.47884,-0.016704379,0.040574256,0.01264774,12038656,4,4006,0.011977118,975
4000045000119,32000400003804,4000045000120,4000045000000,32,2.0700274,4000045000120,-1,4000045000118,4000045000119,-1,24,1.4631164,1.4631164,1.4631164,16822,61.096504,15.658385,46.516045,179052,6,1,5,36.328987,-25.737976,-159.14679,32.687355,54.944553,-0.10544541,0.18681361,-0.038139794,12038654,4,3804,0.017883567,43
4000045000120,31000400003529,4000045000120,4000045000000,31,2.2394855,-1,-1,4000045000119,4000045000120,-1,26,1.4631164,1.3770508,1.4631164,16822,61.11542,15.667991,46.579754,179052,6,1,5,31.97075,-32.81817,-155.87596,29.255589,59.729992,-0.07981683,0.13602202,-0.03594306,12038656,4,3529,0.01598112,572
4000045000121,45000400000251,4000045000149,4000045000000,45,0.6871088,4000045000122,-1,4000045000017,4000045000018,-1,27,0.0,0.0,0.0,17097,61.16495,15.4073715,45.23511,172026,6,1,5,-131.63551,-355.20358,-302.53342,47.46986,89.196976,-0.0648524,0.0629045,0.101466775,17482601,4,251,0.007354771,69
4000045000122,44000400000219,4000045000149,4000045000000,44,0.75503564,4000045000123,-1,4000045000121,4000045000019,-1,27,0.0,0.0,0.0,17097,61.244186,15.529068,45.381462,172026,6,1,5,-229.058,-171.03946,-317.88345,41.8426,83.47582,0.0066833845,0.04225592,-0.017367411,17482613,4,219,0.008149124,9
4000045000123,43000400000222,4000045000149,4000045000000,43,0.8276991,4000045000124,-1,4000045000122,4000045000020,4000045000220,39,0.0,0.0,0.0,17097,61.380585,15.567181,45.52845,172026,6,1,5,-294.54004,21.601566,-284.0313,51.04611,96.52312,0.07789582,0.032601062,-0.022611909,17482585,4,222,0.009687711,184
4000045000124,41000400000223,4000045000149,4000045000000,41,0.98870814,4000045000125,-1,4000045000123,4000045000022,-1,60,0.0,0.0,0.0,17097,61.555126,15.411203,45.640987,172027,6,1,5,-64.607086,20.95216,-28.826015,58.95002,105.59463,-0.08501089,-0.0064801713,0.08929767,17482593,4,223,0.011117664,767
4000045000125,40000400000213,4000045000149,4000045000000,40,1.0778745,4000045000126,-1,4000045000124,4000045000023,4000045000111,68,0.0,0.0,0.0,17097,61.60067,15.4400215,45.68048,172027,6,1,5,-105.776665,-101.50492,-96.22325,56.9805,104.632744,-0.05950466,-0.012011535,0.048352003,17482604,4,213,0.012311676,745
4000045000126,39000400000193,4000045000149,4000045000000,39,1.173417,4000045000127,-1,4000045000125,4000045000024,-1,65,0.0,0.0,0.0,17097,61.66419,15.517973,45.750706,172027,6,1,5,-153.12784,-181.77393,-152.13132,48.42633,95.35668,0.064571954,-0.0073390785,0.08029226,17482604,4,193,0.015042949,838
4000045000127,38000400000220,4000045000149,4000045000000,38,1.2758462,4000045000128,-1,4000045000126,4000045000025,-1,81,0.0,0.0,0.0,16822,61.769135,15.63953,45.857754,179049,6,1,5,-208.7433,-253.483,-216.46964,66.14125,109.425964,0.007831601,-0.09911534,0.16662182,19423344,4,220,0.012733972,92
4000045000128,37000400000180,4000045000149,4000045000000,37,1.3857181,4000045000129,-1,4000045000127,4000045000026,-1,73,0.0,0.0,0.0,16822,61.9142,15.80295,45.99825,179053,6,1,5,-310.293,-293.54514,-352.21732,68.7079,113.86879,0.02007571,-0.09428668,0.13944107,17482558,4,180,0.011927469,754
4000045000129,36000400000178,4000045000149,4000045000000,36,1.5036365,4000045000130,-1,4000045000128,4000045000027,-1,69,0.0,0.0,0.0,16822,62.11261,15.9205475,46.274315,179053,6,1,5,-335.0018,-119.84785,-536.3441,67.64331,118.133514,0.0296734,-0.121942855,0.093570665,17482593,4,178,0.009596325,100
4000045000130,35000400000149,4000045000149,4000045000000,35,1.6302707,4000045000131,-1,4000045000129,4000045000028,-1,98,0.0,0.0,0.0,16822,62.255486,15.942462,46.557537,179053,6,1,5,-209.77376,25.096777,-463.58386,73.62786,128.91934,0.078626074,-0.08714981,0.124036536,17482627,4,149,0.011838412,687
4000045000131,34000400000111,4000045000149,4000045000000,34,1.766336,4000045000132,-1,4000045000130,4000045000029,4000045000096,97,0.0,0.0,0.0,16822,62.367798,15.913069,46.801563,179053,6,1,5,-141.79655,44.149776,-383.23413,66.246185,123.2523,0.009527555,-0.057982758,0.1404161,17482594,4,111,0.012186147,631
4000045000132,33000400000726,4000045000149,4000045000000,33,1.9126327,4000045000133,-1,4000045000131,4000045000132,-1,169,14.975427,14.11477,15.663952,20041,62.444893,15.881096,47.00341,193097,6,1,5,-111.52777,47.24749,-322.0496,75.66832,135.33525,0.10109254,-0.027149659,0.21029447,17482594,4,726,0.018634267,417
4000045000133,32000400000659,4000045000149,4000045000000,32,2.0700274,4000045000134,-1,4000045000132,4000045000133,-1,174,16.524609,16.266413,16.782806,20041,62.49904,15.871149,47.170006,193097,6,1,5,-89.22307,39.0895,-289.83514,79.225494,137.5901,0.06726013,0.044962227,0.096963994,17482593,4,659,0.017700473,800
4000045000134,31000400000651,4000045000149,4000045000000,31,2.2394855,4000045000135,-1,4000045000133,4000045000134,-1,158,15.31969,14.975427,15.922149,29110,0.056851417,15.848038,47.33192,155648,0,1,5,-70.468,32.045696,-262.98022,88.27652,144.89754,0.04194655,-0.06469609,0.039152786,17485790,4,651,0.014715293,21
4000045000135,30000400000651,4000045000149,4000045000000,30,2.422044,4000045000136,-1,4000045000134,4000045000135,-1,151,13.340179,13.340179,13.684442,29110,0.09732814,15.850121,47.48041,155648,0,1,5,-51.120296,20.174448,-234.61012,71.2744,122.30705,0.14942594,-0.04812486,-0.035681248,17485790,4,651,0.019586477,227
4000045000136,29000400000684,4000045000149,4000045000000,29,2.6188614,4000045000137,-1,4000045000135,4000045000136,-1,121,9.036896,8.348371,10.155749,29110,0.13007784,15.850936,47.58345,155648,0,1,5,-33.622063,16.171766,-216.1984,65.21252,118.636536,0.056064807,-0.21085867,-0.011468506,17485790,4,684,0.019337377,712
4000045000137,28000400000716,4000045000149,4000045000000,28,2.8311827,4000045000138,-1,4000045000136,4000045000137,-1,106,6.7131224,6.6270566,6.971319,29110,0.11778836,15.850884,47.71042,155648,0,1,5,-26.066114,3.625914,-195.3673,59.015232,104.192406,0.20112585,-0.1979816,0.011120785,17482601,4,716,0.019002696,333
4000045000138,27000700000607,4000045000145,4000045000000,27,3.060419,4000045000139,4000045000146,4000045000137,4000045000138,-1,93,6.36886,6.1106625,6.6270566,29110,0.14630046,15.834235,47.801044,155648,0,1,5,-30.145714,-2.780889,-158.41536,59.107437,105.680176,0.16960073,-0.2513529,-9.282696E-4,17482623,7,607,0.016751975,28
4000045000139,26000700000528,4000045000145,4000045000000,26,3.3080978,4000045000140,-1,4000045000138,4000045000139,-1,109,6.282794,6.024597,6.540991,29110,0.15770015,15.841599,47.89013,155652,0,1,5,-26.039064,-3.0744927,-132.15833,61.362274,105.11837,0.45516717,-0.20902926,0.11653667,17482596,7,528,0.020003937,336
4000045000140,25000700000512,4000045000145,4000045000000,25,3.575905,4000045000141,-1,4000045000139,4000045000140,-1,104,3.7868896,3.6147583,3.8729553,29110,0.17244568,15.813209,47.999897,155652,0,1,5,-27.736956,-6.493591,-118.717964,61.177696,95.07589,0.33960742,-0.21747865,0.05638056,17482601,7,512,0.024003146,68
4000045000141,24000700000479,4000045000145,4000045000000,24,3.8656828,4000045000142,-1,4000045000140,4000045000141,-1,89,4.8196774,4.8196774,5.3360715,29110,0.16839886,15.838924,48.057133,155652,0,1,5,-32.283398,-9.976034,-114.740974,61.293446,105.08968,0.29505807,-0.17946553,0.0309314,17482602,7,479,0.016437313,20
4000045000142,23000700000666,4000045000145,4000045000000,23,4.1794686,4000045000143,-1,4000045000141,4000045000142,-1,61,4.5614805,4.5614805,4.5614805,29110,0.19856223,15.844625,48.126534,155652,0,1,5,-36.345726,-18.660814,-126.6325,65.88777,109.98198,0.027471416,0.072252676,0.10076549,17482601,7,666,0.010427171,420
4000045000143,22000700000675,4000045000145,4000045000000,22,4.5195556,4000045000144,-1,4000045000142,4000045000143,-1,52,3.8729553,3.7868896,3.9590209,29110,0.21607696,15.86206,48.18323,155652,0,1,5,-38.137672,-26.91458,-118.87009,65.21023,109.597435,-0.15291342,-0.006661255,-0.02859604,17482595,7,675,0.00905498,451
4000045000144,21000700000791,4000045000145,4000045000000,21,4.888449,4000045000145,-1,4000045000143,4000045000144,-1,38,2.9262328,2.9262328,2.9262328,29110,0.23939227,15.866238,48.244553,155652,0,1,5,-42.612656,-31.400097,-111.23715,55.810795,99.24942,0.049257092,-0.08265877,-0.016164491,17482596,7,791,0.008305191,197
4000045000145,20000700000639,4000045000145,4000045000000,20,5.2888336,-1,-1,4000045000144,4000045000145,-1,38,1.6352477,1.549182,1.6352477,29110,0.28796938,15.892027,48.31109,155652,0,1,5,-36.539474,-27.899866,-102.33518,51.754524,88.82667,0.008704963,-0.07381676,-0.10481494,17482605,7,639,0.011013497,468
4000045000146,27000700001890,4000045000149,4000045000000,27,3.060419,4000045000147,-1,4000045000137,4000045000146,-1,27,2.6680357,2.5819702,2.6680357,29110,0.08079364,15.771381,47.951557,155652,0,1,5,-29.224466,10.848421,-212.92519,38.904655,69.90711,0.11225284,0.024260053,-0.023560476,19423372,7,1890,0.01224637,339
4000045000147,26000400002308,4000045000149,4000045000000,26,3.3080978,4000045000148,-1,4000045000146,4000045000147,-1,22,1.8934448,1.8934448,2.065576,29110,0.08667292,15.771239,48.03111,155652,0,1,5,-29.893463,-2.5127087,-192.68202,38.207195,64.867424,-0.032571077,0.015653724,-0.07160679,17482576,4,2308,0.011629949,48
4000045000148,24000700001931,4000045000149,4000045000000,24,3.8656828,4000045000149,-1,4000045000147,4000045000148,-1,21,0.86065674,0.774591,1.032788,29110,0.12082278,15.760429,48.257195,155652,0,1,5,-34.22889,-3.5715837,-169.8038,34.269997,66.251595,0.061105933,0.029622098,-0.055666145,17482576,7,1931,0.011755885,286
4000045000149,23000700001677,4000045000149,4000045000000,23,4.1794686,-1,-1,4000045000148,4000045000149,-1,25,1.032788,1.032788,1.2049193,29110,0.149245,15.78876,48.35872,155652,0,1,5,-23.978315,-12.231844,-159.17992,38.06436,68.02574,0.014912061,-0.007897869,0.06082824,17482574,7,1677,0.012910026,475
4000045000150,46000400000256,4000045000171,4000045000000,46,0.6235901,4000045000151,-1,4000045000016,4000045000017,4000045000176,27,0.0,0.0,0.0,17097,61.313705,15.472934,45.130146,172026,6,1,5,-266.3307,-86.613174,-157.46971,33.959682,56.45796,0.1278692,-0.17615615,-0.053920828,17484047,4,256,0.017334111,189
4000045000151,45000400000249,4000045000171,4000045000000,45,0.6871088,4000045000152,-1,4000045000150,4000045000018,4000045000218,31,0.0,0.0,0.0,17097,61.405087,15.505291,45.192272,172026,6,1,5,-198.18597,-23.94964,-172.24812,32.208885,54.17357,0.061493833,-0.028965771,0.1738677,17484136,4,249,0.022099055,392
4000045000152,44000400000217,4000045000171,4000045000000,44,0.75503564,4000045000153,-1,4000045000151,4000045000019,4000045000219,35,0.0,0.0,0.0,17097,61.48995,15.483792,45.28232,172026,6,1,5,-93.989395,72.858215,-188.58083,37.56546,62.732212,0.22196293,-0.04076478,0.055402223,17484118,4,217,0.018850027,454
4000045000153,43000400000224,4000045000171,4000045000000,43,0.8276991,4000045000154,-1,4000045000152,4000045000020,-1,31,0.0,0.0,0.0,17097,61.4909,15.438238,45.395138,172026,6,1,5,88.31121,132.28564,-265.22342,53.40479,83.63892,0.039622057,-0.028819371,0.061721254,17484121,4,224,0.009928166,346
4000045000154,42000400000226,4000045000171,4000045000000,42,0.9054624,4000045000155,-1,4000045000153,4000045000021,-1,36,0.0,0.0,0.0,17097,61.40989,15.396763,45.60203,172026,6,1,5,131.8206,-37.823566,-477.25287,50.832153,89.434,0.07392648,-0.013003179,0.06608171,17484271,4,226,0.011482491,892
4000045000155,41000400000222,4000045000171,4000045000000,41,0.98870814,4000045000156,-1,4000045000154,4000045000022,4000045000124,63,0.0,0.0,0.0,17097,61.38332,15.45482,45.84704,172026,6,1,5,3.291816,-126.91597,-441.75058,46.274914,83.71636,0.14864564,0.08261216,0.1827522,17483904,4,222,0.01740865,578
4000045000156,40000400001395,4000045000171,4000045000000,40,1.0778745,4000045000157,-1,4000045000155,4000045000156,-1,73,9.122961,8.262304,8.9508295,17097,61.404945,15.529564,46.069157,172030,6,1,5,-64.398,-159.18092,-413.2179,46.16652,85.194786,0.1033774,-0.012817557,0.116931066,17484121,4,1395,0.0198311,745
4000045000157,39000400001142,4000045000171,4000045000000,39,1.173417,4000045000158,-1,4000045000156,4000045000157,-1,89,7.2295165,6.6270566,7.057385,17097,61.441593,15.61847,46.281887,172030,6,1,5,-119.241135,-180.27675,-393.39273,46.587646,90.716415,0.28624767,0.34682742,-0.13851468,17484122,4,1142,0.021929055,669
4000045000158,38000400001297,4000045000171,4000045000000,38,1.2758462,4000045000159,-1,4000045000157,4000045000158,-1,85,6.971319,6.282794,6.971319,16822,61.51697,15.710859,46.472633,179052,6,1,5,-162.47981,-188.57936,-361.5952,49.85124,89.82398,0.32442874,0.4256794,-0.13629061,17484125,4,1297,0.019726668,713
4000045000159,37000400001552,4000045000171,4000045000000,37,1.3857181,4000045000160,-1,4000045000158,4000045000159,-1,79,5.9385314,5.1639404,5.9385314,16822,61.619396,15.788767,46.660515,179053,6,1,5,-197.85999,-190.696,-336.28772,43.98431,80.817116,0.12827,0.3456855,0.024059275,17484122,4,1552,0.026106406,835
4000045000160,36000400001267,4000045000171,4000045000000,36,1.5036365,4000045000161,-1,4000045000159,4000045000160,-1,82,6.4549255,6.1106625,6.799188,16822,61.734856,15.89761,46.857586,179053,6,1,5,-227.65305,-194.14423,-317.88928,40.80345,77.426735,0.16373631,0.4121923,-0.024283228,17484122,4,1267,0.027040543,645
4000045000161,35000400001227,4000045000171,4000045000000,35,1.6302707,4000045000162,-1,4000045000160,4000045000161,-1,81,6.36886,5.3360715,6.36886,20041,61.88954,16.003574,47.035194,193097,6,1,5,-253.14688,-194.69205,-290.31638,44.711384,79.84129,-0.033355575,0.3246681,-0.017745493,17484154,4,1227,0.025735635,198
4000045000162,34000400001467,4000045000171,4000045000000,34,1.766336,4000045000163,-1,4000045000161,4000045000162,-1,80,5.7664,5.594269,6.1106625,20041,62.038486,16.12658,47.20876,193097,6,1,5,-270.34006,-192.78197,-270.33688,50.974564,85.00616,-0.11555256,0.2976016,-0.02879285,17484179,4,1467,0.021496002,72
4000045000163,33000400001350,4000045000171,4000045000000,33,1.9126327,4000045000164,-1,4000045000162,4000045000163,-1,83,5.4221373,5.1639404,5.8524656,20041,62.191883,16.275017,47.367577,193097,6,1,5,-283.25244,-185.80336,-249.49556,53.493366,85.95544,-0.20629023,0.2565642,-0.04444722,17484171,4,1350,0.02239623,394
4000045000164,32000400001250,4000045000171,4000045000000,32,2.0700274,4000045000165,-1,4000045000163,4000045000164,-1,83,6.282794,6.1106625,6.36886,20041,62.350513,16.38002,47.493553,193097,6,1,5,-289.12015,-174.3409,-229.56213,53.200497,84.36647,-0.17425103,0.14287347,-0.004775516,17484150,4,1250,0.024520257,650
4000045000165,31000400001196,4000045000171,4000045000000,31,2.2394855,4000045000166,-1,4000045000164,4000045000165,-1,78,6.282794,5.680334,6.540991,29110,0.01156016,16.449703,47.61291,155648,0,1,5,-292.36835,-167.45421,-211.01591,49.52433,87.84694,-0.1603761,0.18479806,0.03683967,17484077,4,1196,0.022191746,219
4000045000166,30000700001129,4000045000171,4000045000000,30,2.422044,4000045000167,-1,4000045000165,4000045000166,-1,71,4.5614805,3.5286925,4.733612,29110,0.16991486,16.531248,47.724724,155648,0,1,5,-290.73376,-158.7052,-195.8206,49.35193,84.32801,-0.1845345,0.118528664,0.11990629,17484077,7,1129,0.022681383,756
4000045000167,29000700001360,4000045000171,4000045000000,29,2.6188614,4000045000168,-1,4000045000166,4000045000167,-1,57,3.0122986,3.0122986,3.098364,29110,0.32607737,16.62319,47.817875,155650,0,1,5,-286.43857,-160.08012,-181.63995,48.334164,82.65366,-0.14060108,0.11852427,0.07586639,17484137,7,1360,0.019403446,11
4000045000168,28000700001360,4000045000171,4000045000000,28,2.8311827,4000045000169,-1,4000045000167,4000045000168,-1,55,2.1516418,2.1516418,2.4959044,29110,0.5280528,16.697124,47.905815,155654,0,1,5,-278.56885,-144.1807,-172.59396,44.66523,71.77897,-0.4525151,0.2073603,0.08075917,17484143,7,1360,0.020115625,467
4000045000169,27000700002479,4000045000171,4000045000000,27,3.060419,4000045000170,-1,4000045000168,4000045000169,-1,25,2.065576,1.8073791,2.3237731,29110,0.6861394,16.792582,48.0328,155654,0,1,5,-295.4614,-144.36057,-162.6645,39.425003,65.87166,0.031618886,0.16548237,-0.01788144,17484175,7,2479,0.012856096,424
4000045000170,26000700001124,4000045000171,4000045000000,26,3.3080978,4000045000171,-1,4000045000169,4000045000170,-1,57,1.3770508,1.3770508,1.3770508,29110,0.8466948,16.873629,48.10166,155654,0,1,5,-260.22638,-139.87051,-135.59372,44.66666,78.10783,-0.23462953,0.11388531,0.072789684,17484120,7,1124,0.019487096,760
4000045000171,24000700001548,4000045000171,4000045000000,24,3.8656828,-1,-1,4000045000170,4000045000171,-1,33,0.774591,0.774591,0.86065674,29110,1.1427872,17.032045,48.224205,155655,0,1,5,-254.27429,-137.2223,-124.07736,39.124027,66.96439,0.13417336,0.16297024,0.010666401,17484152,7,1548,0.01699279,314
4000045000172,50000400000282,4000045000206,4000045000000,50,0.40789944,4000045000173,-1,4000045000012,4000045000013,-1,24,0.0,0.0,0.0,17102,60.856457,15.198783,44.905617,171998,6,1,5,-157.81131,-153.78929,-398.53748,38.20182,74.192474,0.008884566,-0.100294404,0.16957109,17484526,4,282,0.010627359,848
4000045000173,49000400000292,4000045000206,4000045000000,49,0.45657724,4000045000174,-1,4000045000172,4000045000014,-1,24,0.0,0.0,0.0,17097,60.914547,15.239288,45.053707,172026,6,1,5,-156.65321,-78.971405,-315.27603,33.794098,66.87585,0.014511464,-0.073810615,0.15543427,17484557,4,292,0.013226181,912
4000045000174,48000400000284,4000045000206,4000045000000,48,0.5085914,4000045000175,-1,4000045000173,4000045000015,-1,25,0.0,0.0,0.0,17097,60.98649,15.261873,45.170197,172026,6,1,5,-165.34027,-33.293545,-228.94653,33.071507,69.81223,0.005829301,-0.04628118,0.0297498,17484557,4,284,0.011943028,646
4000045000175,47000400000288,4000045000206,4000045000000,47,0.5641766,4000045000176,-1,4000045000174,4000045000016,4000045000216,54,0.0,0.0,0.0,17097,61.065884,15.270127,45.243454,172026,6,1,5,-165.29366,6.197469,-118.37554,43.781887,71.15832,-0.055332355,-0.033805527,0.032830384,17484526,4,288,0.023815237,196
4000045000176,46000400000257,4000045000206,4000045000000,46,0.6235901,4000045000177,-1,4000045000175,4000045000017,-1,26,0.0,0.0,0.0,17097,61.138275,15.264739,45.249653,172026,6,1,5,-205.84341,39.513977,80.68526,54.180378,89.23301,-0.029251285,-0.13153338,0.073521726,17484526,4,257,0.0065079895,706
4000045000177,45000400000248,4000045000206,4000045000000,45,0.6871088,4000045000178,-1,4000045000176,4000045000018,4000045000151,73,0.0,0.0,0.0,17097,61.230038,15.24858,45.13726,172026,6,1,5,-165.93814,-86.45326,183.54192,66.818954,114.393555,0.04715262,-0.053689018,-0.065447696,17484560,4,248,0.011837209,434
4000045000178,44000400000216,4000045000206,4000045000000,44,0.75503564,4000045000179,-1,4000045000177,4000045000019,4000045000152,138,0.0,0.0,0.0,17097,61.302937,15.305162,45.08537,172026,6,1,5,-157.42708,-124.061485,65.59182,64.218636,120.65638,0.35249874,-0.09278606,-0.062277153,17485396,4,216,0.020409357,338
4000045000179,43000400000221,4000045000206,4000045000000,43,0.8276991,4000045000180,-1,4000045000178,4000045000020,4000045000123,141,0.0,0.0,0.0,17097,61.374302,15.3728075,45.06526,172026,6,1,5,-159.03412,-135.63258,7.907539,62.509285,116.33731,0.41421428,-0.053674545,-0.03072993,17484557,4,221,0.01976577,341
4000045000180,42000400001055,4000045000206,4000045000000,42,0.9054624,4000045000181,-1,4000045000179,4000045000180,-1,159,15.31969,14.200836,14.975427,17097,61.45047,15.437394,45.058376,172026,6,1,5,-161.7307,-137.89343,-32.67691,58.993866,114.50532,0.4844395,0.03214983,0.23887436,17484557,4,1055,0.023710264,552
4000045000181,41000400001105,4000045000206,4000045000000,41,0.98870814,4000045000182,-1,4000045000180,4000045000181,-1,154,13.254113,12.393456,13.081982,17097,61.54503,15.5047,45.084164,172027,6,1,5,-165.63947,-136.33707,-59.274364,59.76468,120.230576,0.43166754,0.081392914,0.1873533,17485396,4,1105,0.022586172,294
4000045000182,40000400001082,4000045000206,4000045000000,40,1.0778745,4000045000183,-1,4000045000181,4000045000182,-1,149,12.909851,12.565588,12.909851,17097,61.634117,15.580933,45.126064,172027,6,1,5,-165.23563,-137.93071,-76.312065,64.28129,120.40776,0.39708748,0.05292243,0.060588066,17484557,4,1082,0.019489102,683
4000045000183,39000400001094,4000045000206,4000045000000,39,1.173417,4000045000184,-1,4000045000182,4000045000183,-1,142,12.73772,12.13526,12.73772,16822,61.72096,15.659757,45.17279,179049,6,1,5,-168.4615,-135.5543,-90.00127,64.76895,120.67092,0.42986122,0.01056875,0.013365264,17484545,4,1094,0.018969322,369
4000045000184,38000400001032,4000045000206,4000045000000,38,1.2758462,4000045000185,-1,4000045000183,4000045000184,-1,145,13.770508,13.254113,13.770508,16822,61.81158,15.72239,45.228443,179049,6,1,5,-169.42029,-129.9067,-98.76912,64.1597,118.413025,0.31937093,-0.02751957,-0.10491312,17484539,4,1032,0.019930542,666
4000045000185,37000400001018,4000045000206,4000045000000,37,1.3857181,4000045000186,-1,4000045000184,4000045000185,-1,144,13.081982,12.565588,13.081982,16822,61.899498,15.797685,45.270035,179049,6,1,5,-172.22316,-130.23792,-105.279816,63.18611,116.33782,0.37275675,-0.056311913,-0.071945,17484557,4,1018,0.020038655,72
4000045000186,36000400001103,4000045000206,4000045000000,36,1.5036365,4000045000187,-1,4000045000185,4000045000186,-1,130,12.221325,11.618866,12.221325,16822,61.999252,15.864285,45.333588,179049,6,1,5,-177.56892,-125.667046,-113.39465,63.195312,116.53979,0.36810264,-0.12637937,-0.07624423,17484539,4,1103,0.01852233,327
4000045000187,35000400001088,4000045000206,4000045000000,35,1.6302707,4000045000188,-1,4000045000186,4000045000187,-1,128,11.618866,11.360668,11.877063,16822,62.088333,15.952237,45.404663,179049,6,1,5,-182.38303,-120.08634,-115.12497,63.722717,121.37811,0.25279754,-0.116979435,-0.04942655,17484557,4,1088,0.017943136,22
4000045000188,34000400001015,4000045000206,4000045000000,34,1.766336,4000045000189,-1,4000045000187,4000045000188,-1,132,11.790997,11.5328,11.877063,16822,62.195553,16.014742,45.457058,179049,6,1,5,-187.80841,-117.66307,-120.932785,67.87128,121.452614,0.14112748,-0.080686,0.026600378,17485398,4,1015,0.01733114,124
4000045000189,33000400000908,4000045000206,4000045000000,33,1.9126327,4000045000190,-1,4000045000188,4000045000189,-1,140,11.963128,11.704931,11.963128,16822,62.317657,16.082512,45.534023,179049,6,1,5,-187.8509,-115.00061,-118.22598,65.41661,118.954056,0.5193795,0.04540348,-0.14590973,17485394,4,908,0.01979095,423
4000045000190,32000400000849,4000045000206,4000045000000,32,2.0700274,4000045000191,-1,4000045000189,4000045000190,-1,131,11.188538,10.8442745,11.618866,16822,62.41329,16.132864,45.596947,179049,6,1,5,-195.76208,-109.032745,-120.16286,66.95956,117.63096,0.24803199,-0.013187945,-0.08078152,17485394,4,849,0.018169314,102
4000045000191,31000400000741,4000045000206,4000045000000,31,2.2394855,4000045000192,-1,4000045000190,4000045000191,-1,137,11.188538,11.102471,11.704931,29385,0.033235982,16.211218,45.679024,141600,0,1,5,-195.6211,-95.68881,-115.56089,66.21772,121.85139,0.54415935,0.04148389,-0.21392761,17486226,4,741,0.018280499,94
4000045000192,30000700000728,4000045000206,4000045000000,30,2.422044,4000045000193,-1,4000045000191,4000045000192,-1,111,10.586078,10.500011,10.758209,29385,0.16223164,16.268555,45.756855,141600,0,1,5,-199.02953,-87.06693,-120.77182,69.50383,124.382484,0.32451117,0.11099896,-0.17981514,17486226,7,728,0.01395977,203
4000045000193,29000700000595,4000045000206,4000045000000,29,2.6188614,4000045000194,-1,4000045000192,4000045000193,-1,135,10.586078,10.155749,10.8442745,29385,0.2763653,16.314472,45.833843,141600,0,1,5,-197.1943,-92.28576,-112.20738,66.015755,117.98031,0.5440837,0.16195217,-0.20468165,17485400,7,595,0.018791677,396
4000045000194,28000700000608,4000045000206,4000045000000,28,2.8311827,4000045000195,-1,4000045000193,4000045000194,-1,112,9.8975525,9.467224,10.241815,29385,0.39812207,16.37891,45.909466,141604,0,1,5,-190.8555,-93.7268,-113.25694,63.97703,117.9336,0.1849591,0.03516837,-0.06518631,17484560,7,608,0.015626151,854
4000045000195,27000700000552,4000045000206,4000045000000,27,3.060419,4000045000196,-1,4000045000194,4000045000195,-1,112,8.692633,8.090173,8.9508295,29385,0.4990061,16.420979,45.94187,141604,0,1,5,-190.10623,-101.77722,-108.77106,66.870316,112.35245,0.30536026,0.09250473,-0.1399104,17484541,7,552,0.016896855,152
4000045000196,26000700000490,4000045000206,4000045000000,26,3.3080978,4000045000197,-1,4000045000195,4000045000196,-1,108,8.606567,8.434436,8.9508295,29385,0.59735554,16.484299,46.029408,141604,0,1,5,-182.95607,-98.96974,-98.757164,67.03662,122.10013,0.31630027,-0.08869727,-0.1450044,17484816,7,490,0.014501703,901
4000045000197,25000700000451,4000045000206,4000045000000,25,3.575905,4000045000198,-1,4000045000196,4000045000197,-1,102,8.9508295,8.864764,9.209027,29385,0.70549494,16.553167,46.090755,141604,0,1,5,-180.91217,-98.54529,-89.05558,74.12701,128.1059,0.19628689,0.010123276,-0.20959966,17485393,7,451,0.012593434,240
4000045000198,24000700000393,4000045000206,4000045000000,24,3.8656828,4000045000199,-1,4000045000197,4000045000198,-1,101,7.9180417,7.9180417,8.262304,29385,0.8089165,16.59286,46.135967,141604,0,1,5,-174.1413,-98.97273,-94.056206,73.8533,123.798805,0.18547928,-0.058930896,-0.12565213,17485393,7,393,0.013014678,480
4000045000199,23000700000393,4000045000206,4000045000000,23,4.1794686,4000045000200,-1,4000045000198,4000045000199,-1,80,5.508203,5.508203,5.9385314,29385,0.89249027,16.645382,46.240585,141606,0,1,5,-163.07353,-98.95044,-85.87851,61.68001,106.736885,0.111713536,-0.0117424615,-0.15700068,17484549,7,393,0.014072406,181
4000045000200,22000700000643,4000045000206,4000045000000,22,4.5195556,4000045000201,-1,4000045000199,4000045000200,-1,47,3.7868896,3.7868896,5.2500057,29385,0.9948867,16.710606,46.317123,141607,0,1,5,-158.92513,-98.84191,-106.90056,60.395123,103.550964,0.07455742,-0.12952092,0.020191763,17484545,7,643,0.0098766815,318
4000045000201,21000700000433,4000045000205,4000045000000,21,4.888449,4000045000202,4000045000206,4000045000200,4000045000201,-1,55,3.7868896,3.7868896,4.217218,29385,1.0831943,16.760502,46.36506,141607,0,1,5,-166.68654,-98.60262,-101.63838,66.19039,105.58246,0.014583451,-0.10037084,-0.011639771,17485392,7,433,0.00990793,200
4000045000202,20000700000363,4000045000205,4000045000000,20,5.2888336,4000045000203,-1,4000045000201,4000045000202,-1,55,3.9590209,3.9590209,4.131152,29385,1.1552316,16.823597,46.37991,141607,0,1,5,-160.23041,-88.284424,-93.104416,67.27227,110.80493,-0.027944043,-0.085891664,-0.056703366,17485396,7,363,0.009422516,302
4000045000203,19000700000353,4000045000205,4000045000000,19,5.7238646,4000045000204,-1,4000045000202,4000045000203,-1,43,2.2377074,2.2377074,2.4959044,29385,1.2338569,16.8759,46.392273,141607,0,1,5,-156.04626,-77.49842,-88.452415,56.77046,88.766594,-0.0017493309,-0.12423277,0.018193152,17485393,7,353,0.011194394,166
4000045000204,18000700000394,4000045000205,4000045000000,18,6.1968336,4000045000205,-1,4000045000203,4000045000204,-1,35,1.032788,1.032788,1.1188537,29385,1.3150519,16.90924,46.424095,141607,0,1,5,-142.87402,-80.55396,-81.86151,55.11907,103.33878,0.061561264,-0.100369446,-0.014431159,17484556,7,394,0.011153487,238
4000045000205,16000700000314,4000045000205,4000045000000,16,7.272188,-1,-1,4000045000204,4000045000205,-1,24,1.549182,1.549182,1.6352477,29385,1.4594002,16.990788,46.519512,141607,0,1,5,-153.12776,-80.0328,-75.315575,54.968113,95.24979,0.12105472,-0.029313523,-0.007867101,17484556,7,314,0.0058130906,432
4000045000206,20000700001258,4000045000206,4000045000000,20,5.2888336,-1,-1,4000045000200,4000045000206,-1,22,0.9467224,0.9467224,0.9467224,29385,1.1387953,16.810465,46.160313,141607,0,1,5,-167.56053,-69.03378,-47.162033,44.98609,68.77714,0.003150962,-0.020635812,-0.12424395,17653152,7,1258,0.01042889,491
4000045000207,59000400000308,4000045000235,4000045000000,59,0.08928783,4000045000208,-1,4000045000003,4000045000004,-1,21,0.0,0.0,0.0,17101,60.54091,14.572117,44.272194,171989,6,1,4,-271.78333,-180.33542,-405.1242,23.931797,48.378483,-0.1292204,-0.0927019,0.056856055,19446538,4,308,0.017396348,933
4000045000208,57000400000307,4000045000235,4000045000000,57,0.14438343,4000045000209,-1,4000045000207,4000045000006,-1,20,0.0,0.0,0.0,17102,60.67782,14.675342,44.47497,171998,6,1,4,-224.43015,-222.12492,-350.96542,22.911163,48.53919,-0.09897403,-0.06304012,0.04717176,19446538,4,307,0.021796953,329
4000045000209,56000400000297,4000045000235,4000045000000,56,0.17489761,4000045000210,-1,4000045000208,4000045000007,-1,25,0.0,0.0,0.0,17102,60.73342,14.745646,44.564804,171998,6,1,4,-201.63399,-240.19261,-328.07938,23.265213,51.220848,-0.11977048,-0.05357386,0.02739752,19446538,4,297,0.020603806,138
4000045000210,55000400003064,4000045000235,4000045000000,55,0.20754863,4000045000211,-1,4000045000209,4000045000210,-1,24,2.9262328,1.9795104,2.4098387,17102,60.794888,14.820771,44.65741,171998,6,1,5,-175.8863,-249.5165,-301.27628,25.015532,52.246784,-0.16198006,-0.0134609975,-0.013237133,17459386,4,3064,0.01814864,726
4000045000211,54000400000301,4000045000235,4000045000000,54,0.24246909,4000045000212,-1,4000045000210,4000045000009,-1,22,0.0,0.0,0.0,17102,60.852226,14.895606,44.745205,171998,6,1,5,-155.90373,-253.61,-275.43643,26.548763,52.05114,-0.132327,-0.0077184583,0.04585629,17459386,4,301,0.0164483,714
4000045000212,53000400003271,4000045000235,4000045000000,53,0.2798018,4000045000213,-1,4000045000211,4000045000212,-1,26,2.065576,2.065576,2.065576,17102,60.894146,14.979818,44.837013,171998,6,1,5,-126.306046,-256.676,-245.51184,27.895456,59.51834,-0.07666189,0.006020179,-0.03200623,17459363,4,3271,0.014628383,299
4000045000213,52000400000314,4000045000235,4000045000000,52,0.31970343,4000045000214,-1,4000045000212,4000045000011,-1,22,0.0,0.0,0.0,17102,60.929993,15.067157,44.917076,171998,6,1,5,-102.309326,-254.10878,-215.13965,25.028297,52.95375,-0.16357417,0.013760429,0.05785755,17459386,4,314,0.01760446,968
4000045000214,51000400002577,4000045000235,4000045000000,51,0.36234027,4000045000215,-1,4000045000213,4000045000214,-1,29,3.0122986,2.3237731,2.6680357,17097,60.95266,15.167695,44.996685,172026,6,1,5,-70.027596,-242.05849,-182.64703,23.79416,48.991726,-0.066426486,0.0069648884,-0.013403138,17459395,4,2577,0.030497154,447
4000045000215,49000400000291,4000045000235,4000045000000,49,0.45657724,4000045000216,-1,4000045000214,4000045000014,4000045000173,24,0.0,0.0,0.0,17097,61.007095,15.335757,45.11686,172026,6,1,5,-10.085754,-191.29427,-99.898285,27.176601,51.58247,-0.13352503,0.0389233,0.07043918,17459363,4,291,0.01946959,502
4000045000216,47000400000289,4000045000235,4000045000000,47,0.5641766,4000045000217,-1,4000045000215,4000045000016,-1,28,0.0,0.0,0.0,17097,60.991005,15.436266,45.15306,172026,6,1,5,3.532783,-46.998665,-18.555264,31.755007,57.687084,-0.17609023,-0.046286196,0.0438825,17459363,4,289,0.019930553,632
4000045000217,46000400000255,4000045000235,4000045000000,46,0.6235901,4000045000218,-1,4000045000216,4000045000017,4000045000150,32,0.0,0.0,0.0,17097,60.999794,15.450052,45.146397,172026,6,1,5,-45.287018,57.901905,23.469994,34.805244,62.318405,-0.15210474,0.00931824,0.13622971,17459395,4,255,0.019825008,630
4000045000218,45000400000250,4000045000235,4000045000000,45,0.6871088,4000045000219,-1,4000045000217,4000045000018,4000045000121,27,0.0,0.0,0.0,17097,61.0481,15.391871,45.14787,172026,6,1,5,-148.34666,143.47597,5.879894,34.451912,64.47877,-0.14677978,-0.044837333,0.07871175,17459387,4,250,0.0152324485,536
4000045000219,44000400000218,4000045000235,4000045000000,44,0.75503564,4000045000220,-1,4000045000218,4000045000019,4000045000122,29,0.0,0.0,0.0,17097,61.138718,15.325801,45.167248,172026,6,1,5,-261.27634,164.43752,-53.771152,33.80083,64.147705,-0.21589997,-0.070959546,0.06808907,17459363,4,218,0.01713202,384
4000045000220,43000400000223,4000045000235,4000045000000,43,0.8276991,4000045000221,-1,4000045000219,4000045000020,4000045000153,32,0.0,0.0,0.0,17097,61.291847,15.250525,45.19897,172026,6,1,5,-324.80063,144.62564,-107.76163,29.773758,60.271202,-0.15455312,-0.101557896,0.1601073,17459387,4,223,0.019037828,610
4000045000221,42000400002296,4000045000235,4000045000000,42,0.9054624,4000045000222,-1,4000045000220,4000045000221,-1,38,4.6475463,3.9590209,4.5614805,17097,61.4537,15.179032,45.27303,172026,6,1,5,-346.03238,105.65188,-145.99768,31.790997,63.038204,-0.12467237,-0.05069491,0.11198768,17459363,4,2296,0.023188794,982
4000045000222,41000400002445,4000045000235,4000045000000,41,0.98870814,4000045000223,-1,4000045000221,4000045000222,-1,43,3.442627,3.2704954,3.442627,17097,61.640034,15.128546,45.344715,172027,6,1,5,-352.70047,72.74882,-171.75139,34.661903,66.06784,-0.21103902,-0.041728962,0.1863366,17459363,4,2445,0.020056231,777
4000045000223,40000400002291,4000045000235,4000045000000,40,1.0778745,4000045000224,-1,4000045000222,4000045000223,-1,50,3.3565612,3.2704954,3.3565612,17097,61.828888,15.096794,45.421135,172027,6,1,5,-356.6981,46.467525,-188.23601,38.04322,68.990776,-0.265998,0.026715513,0.052188568,17459318,4,2291,0.021786483,700
4000045000224,39000400002457,4000045000235,4000045000000,39,1.173417,4000045000225,-1,4000045000223,4000045000224,-1,46,3.442627,3.0122986,3.3565612,17097,62.012257,15.088579,45.52917,172027,6,1,5,-352.09222,24.465126,-195.47809,40.902412,76.21526,-0.1766405,-0.008292973,0.056907814,17459318,4,2457,0.016369808,789
4000045000225,38000400002887,4000045000235,4000045000000,38,1.2758462,4000045000226,-1,4000045000224,4000045000225,-1,38,3.18443,2.840167,3.18443,17097,62.226364,15.0793915,45.64336,172027,6,1,5,-345.26086,4.973919,-199.18259,37.274323,67.79415,-0.1843917,-0.031618107,0.049823124,17459318,4,2887,0.01843719,598
4000045000226,37000400003208,4000045000235,4000045000000,37,1.3857181,4000045000227,-1,4000045000225,4000045000226,-1,33,2.7541015,2.4959044,2.7541015,17097,62.419426,15.081191,45.775967,172027,6,1,5,-343.00705,-1.2665646,-205.36035,34.045296,61.79911,-0.24791668,0.0365533,0.074295275,17459363,4,3208,0.017682834,451
4000045000227,36000700002620,4000045000235,4000045000000,36,1.5036365,4000045000228,-1,4000045000226,4000045000227,-1,39,2.1516418,1.9795104,2.2377074,32054,0.11169072,15.082959,45.868546,134578,0,1,5,-339.24362,-8.60504,-204.30894,30.728575,57.67533,-0.07399101,0.05843039,-0.050881498,17459320,7,2620,0.025449093,230
4000045000228,35000700002456,4000045000235,4000045000000,35,1.6302707,4000045000229,-1,4000045000227,4000045000228,-1,39,2.065576,1.2049193,2.065576,32054,0.29189178,15.093824,45.997765,134582,0,1,5,-330.38434,-18.417265,-198.60828,31.626556,63.927925,-0.07018657,0.08559478,-0.023677468,17459387,7,2456,0.024801029,905
4000045000229,34000700003099,4000045000235,4000045000000,34,1.766336,4000045000230,-1,4000045000228,4000045000229,-1,27,2.065576,1.9795104,2.4098387,32054,0.477483,15.112862,46.110294,134582,0,1,5,-329.20453,-28.558874,-202.24754,39.286205,65.32146,-0.14649513,0.08908182,-0.01928019,17459387,7,3099,0.01397959,865
4000045000230,33000700002899,4000045000235,4000045000000,33,1.9126327,4000045000231,-1,4000045000229,4000045000230,-1,30,2.1516418,2.1516418,2.1516418,32054,0.67502064,15.123229,46.222855,134582,0,1,5,-319.1509,-39.115242,-211.04723,43.75634,69.45863,0.06703945,-0.020572094,0.07037822,17459318,7,2899,0.013062624,685
4000045000231,32000700002735,4000045000235,4000045000000,32,2.0700274,4000045000232,-1,4000045000230,4000045000231,-1,33,1.4631164,1.032788,1.4631164,32054,0.86529356,15.146822,46.331676,134582,0,1,5,-309.67264,-46.29932,-202.91896,37.749622,58.63363,0.031630397,0.037724365,0.053473484,17459395,7,2735,0.023155473,152
4000045000232,31000700002610,4000045000235,4000045000000,31,2.2394855,4000045000233,-1,4000045000231,4000045000232,-1,35,1.3770508,1.3770508,1.3770508,32054,1.033072,15.170754,46.44735,134583,0,1,5,-308.42838,-41.989887,-185.24683,38.373966,62.562218,0.04880687,-0.053193413,0.12836395,17459387,7,2610,0.02098096,40
4000045000233,30000700002806,4000045000235,4000045000000,30,2.422044,4000045000234,-1,4000045000232,4000045000233,-1,31,0.86065674,0.86065674,0.86065674,32054,1.2155902,15.271294,46.549984,134583,0,1,5,-305.67752,-47.220917,-182.97427,39.72052,61.014973,-0.016659338,0.04693121,0.124596454,17459394,7,2806,0.021062853,736
4000045000234,29000700003280,4000045000235,4000045000000,29,2.6188614,4000045000235,-1,4000045000233,4000045000234,-1,22,1.549182,1.549182,1.6352477,32054,1.3687121,15.244847,46.688267,134583,0,1,5,-313.2978,-59.39255,-180.64853,37.901207,60.958813,0.13562395,0.077185646,0.30659184,17459395,7,3280,0.012783614,184
4000045000235,28000700002782,4000045000235,4000045000000,28,2.8311827,-1,-1,4000045000234,4000045000235,-1,28,1.549182,1.3770508,1.6352477,32054,1.551075,15.29108,46.768063,134583,0,1,5,-290.34872,-55.113995,-167.91164,39.452408,64.445854,0.21470706,-0.045487296,0.13746691,17459395,7,2782,0.015547915,482