haloID,subHaloID,lastProgenitorId,treeId,snapNum,redshift,firstProgenitorId,nextProgenitorId,descendantId,firstHaloInFOFgroupId,nextHaloInFOFgroupId,np,m_Mean200,m_Crit200,m_TopHat,phKey,x,y,z,zIndex,ix,iy,iz,velX,velY,velZ,velDisp,vMax,spinX,spinY,spinZ,mostBoundID,fileNr,subhaloIndex,halfmassRadius,random
6000059000000,63000600000298,6000059000240,6000059000000,63,0.0,6000059000001,-1,-1,6000059000000,-1,2812,269.38556,200.96335,236.4224,26321,29.349445,45.411716,42.496174,204540,3,5,4,244.33244,-15.251384,-65.723434,130.1291,238.29016,1.8939792,1.5330898,1.4293453,15833838,6,298,0.09707392,583
6000059000001,62000600000297,6000059000235,6000059000000,62,0.019932542,6000059000002,6000059000236,6000059000000,6000059000001,6000059000236,2760,266.63144,200.79121,234.1847,26321,29.301321,45.414925,42.506668,204540,3,5,4,244.46808,-14.900489,-67.49106,130.52629,237.4063,1.8348905,1.4960219,1.432012,15833539,6,297,0.09316337,251
6000059000002,61000600000292,6000059000235,6000059000000,61,0.041403063,6000059000003,-1,6000059000001,6000059000002,-1,2769,264.738,198.72563,231.86092,26322,29.252794,45.41806,42.52316,204533,3,5,4,244.17726,-14.160726,-72.69306,131.1576,238.43282,2.0206037,1.4918922,1.5290555,15833838,6,292,0.09873942,566
6000059000003,60000600000219,6000059000235,6000059000000,60,0.064493395,6000059000004,-1,6000059000002,6000059000003,6000059000237,2682,261.29538,194.42235,229.19289,26322,29.19857,45.423035,42.5426,204533,3,5,4,242.42691,-12.571046,-76.00641,127.430374,232.45215,1.7632085,1.475532,1.2399522,15833317,6,219,0.09472142,327
6000059000004,59000600000293,6000059000235,6000059000000,59,0.08928783,6000059000005,-1,6000059000003,6000059000004,-1,2632,257.33636,192.2707,225.1478,26322,29.14716,45.42854,42.56435,204533,3,5,4,242.64354,-11.161269,-83.20596,127.66286,231.7092,1.5657678,1.5279615,1.2351427,15833684,6,293,0.09532881,973
6000059000005,58000600000293,6000059000235,6000059000000,58,0.11588337,6000059000006,-1,6000059000004,6000059000005,6000059000239,2628,254.58226,190.37726,222.82402,26322,29.089554,45.42773,42.58778,204533,3,5,4,240.1545,-9.442486,-88.69784,127.81176,234.73405,1.9324902,1.280859,1.4907194,15833533,6,293,0.09660992,192
6000059000006,57000600000302,6000059000235,6000059000000,57,0.14438343,6000059000007,-1,6000059000005,6000059000006,6000059000240,2665,250.02078,187.62317,221.53304,26322,29.025845,45.429485,42.614006,204533,3,5,4,239.87091,-9.832324,-92.27388,127.19752,233.25337,2.101465,1.4690421,1.6498005,15834077,6,302,0.097388454,919
6000059000007,56000600000310,6000059000235,6000059000000,56,0.17489761,6000059000008,-1,6000059000006,6000059000007,-1,2637,247.86914,184.86906,219.3814,26322,28.949791,45.428547,42.639313,204533,3,5,4,240.81006,-10.30211,-96.486664,130.27463,238.8393,2.297049,1.3535182,1.7015847,15833317,6,310,0.09361593,877
6000059000008,55000600000267,6000059000235,6000059000000,55,0.20754863,6000059000009,-1,6000059000007,6000059000008,-1,2648,244.85684,183.57808,218.09041,26322,28.868673,45.429283,42.665115,204533,3,5,4,235.71907,-8.918988,-102.95831,129.3952,234.25064,2.2734804,1.1930559,1.8403776,15833317,6,267,0.09409962,261
6000059000009,54000600000310,6000059000235,6000059000000,54,0.24246909,6000059000010,-1,6000059000008,6000059000009,-1,2703,242.7052,183.75021,218.09041,26322,28.790115,45.435715,42.693756,204533,3,5,4,235.93568,-9.636003,-105.39971,128.1079,231.47229,2.3826215,1.2432678,2.1591003,15833533,6,310,0.095216736,540
6000059000010,53000600000255,6000059000233,6000059000000,53,0.2798018,6000059000011,6000059000234,6000059000009,6000059000010,6000059000234,2539,241.67241,187.36496,218.43468,26322,28.709427,45.441967,42.729836,204533,3,5,4,232.57771,-7.770686,-110.17938,131.92236,238.02628,1.9470088,1.2494686,2.0854304,15833533,6,255,0.09171219,558
6000059000011,52000600000241,6000059000192,6000059000000,52,0.31970343,6000059000012,6000059000193,6000059000010,6000059000011,6000059000193,2558,239.77896,186.24611,221.79123,26322,28.62467,45.44723,42.77351,204533,3,5,4,231.12108,-11.060334,-114.631424,132.5607,234.4403,1.736358,1.437189,1.8875601,15833539,6,241,0.08869695,21
6000059000012,51000600000240,6000059000192,6000059000000,51,0.36234027,6000059000013,-1,6000059000011,6000059000012,6000059000194,2608,241.32814,187.45103,220.15599,26322,28.539846,45.44645,42.816788,204533,3,5,4,227.06187,-8.686688,-117.06507,134.15274,235.34032,1.8805095,1.3736305,1.9816589,15833621,6,240,0.09151417,971
6000059000013,50000600000242,6000059000192,6000059000000,50,0.40789944,6000059000014,-1,6000059000012,6000059000013,6000059000195,2514,239.34863,190.5494,223.77075,26322,28.45273,45.44882,42.861244,204533,3,5,4,224.15144,-8.703208,-119.636635,137.37953,235.24939,1.9014425,1.2355973,1.669144,15833621,6,242,0.08804851,367
6000059000014,49000600000257,6000059000192,6000059000000,49,0.45657724,6000059000015,-1,6000059000013,6000059000014,6000059000196,2508,237.36913,196.48793,224.97566,26322,28.367306,45.450424,42.909203,204533,3,5,4,220.20406,-7.396525,-120.458984,140.19583,235.1306,2.3122094,1.0225925,2.1156518,15833621,6,257,0.085710056,662
6000059000015,48000600000254,6000059000176,6000059000000,48,0.5085914,6000059000016,6000059000177,6000059000014,6000059000015,6000059000197,2329,232.80765,197.00432,221.01665,26322,28.282772,45.443005,42.962704,204532,3,5,4,216.47043,-4.899322,-121.6425,145.59282,242.68121,1.5299112,0.88097805,2.0982103,15833621,6,254,0.075682454,837
6000059000016,47000600000247,6000059000176,6000059000000,47,0.5641766,6000059000017,-1,6000059000015,6000059000016,6000059000178,2437,223.08221,191.41005,213.3568,26317,28.187845,45.439323,43.018627,204752,3,5,4,217.0083,-10.965681,-127.42195,145.8985,245.38315,1.8427126,1.3380797,2.2880204,15833311,6,247,0.07620524,498
6000059000017,46000600000237,6000059000176,6000059000000,46,0.6235901,6000059000018,-1,6000059000016,6000059000017,6000059000198,2304,214.38959,181.5125,204.3199,26317,28.08579,45.42046,43.079983,204752,3,5,4,219.16632,-0.37696487,-130.51628,139.36331,235.29408,2.5873847,0.8435842,1.6503159,15833533,6,237,0.07793369,335
6000059000018,45000600000254,6000059000176,6000059000000,45,0.6871088,6000059000019,-1,6000059000017,6000059000018,6000059000199,2227,202.94286,162.66412,191.84038,26317,27.981117,45.412292,43.14695,204752,3,5,4,216.54753,-3.2782001,-130.38162,137.6816,237.37288,1.94515,0.6319087,1.8226067,15833533,6,254,0.07787472,827
6000059000019,44000600000259,6000059000176,6000059000000,44,0.75503564,6000059000020,-1,6000059000018,6000059000019,6000059000200,2109,184.09447,162.31985,178.75839,26317,27.876785,45.40814,43.21258,204752,3,5,4,214.68675,-4.43652,-133.76749,133.47252,226.92561,1.92683,1.0622687,1.0423248,15833844,6,259,0.07883435,668
6000059000020,43000600000292,6000059000140,6000059000000,43,0.8276991,6000059000021,6000059000141,6000059000019,6000059000020,6000059000157,1960,179.36086,159.30756,175.91823,26317,27.765066,45.417725,43.284718,204752,3,5,4,211.88628,-6.2248244,-130.55577,139.60202,232.21779,1.528989,0.79076535,0.45668373,15833311,6,292,0.06821356,676
6000059000021,42000600000275,6000059000139,6000059000000,42,0.9054624,6000059000022,6000059000140,6000059000020,6000059000021,6000059000158,1798,173.07806,157.75838,170.84036,26317,27.669592,45.4351,43.356964,204752,3,5,4,206.21985,-9.798543,-131.41774,145.94391,235.55618,1.6522664,0.8122887,0.33891606,15833317,6,275,0.06071528,875
6000059000022,41000600000215,6000059000139,6000059000000,41,0.98870814,6000059000023,-1,6000059000021,6000059000022,6000059000159,1736,165.59035,153.28296,164.29936,26317,27.57591,45.44821,43.41136,204752,3,5,4,202.1458,-14.378378,-129.3456,149.49522,245.64507,1.248821,0.95466304,0.29239315,15833311,6,215,0.054339122,861
6000059000023,40000600000250,6000059000139,6000059000000,40,1.0778745,6000059000024,-1,6000059000022,6000059000023,6000059000160,1694,159.2215,148.80754,158.53296,26317,27.470243,45.467167,43.482166,204752,3,5,4,200.86156,-11.289601,-127.122856,139.50262,228.38512,1.2308104,0.8097131,0.25193283,15833317,6,250,0.06057216,208
6000059000024,39000600000193,6000059000111,6000059000000,39,1.173417,6000059000025,6000059000112,6000059000023,6000059000024,6000059000116,1609,145.70918,134.26245,145.27885,26317,27.372837,45.473488,43.539593,204752,3,5,4,190.83922,-13.636163,-133.67351,135.57275,225.03201,1.4171003,0.12822293,0.4195291,15834004,6,193,0.059809078,541
6000059000025,38000600000194,6000059000111,6000059000000,38,1.2758462,6000059000026,-1,6000059000024,6000059000025,6000059000162,1514,136.50015,120.49194,136.50015,26354,27.267105,45.488132,43.617054,204697,3,5,4,183.05432,-8.269464,-129.81972,140.6168,232.01842,1.0327678,0.32566342,0.7677885,15834004,6,194,0.054848623,430
6000059000026,37000600000176,6000059000109,6000059000000,37,1.3857181,6000059000027,6000059000110,6000059000025,6000059000026,6000059000163,1614,128.66818,120.49194,129.52884,26354,27.160902,45.484528,43.680515,204697,3,5,4,177.56615,-7.5465746,-129.37518,138.22005,227.60425,0.8024209,0.36154675,0.89542407,15833317,6,176,0.060431,775
6000059000027,36000600000186,6000059000109,6000059000000,36,1.5036365,6000059000028,-1,6000059000026,6000059000027,6000059000111,1513,133.22966,124.88129,134.69278,26354,27.052185,45.480816,43.760624,204697,3,5,4,173.90553,-0.014216427,-129.51083,146.56174,232.46976,0.64796746,0.3703449,1.216086,15833281,6,186,0.052685086,206
6000059000028,35000600000167,6000059000109,6000059000000,35,1.6302707,6000059000029,-1,6000059000027,6000059000028,-1,1450,132.02473,128.49605,133.22966,26354,26.947891,45.47747,43.858482,204697,3,5,4,166.44887,-1.3164183,-130.25374,158.75317,246.05621,0.4844071,0.38995966,1.12846,15833591,6,167,0.047949832,484
6000059000029,34000600000151,6000059000109,6000059000000,34,1.766336,6000059000030,-1,6000059000028,6000059000029,-1,1390,120.23374,115.75833,121.955055,26354,26.839745,45.47243,43.9588,204701,3,5,4,166.89874,-0.5623713,-128.40396,157.67145,253.2287,0.5798723,0.5057747,1.1364362,15833284,6,151,0.04023929,597
6000059000030,33000600000170,6000059000090,6000059000000,33,1.9126327,6000059000031,6000059000091,6000059000029,6000059000030,6000059000097,1171,99.40585,91.65994,102.93454,26354,26.722136,45.4452,44.03397,204701,2,5,4,183.07312,-4.4985,-132.16042,142.87338,231.81644,0.32260966,0.27343902,0.62214077,15833309,6,170,0.042337403,905
6000059000031,32000600000165,6000059000080,6000059000000,32,2.0700274,6000059000032,6000059000081,6000059000030,6000059000031,6000059000081,945,83.827965,80.38534,86.496,26354,26.613018,45.44555,44.08586,204701,2,5,4,189.51376,-7.399307,-122.554794,138.35393,220.27594,0.28175163,0.319729,0.3703984,15833587,6,165,0.037648447,585
6000059000032,31000600000158,6000059000080,6000059000000,31,2.2394855,6000059000033,-1,6000059000031,6000059000032,6000059000082,887,73.32795,70.05746,76.16812,26354,26.52125,45.444622,44.134678,204701,2,5,4,184.35602,-4.891609,-119.277054,138.09567,225.88943,-0.017881807,0.53431696,0.024235494,15833840,6,158,0.032526515,725
6000059000033,30000600000137,6000059000068,6000059000000,30,2.422044,6000059000034,6000059000069,6000059000032,6000059000033,6000059000083,808,68.07795,67.21729,69.368935,26354,26.399572,45.43486,44.18645,204701,2,5,4,182.26646,-3.8295283,-125.20539,145.46005,229.71794,0.06259945,0.30970368,0.009177277,15833903,6,137,0.02861289,991
6000059000034,29000600000136,6000059000061,6000059000000,29,2.6188614,6000059000035,6000059000062,6000059000033,6000059000034,6000059000084,688,57.922195,57.06154,58.782852,26354,26.286472,45.431473,44.28761,204700,2,5,4,191.96335,4.7905865,-130.18808,128.52457,219.28217,0.14491458,0.4702163,-0.014891613,15833587,6,136,0.027253125,424
6000059000035,28000600000121,6000059000061,6000059000000,28,2.8311827,6000059000036,-1,6000059000034,6000059000035,6000059000071,600,47.68038,46.647594,48.971367,26354,26.149776,45.427185,44.377937,204700,2,5,4,200.21439,2.5916505,-123.00141,125.234055,208.11772,-0.009539949,0.22162424,-0.042064536,15833587,6,121,0.025813513,8
6000059000036,27000600000119,6000059000061,6000059000000,27,3.060419,6000059000037,-1,6000059000035,6000059000036,-1,593,47.50825,47.33612,49.315628,26354,26.053387,45.424152,44.46242,204700,2,5,4,198.36751,0.8550615,-125.70114,120.3363,202.90446,-0.028215794,0.13210063,-0.03727224,15833539,6,119,0.028157895,180
6000059000037,26000600000096,6000059000061,6000059000000,26,3.3080978,6000059000038,-1,6000059000036,6000059000037,-1,551,47.76645,47.68038,48.54104,26354,25.944027,45.406944,44.522076,204700,2,5,4,183.41891,-4.467543,-124.515625,137.29214,223.15381,-0.13490683,0.10957302,-0.18313044,15833536,6,96,0.02255042,395
6000059000038,25000600000092,6000059000061,6000059000000,25,3.575905,6000059000039,-1,6000059000037,6000059000038,-1,493,43.807426,43.54923,44.323822,26354,25.832785,45.428833,44.578434,204700,2,5,4,172.62984,-4.2154455,-115.80081,148.6779,236.13583,-0.14156537,0.14710781,-0.16895029,15833536,6,92,0.017015725,833
6000059000039,24000600000071,6000059000054,6000059000000,24,3.8656828,6000059000040,6000059000055,6000059000038,6000059000039,6000059000055,428,36.147583,36.061516,37.094303,26354,25.735573,45.41975,44.64177,204700,2,5,4,163.11319,14.547185,-111.00312,124.37631,200.66685,-0.49012262,0.10378126,-0.122299656,15833906,6,71,0.021555174,435
6000059000040,23000600000098,6000059000047,6000059000000,23,4.1794686,6000059000041,6000059000048,6000059000039,6000059000040,6000059000048,66,16.352478,16.008215,17.47133,26354,25.681347,45.425907,44.754124,204700,2,5,5,121.85742,14.78737,-176.36307,82.31052,137.4921,-0.09183075,0.14077088,-0.02146125,15833310,6,98,0.0070227287,53
6000059000041,22000600000075,6000059000047,6000059000000,22,4.5195556,6000059000042,-1,6000059000040,6000059000041,6000059000049,206,12.13526,12.13526,13.598376,26354,25.614918,45.412403,44.86349,204700,2,5,5,128.71309,28.549002,-151.01085,94.93939,155.81754,-0.003756948,-0.061577816,0.051777706,15833310,6,75,0.016325079,748
6000059000042,21000600000113,6000059000047,6000059000000,21,4.888449,6000059000043,-1,6000059000041,6000059000042,-1,166,12.73772,12.73772,13.254113,26357,25.538921,45.393787,44.948944,204728,2,5,5,125.45109,23.623919,-153.02217,99.398506,160.94452,0.15603822,0.09466304,-0.09571578,15833279,6,113,0.013220083,234
6000059000043,20000600000106,6000059000047,6000059000000,20,5.2888336,6000059000044,-1,6000059000042,6000059000043,-1,127,10.8442745,10.8442745,10.8442745,26357,25.47405,45.36111,44.984554,204728,2,5,5,126.65557,29.885187,-144.0584,104.407745,165.81241,0.027770218,0.13214967,-0.0671973,15833284,6,106,0.009152856,521
6000059000044,19000600000101,6000059000047,6000059000000,19,5.7238646,6000059000045,-1,6000059000043,6000059000044,-1,116,7.573779,7.573779,8.434436,26357,25.433964,45.347336,45.042744,204728,2,5,5,124.555275,26.554321,-132.56892,91.56715,144.1309,-0.053176,0.13956587,-0.09163945,15833309,6,101,0.011341139,670
6000059000045,18000600000071,6000059000047,6000059000000,18,6.1968336,6000059000046,-1,6000059000044,6000059000045,-1,103,4.3893495,4.3893495,4.6475463,26358,25.38276,45.34156,45.12603,204721,2,5,5,122.38588,24.64144,-123.94509,78.77337,129.03827,-0.019821404,0.1360657,-0.095858686,15833280,6,71,0.012952539,416
6000059000046,17000600000122,6000059000047,6000059000000,17,6.7115865,6000059000047,-1,6000059000045,6000059000046,-1,55,2.5819702,2.5819702,2.7541015,26358,25.350851,45.32374,45.208836,204721,2,5,5,100.57803,14.024354,-104.474266,70.41751,112.658516,0.094076246,-0.14124382,0.006725668,15833284,6,122,0.009829011,565
6000059000047,16000600000383,6000059000047,6000059000000,16,7.272188,-1,-1,6000059000046,6000059000047,-1,20,0.0,0.0,0.0,26358,25.344501,45.343864,45.324856,204721,2,5,5,81.407486,20.145037,-132.88199,51.105553,72.24124,-0.004852626,-0.08592643,0.020307902,15833292,6,383,0.009067355,500
6000059000048,23000600000097,6000059000054,6000059000000,23,4.1794686,6000059000049,-1,6000059000039,6000059000040,-1,205,0.0,0.0,0.0,26354,25.655704,45.328926,44.635906,204700,2,5,4,145.2703,26.812635,-74.34008,105.2702,153.11266,-0.5288809,0.2718453,-0.22746137,15833562,6,97,0.017134888,603
6000059000049,22000600000076,6000059000054,6000059000000,22,4.5195556,6000059000050,-1,6000059000048,6000059000041,-1,49,0.0,0.0,0.0,26354,25.605526,45.300472,44.62818,204700,2,5,4,103.63706,8.945055,10.473171,73.00472,113.0612,-0.1458845,-0.015575738,-0.08219712,15833548,6,76,0.007914744,290
6000059000050,21000600000389,6000059000054,6000059000000,21,4.888449,6000059000051,-1,6000059000049,6000059000050,-1,56,4.905743,4.905743,4.991809,26354,25.549402,45.300014,44.62209,204700,2,5,4,103.13795,-18.299416,-5.6280556,74.7711,119.4325,-0.18867545,-0.07854154,-0.22911018,15833500,6,389,0.008237024,426
6000059000051,20000600000389,6000059000054,6000059000000,20,5.2888336,6000059000052,-1,6000059000050,6000059000051,-1,51,3.442627,3.442627,3.442627,26354,25.518343,45.27876,44.61636,204700,2,5,4,96.792336,-25.049944,-18.448963,65.44735,107.06525,-0.1596437,-0.051116694,-0.15246482,15833547,6,389,0.008990139,16
6000059000052,19000600000460,6000059000054,6000059000000,19,5.7238646,6000059000053,-1,6000059000051,6000059000052,-1,37,2.4959044,2.4959044,2.4959044,26354,25.464235,45.299755,44.62582,204700,2,5,4,82.04247,-17.889729,-18.976048,64.53564,108.68697,-0.11753618,-0.009822526,-0.03333098,15833547,6,460,0.0065335664,115
6000059000053,18000600000500,6000059000054,6000059000000,18,6.1968336,6000059000054,-1,6000059000052,6000059000053,-1,29,1.8934448,1.8934448,1.8934448,26354,25.418333,45.297398,44.666462,204700,2,5,5,87.402855,-28.653282,-15.389513,61.317017,99.76709,-0.043646663,-0.03978429,-0.05157645,15833547,6,500,0.0058594975,183
6000059000054,17000600000319,6000059000054,6000059000000,17,6.7115865,-1,-1,6000059000053,6000059000054,-1,29,1.032788,1.032788,1.2049193,26353,25.373606,45.297573,44.67791,204693,2,5,5,85.3677,-11.976831,-45.13378,46.63394,85.511154,-0.0060435715,0.13147831,0.0037886628,15833547,6,319,0.008402243,122
6000059000055,24000600000072,6000059000061,6000059000000,24,3.8656828,6000059000056,-1,6000059000038,6000059000039,-1,24,0.0,0.0,0.0,26354,25.723742,45.525574,44.689884,204700,2,5,5,249.37929,-185.38902,-130.28107,65.700035,102.26535,0.082120776,0.05840515,-0.04958889,15833646,6,72,0.0047524264,36
6000059000056,23000600000472,6000059000061,6000059000000,23,4.1794686,6000059000057,-1,6000059000055,6000059000056,-1,77,6.799188,6.799188,6.799188,26354,25.59616,45.613777,44.75869,204700,2,5,5,231.45229,-117.89009,-120.76499,72.55625,125.29585,0.06130174,0.081529684,0.053890307,15833708,6,472,0.0107911555,43
6000059000057,22000600000513,6000059000061,6000059000000,22,4.5195556,6000059000058,-1,6000059000056,6000059000057,-1,65,4.733612,4.733612,5.0778747,26354,25.44897,45.668163,44.82761,204700,2,5,5,210.65479,-89.71084,-110.82808,64.414566,107.02837,0.16372442,0.16318339,0.10036476,15833703,6,513,0.010818046,293
6000059000058,21000600000429,6000059000061,6000059000000,21,4.888449,6000059000059,-1,6000059000057,6000059000058,-1,60,3.0122986,2.9262328,3.0122986,26353,25.381783,45.7161,44.887337,204693,2,5,5,206.8558,-75.26647,-102.45593,59.555527,104.786934,0.10691042,0.17314881,0.15056409,15833714,6,429,0.012818291,184
6000059000059,20000600000714,6000059000061,6000059000000,20,5.2888336,6000059000060,-1,6000059000058,6000059000059,-1,33,1.7213135,1.7213135,1.7213135,26353,25.238876,45.827206,44.886528,204693,2,5,5,187.9726,-86.68911,-81.5754,49.714054,85.35655,0.010186125,-0.025289677,-0.08842177,15833668,6,714,0.008959483,800
6000059000060,19000600001078,6000059000061,6000059000000,19,5.7238646,6000059000061,-1,6000059000059,6000059000060,-1,20,1.4631164,1.4631164,1.549182,26358,25.140223,45.842022,44.936054,204721,2,5,5,171.8741,-78.20018,-66.49081,46.432407,94.608215,-0.04865438,-0.02159007,-0.013305083,15833704,6,1078,0.0049127685,51
6000059000061,18000600000501,6000059000061,6000059000000,18,6.1968336,-1,-1,6000059000060,6000059000061,-1,29,1.6352477,1.6352477,1.6352477,26358,25.04908,45.88994,44.97679,204721,2,5,5,163.85202,-56.20854,-76.89201,48.437862,94.61535,0.10820965,0.056181405,0.01712453,15833704,6,501,0.0066143204,762
6000059000062,29000600001648,6000059000068,6000059000000,29,2.6188614,6000059000063,-1,6000059000033,6000059000062,-1,40,3.18443,2.9262328,3.2704954,26354,26.193838,45.703915,44.355053,204700,2,5,4,270.0168,-194.59076,-125.87462,44.955315,80.69058,-0.09269402,-0.08986762,0.076672174,15833681,6,1648,0.01467239,307
6000059000063,28000600002002,6000059000068,6000059000000,28,2.8311827,6000059000064,-1,6000059000062,6000059000063,-1,34,2.840167,2.6680357,2.9262328,26354,26.045643,45.798916,44.437992,204700,2,5,4,241.24863,-159.78923,-126.0234,47.972004,79.4977,0.017825551,-0.14347275,0.09204646,15833728,6,2002,0.011294729,540
6000059000064,27000600002194,6000059000068,6000059000000,27,3.060419,6000059000065,-1,6000059000063,6000059000064,-1,29,2.3237731,2.3237731,2.4098387,26354,25.890621,45.865665,44.509647,204700,2,5,4,221.93152,-137.20888,-131.0198,44.54794,77.65527,-0.028794494,0.039139662,0.027446494,15833699,6,2194,0.011257827,408
6000059000065,26000600002328,6000059000068,6000059000000,26,3.3080978,6000059000066,-1,6000059000064,6000059000065,-1,25,1.8073791,1.8073791,1.9795104,26354,25.775307,45.960827,44.589027,204702,2,5,4,211.49922,-121.730354,-134.59502,40.302174,71.151184,-0.04481888,-0.018531203,-0.019590717,15833691,6,2328,0.01001888,286
6000059000066,25000600002320,6000059000068,6000059000000,25,3.575905,6000059000067,-1,6000059000065,6000059000066,-1,22,1.2049193,1.2049193,1.3770508,26354,25.669163,45.996346,44.645996,204702,2,5,5,203.64993,-112.05568,-121.09288,38.722095,68.3597,0.06220501,-0.012107495,-0.064659715,15392390,6,2320,0.011242342,530
6000059000067,24000600002298,6000059000068,6000059000000,24,3.8656828,6000059000068,-1,6000059000066,6000059000067,-1,21,1.4631164,1.4631164,1.4631164,26354,25.553469,46.073814,44.723797,204702,2,5,5,185.39673,-100.179474,-121.103424,36.50886,73.73134,-0.04131244,-0.07200953,-0.018714644,15833691,6,2298,0.00986056,929
6000059000068,23000600002121,6000059000068,6000059000000,23,4.1794686,-1,-1,6000059000067,6000059000068,-1,20,0.86065674,0.86065674,1.2049193,26354,25.455585,46.13116,44.79145,204702,2,5,5,184.1692,-91.51556,-116.58413,35.460964,66.96127,-0.047415674,-0.009926497,-0.016607339,15392390,6,2121,0.010947974,578
6000059000069,30000600000139,6000059000080,6000059000000,30,2.422044,6000059000070,-1,6000059000032,6000059000033,-1,20,0.0,0.0,0.0,26354,26.294985,45.44671,44.277527,204700,2,5,4,82.19614,81.33575,28.821693,55.350456,76.26373,0.062299266,0.040368352,0.019774893,15832344,6,139,0.007865813,18
6000059000070,29000600000138,6000059000080,6000059000000,29,2.6188614,6000059000071,-1,6000059000069,6000059000034,-1,31,0.0,0.0,0.0,26354,26.349619,45.407043,44.207977,204700,2,5,4,-100.78528,44.290394,25.376076,63.27869,99.56466,-0.06109219,0.0045145676,-0.035628766,15833011,6,138,0.006503396,973
6000059000071,28000600000122,6000059000080,6000059000000,28,2.8311827,6000059000072,-1,6000059000070,6000059000035,-1,63,0.0,0.0,0.0,26354,26.365124,45.402626,44.233013,204700,2,5,4,-31.744448,41.41043,-63.41654,56.393326,99.98481,-0.28926396,-0.15702276,-0.07001533,15832979,6,122,0.012877966,673
6000059000072,27000600000951,6000059000080,6000059000000,27,3.060419,6000059000073,-1,6000059000071,6000059000072,-1,71,6.1106625,5.8524656,6.282794,26354,26.372334,45.37458,44.263165,204701,2,5,4,15.6602335,33.793766,-79.466965,58.748985,102.1971,-0.22905433,0.04870244,-0.026581347,15833011,6,951,0.014586969,356
6000059000073,26000600000925,6000059000080,6000059000000,26,3.3080978,6000059000074,-1,6000059000072,6000059000073,-1,63,5.594269,5.4221373,5.7664,26354,26.359947,45.366756,44.310246,204700,2,5,4,17.333498,35.90343,-95.788925,61.39627,108.33526,-0.14498056,-0.10424276,-0.25854856,15832979,6,925,0.010735545,588
6000059000074,25000600000806,6000059000080,6000059000000,25,3.575905,6000059000075,-1,6000059000073,6000059000074,-1,64,4.8196774,4.8196774,5.0778747,26354,26.370035,45.34893,44.3677,204701,2,5,4,34.260563,36.60019,-95.028564,59.92335,101.64873,-0.14430541,-0.12089724,-0.1851353,15832336,6,806,0.013217263,192
6000059000075,24000600000752,6000059000080,6000059000000,24,3.8656828,6000059000076,-1,6000059000074,6000059000075,-1,61,3.8729553,3.7868896,3.8729553,26354,26.318674,45.34605,44.4303,204700,2,5,4,35.12059,33.632755,-106.977486,62.159695,109.45831,-0.14178585,-0.15546021,-0.23527673,15832979,6,752,0.010180119,156
6000059000076,23000600000706,6000059000080,6000059000000,23,4.1794686,6000059000077,-1,6000059000075,6000059000076,-1,55,3.3565612,3.3565612,3.5286925,26354,26.30127,45.31223,44.4985,204700,2,5,4,40.301422,39.155167,-108.391464,59.542553,103.67728,-0.12355071,-0.16585597,-0.19656178,15832979,6,706,0.009858282,25
6000059000077,22000600000760,6000059000080,6000059000000,22,4.5195556,6000059000078,-1,6000059000076,6000059000077,-1,44,2.1516418,2.1516418,2.1516418,26354,26.26551,45.304443,44.550503,204700,2,5,4,35.622433,46.596096,-115.88311,50.335297,89.054535,-0.060378123,0.00986507,-0.0040688203,15832336,6,760,0.010765062,381
6000059000078,21000600000953,6000059000080,6000059000000,21,4.888449,6000059000079,-1,6000059000077,6000059000078,-1,32,2.3237731,2.3237731,2.5819702,26354,26.246042,45.26568,44.628418,204700,2,5,4,49.094345,40.617325,-111.72355,54.958023,96.40353,-0.07035515,-0.10031928,-0.038967848,15832336,6,953,0.0067706904,630
6000059000079,20000600001101,6000059000080,6000059000000,20,5.2888336,6000059000080,-1,6000059000078,6000059000079,-1,24,1.9795104,1.9795104,1.9795104,26354,26.229862,45.231625,44.693504,204700,2,5,5,39.82998,37.056534,-100.08488,54.682667,96.07362,-0.031862214,0.033074323,-0.04222949,15832336,6,1101,0.0070527643,615
6000059000080,19000600001019,6000059000080,6000059000000,19,5.7238646,-1,-1,6000059000079,6000059000080,-1,21,1.3770508,1.3770508,1.4631164,26354,26.221855,45.231354,44.739758,204700,2,5,5,37.76035,45.21396,-93.2214,50.438698,86.21883,-0.020591322,0.03715169,-0.00172487,15833008,6,1019,0.0060424064,793
6000059000081,32000600000166,6000059000090,6000059000000,32,2.0700274,6000059000082,-1,6000059000030,6000059000031,-1,23,0.0,0.0,0.0,26354,26.480932,45.49866,44.308605,204701,2,5,4,172.73868,-31.836794,-332.2361,43.344353,80.49724,0.0022886067,-0.022985188,0.05488242,15833198,6,166,0.009780684,889
6000059000082,31000600000159,6000059000090,6000059000000,31,2.2394855,6000059000083,-1,6000059000081,6000059000032,-1,31,0.0,0.0,0.0,26354,26.40171,45.521435,44.498524,204701,2,5,4,110.21982,-11.647378,-272.35577,44.67968,77.34382,0.023504596,-0.0398115,-0.0017563446,15833195,6,159,0.011363718,462
6000059000083,30000600000138,6000059000090,6000059000000,30,2.422044,6000059000084,-1,6000059000082,6000059000033,6000059000069,34,0.0,0.0,0.0,26354,26.347427,45.508442,44.643044,204700,2,5,5,77.28772,-6.872254,-232.90466,42.215046,76.340996,-0.0027728153,-0.01604501,-0.0054096314,15833135,6,138,0.014745377,671
6000059000084,29000600000137,6000059000090,6000059000000,29,2.6188614,6000059000085,-1,6000059000083,6000059000034,6000059000070,40,0.0,0.0,0.0,26354,26.299992,45.52502,44.750504,204700,2,5,5,53.00268,-5.652074,-207.29465,43.27423,79.22126,0.005741184,-0.03751789,-0.09414427,15833213,6,137,0.01395135,822
6000059000085,28000600001468,6000059000090,6000059000000,28,2.8311827,6000059000086,-1,6000059000084,6000059000085,-1,36,3.18443,3.0122986,3.442627,26354,26.257854,45.51361,44.839348,204700,2,5,5,26.43767,-11.412619,-178.59079,51.47965,77.23917,0.0044443836,0.07456153,-0.04519766,15833214,6,1468,0.012887367,802
6000059000086,27000600001338,6000059000090,6000059000000,27,3.060419,6000059000087,-1,6000059000085,6000059000086,-1,34,3.6147583,3.442627,3.6147583,26357,26.254545,45.531914,44.944836,204728,2,5,5,18.951628,-18.769114,-156.77182,50.77502,94.185844,-0.0017376713,0.038318608,0.0024993317,15833213,6,1338,0.008263763,97
6000059000087,26000600002040,6000059000090,6000059000000,26,3.3080978,6000059000088,-1,6000059000086,6000059000087,-1,30,2.2377074,2.2377074,2.5819702,26357,26.226692,45.55134,45.028954,204728,2,5,5,23.754622,-14.7659235,-141.94096,51.261932,81.906075,-0.017592983,-0.0074217343,-0.0030371696,15833213,6,2040,0.009448947,188
6000059000088,25000600001997,6000059000090,6000059000000,25,3.575905,6000059000089,-1,6000059000087,6000059000088,-1,28,2.065576,2.065576,2.065576,26357,26.219675,45.55804,45.10837,204728,2,5,5,33.322422,-19.179987,-140.33264,41.212334,76.61735,-0.012786121,-0.024137966,0.029961133,15833212,6,1997,0.01083311,74
6000059000089,23000600001942,6000059000090,6000059000000,23,4.1794686,6000059000090,-1,6000059000088,6000059000089,-1,23,1.3770508,1.3770508,1.4631164,26357,26.187542,45.591507,45.26391,204728,2,5,5,38.37973,-16.845808,-123.77057,37.709915,73.02202,0.012830791,0.011019332,0.052970793,15833212,6,1942,0.009910135,819
6000059000090,21000600001677,6000059000090,6000059000000,21,4.888449,-1,-1,6000059000089,6000059000090,-1,20,1.6352477,1.6352477,1.6352477,26357,26.15422,45.616318,45.40948,204728,2,5,5,35.060467,-14.409256,-111.20894,49.293495,89.00867,0.02299417,-0.040155146,0.04108815,15833216,6,1677,0.0062194415,266
6000059000091,33000600003070,6000059000096,6000059000000,33,1.9126327,6000059000092,6000059000097,6000059000029,6000059000091,-1,26,1.6352477,1.549182,1.6352477,26354,26.663088,45.253242,43.70748,204697,2,5,4,266.634,128.30171,-37.625774,33.640915,58.84533,-0.05071611,0.032959174,-0.083186306,15830083,6,3070,0.016821336,261
6000059000092,32000600002870,6000059000096,6000059000000,32,2.0700274,6000059000093,-1,6000059000091,6000059000092,-1,25,1.549182,1.549182,1.549182,26354,26.51801,45.183125,43.727646,204697,2,5,4,244.43639,110.970856,-58.13672,29.15211,54.236702,-0.09829612,2.542835E-4,-0.048912738,15834003,6,2870,0.016357869,891
6000059000093,31000600002876,6000059000096,6000059000000,31,2.2394855,6000059000094,-1,6000059000092,6000059000093,-1,27,1.6352477,1.2909851,1.8934448,26354,26.370089,45.11345,43.784798,204697,2,5,4,230.39133,93.596985,-76.65379,31.628517,61.990635,-0.12887791,-0.035852797,-0.053717073,15833996,6,2876,0.01704338,826
6000059000094,30000600002945,6000059000096,6000059000000,30,2.422044,6000059000095,-1,6000059000093,6000059000094,-1,25,1.1188537,1.1188537,1.1188537,26354,26.242018,45.043793,43.8533,204696,2,5,4,218.3031,76.84789,-81.49404,36.58392,58.29209,-0.1974994,-0.01460208,-0.06197962,15834003,6,2945,0.018355357,468
6000059000095,29000600003284,6000059000096,6000059000000,29,2.6188614,6000059000096,-1,6000059000094,6000059000095,-1,22,0.9467224,0.6885254,1.2049193,26354,26.148474,45.017925,43.86507,204696,2,5,4,206.9431,72.36068,-95.04454,37.90687,60.462574,-0.13419852,-0.057540014,-0.04176511,15830529,6,3284,0.016170345,32
6000059000096,28000600002491,6000059000096,6000059000000,28,2.8311827,-1,-1,6000059000095,6000059000096,-1,26,1.2049193,1.2049193,1.2049193,26354,26.004053,44.954227,43.956367,204700,2,5,4,193.50429,67.35337,-97.78067,35.71746,66.94702,-0.026023647,-0.052864406,-0.020701513,15834003,6,2491,0.014132423,220
6000059000097,33000600000171,6000059000109,6000059000000,33,1.9126327,6000059000098,-1,6000059000029,6000059000030,-1,52,0.0,0.0,0.0,26354,26.920195,45.53533,43.905025,204697,3,5,4,-98.636665,-20.15847,-44.97029,58.18855,98.890625,0.067320645,0.011662657,-0.029590176,15832899,6,171,0.0118701635,284
6000059000098,32000600000782,6000059000109,6000059000000,32,2.0700274,6000059000099,-1,6000059000097,6000059000098,-1,126,11.360668,10.8442745,11.360668,26354,26.962164,45.549786,43.944134,204697,3,5,4,-46.366524,2.0582664,-69.00485,68.57825,111.831184,-0.06841783,0.09032451,-0.06329308,15832942,6,782,0.02005326,682
6000059000099,31000600000890,6000059000109,6000059000000,31,2.2394855,6000059000100,-1,6000059000098,6000059000099,-1,106,9.811486,9.467224,9.8975525,26354,26.982758,45.53685,43.977528,204701,3,5,4,-22.759897,4.4339204,-77.09902,65.96069,111.42966,-0.006905495,-0.07107017,-0.02833331,15831215,6,890,0.018555397,868
6000059000100,30000600000800,6000059000109,6000059000000,30,2.422044,6000059000101,-1,6000059000099,6000059000100,-1,108,7.057385,6.36886,7.4877133,26354,26.965607,45.5119,44.018723,204701,3,5,4,-7.0120654,16.583382,-80.67882,62.61201,101.8639,-0.022663187,-0.0455535,-0.02800451,15832951,6,800,0.021278838,740
6000059000101,29000600000822,6000059000109,6000059000000,29,2.6188614,6000059000102,-1,6000059000100,6000059000101,-1,96,6.36886,6.282794,6.6270566,26354,26.975594,45.496117,44.082268,204701,3,5,4,9.710268,15.039921,-82.174034,59.288727,99.29769,0.05336185,-0.18978165,0.048678555,15832924,6,822,0.020925518,245
6000059000102,28000600000896,6000059000109,6000059000000,28,2.8311827,6000059000103,-1,6000059000101,6000059000102,-1,84,6.196728,6.1106625,6.6270566,26354,26.981628,45.502445,44.134125,204701,3,5,4,27.438368,6.3506656,-80.90408,58.5318,101.52011,0.1089736,-0.26047185,0.04661758,15832924,6,896,0.018094005,763
6000059000103,27000600000771,6000059000109,6000059000000,27,3.060419,6000059000104,-1,6000059000102,6000059000103,-1,92,5.1639404,5.1639404,5.594269,26354,26.969576,45.523308,44.191055,204701,3,5,4,15.293839,6.924829,-89.28749,61.848198,107.77444,-0.04560023,0.06681265,0.5409504,15832945,6,771,0.015966529,90
6000059000104,26000600000961,6000059000109,6000059000000,26,3.3080978,6000059000105,-1,6000059000103,6000059000104,-1,60,4.217218,3.5286925,4.3032837,26354,26.974709,45.528824,44.227238,204701,3,5,4,36.23329,3.0967283,-80.98196,65.045364,98.60192,0.119843215,-0.045304425,0.08287011,15832951,6,961,0.016150879,941
6000059000105,25000600001040,6000059000109,6000059000000,25,3.575905,6000059000106,-1,6000059000104,6000059000105,-1,53,3.18443,3.18443,3.3565612,26354,26.917406,45.52391,44.24257,204701,3,5,4,34.711063,-5.8765554,-85.78644,54.547318,86.28027,0.1210015,-0.06401912,0.08736481,15832950,6,1040,0.014804237,254
6000059000106,24000600001502,6000059000109,6000059000000,24,3.8656828,6000059000107,-1,6000059000105,6000059000106,-1,34,2.1516418,2.065576,2.2377074,26354,26.86669,45.50627,44.34485,204701,3,5,4,28.708591,-12.617296,-77.52053,53.61126,77.34183,0.042004332,-0.16362064,-0.055247344,15832957,6,1502,0.012064,511
6000059000107,23000600001330,6000059000109,6000059000000,23,4.1794686,6000059000108,-1,6000059000106,6000059000107,-1,33,1.549182,1.549182,1.549182,26354,26.908136,45.533245,44.375404,204701,3,5,4,26.611137,-8.525938,-74.61599,47.002193,77.65803,0.067229256,-0.25759435,-0.06294525,15832959,6,1330,0.011511683,564
6000059000108,22000600001213,6000059000109,6000059000000,22,4.5195556,6000059000109,-1,6000059000107,6000059000108,-1,29,1.032788,0.9467224,1.032788,26354,26.818981,45.511837,44.400513,204701,3,5,4,27.003517,-7.2221766,-70.08826,43.86649,68.749535,0.06429701,-0.21915606,-0.13405529,15832952,6,1213,0.0135607645,591
6000059000109,21000600000848,6000059000109,6000059000000,21,4.888449,-1,-1,6000059000108,6000059000109,-1,36,0.0,0.0,0.0,26354,26.823282,45.514454,44.47634,204701,3,5,4,26.92588,-6.968961,-74.413605,44.888245,71.99189,0.07289466,-0.24550372,-0.08103252,15832945,6,848,0.014182247,477
6000059000110,37000600000178,6000059000111,6000059000000,37,1.3857181,6000059000111,-1,6000059000025,6000059000026,-1,29,0.0,0.0,0.0,26354,27.046843,45.359898,43.86279,204697,3,5,4,239.79504,18.792955,-139.35043,35.67956,55.887077,-0.05083719,0.13383684,-0.16655347,15831211,6,178,0.018528977,273
6000059000111,36000600000187,6000059000111,6000059000000,36,1.5036365,-1,-1,6000059000110,6000059000027,-1,38,0.0,0.0,0.0,26354,26.923605,45.374622,43.938076,204697,3,5,4,194.00972,-32.153133,-69.01606,42.78353,65.57163,-0.104300834,0.11883697,-0.111872,15832945,6,187,0.022662302,606
6000059000112,39000600000196,6000059000115,6000059000000,39,1.173417,6000059000113,6000059000116,6000059000023,6000059000024,-1,21,0.0,0.0,0.0,26354,27.30267,45.317505,43.261753,204697,3,5,4,236.22922,184.81442,17.595366,33.186615,62.733986,0.05249551,-0.13950852,0.031135319,15833991,6,196,0.010664292,476
6000059000113,38000600000982,6000059000115,6000059000000,38,1.2758462,6000059000114,-1,6000059000112,6000059000117,-1,32,0.0,0.0,0.0,26354,27.178116,45.223064,43.263588,204697,3,5,4,230.65863,158.68143,-25.023825,33.908157,63.536114,0.0074891346,-0.36997986,0.21956883,15830109,6,982,0.019086,584
6000059000114,37000600001098,6000059000115,6000059000000,37,1.3857181,6000059000115,-1,6000059000113,6000059000118,-1,32,0.0,0.0,0.0,26354,27.050539,45.134556,43.27775,204697,3,5,4,232.85645,146.35071,-51.103447,35.75157,63.56201,0.16601467,-0.32663468,0.12207961,15830082,6,1098,0.015574838,628
6000059000115,36000600000941,6000059000115,6000059000000,36,1.5036365,-1,-1,6000059000114,6000059000119,-1,33,0.0,0.0,0.0,26354,26.943329,45.056053,43.305256,204697,3,5,4,241.0944,132.8057,-77.76993,32.423386,60.890694,0.18653925,-0.26501295,0.11578717,15833994,6,941,0.021251187,2
6000059000116,39000600000194,6000059000139,6000059000000,39,1.173417,6000059000117,-1,6000059000023,6000059000024,6000059000161,48,0.0,0.0,0.0,26354,27.201025,45.25221,43.423134,204697,3,5,4,245.53183,121.08835,26.339645,37.075348,75.202095,-0.029015465,0.045416795,-0.06566233,15831813,6,194,0.020836959,455
6000059000117,38000600000981,6000059000139,6000059000000,38,1.2758462,6000059000118,-1,6000059000116,6000059000117,6000059000113,68,5.1639404,4.5614805,5.1639404,26354,27.071228,45.20264,43.39022,204697,3,5,4,203.90845,83.89482,17.37464,37.918797,71.92054,0.010348265,-0.09133087,0.060380958,15831813,6,981,0.02724951,284
6000059000118,37000600001097,6000059000139,6000059000000,37,1.3857181,6000059000119,-1,6000059000117,6000059000118,6000059000114,65,4.905743,4.6475463,4.905743,26354,26.958616,45.168976,43.426594,204697,3,5,4,173.56815,53.645264,8.525493,44.537678,81.725655,-0.02660473,-0.038385473,0.010249783,15831821,6,1097,0.019262305,107
6000059000119,36000600000940,6000059000139,6000059000000,36,1.5036365,6000059000120,-1,6000059000118,6000059000119,6000059000115,69,5.0778747,4.8196774,5.1639404,26354,26.876137,45.138195,43.403175,204697,3,5,4,147.56772,33.16364,3.4950228,46.27937,88.07908,-0.0073258015,-0.11588426,-0.10671471,15831821,6,940,0.017932927,189
6000059000120,35000600000966,6000059000139,6000059000000,35,1.6302707,6000059000121,-1,6000059000119,6000059000120,-1,61,5.4221373,5.4221373,5.4221373,26354,26.77892,45.121674,43.437943,204697,2,5,4,122.41774,24.166052,-8.666456,40.478237,76.348694,0.018630726,-0.14801016,-0.09956599,15831100,6,966,0.022455193,203
6000059000121,34000600000940,6000059000139,6000059000000,34,1.766336,6000059000122,-1,6000059000120,6000059000121,-1,97,4.8196774,4.733612,4.905743,26354,26.714056,45.103237,43.429207,204697,2,5,4,154.10365,48.220196,-41.771065,54.738068,76.843025,0.8872162,-0.4174202,0.9854639,15831099,6,940,0.031802427,911
6000059000122,33000600001501,6000059000131,6000059000000,33,1.9126327,6000059000123,6000059000132,6000059000121,6000059000122,-1,55,4.905743,4.8196774,4.991809,26354,26.685999,45.079075,43.42532,204697,2,5,4,94.50393,18.079084,-19.471954,40.720295,77.7103,0.045936484,-0.116987154,-0.075427145,15831111,6,1501,0.017162113,980
6000059000123,32000600001611,6000059000131,6000059000000,32,2.0700274,6000059000124,-1,6000059000122,6000059000123,-1,52,3.5286925,3.5286925,3.5286925,26354,26.637949,45.085617,43.44253,204697,2,5,4,90.97483,13.141646,-33.579884,45.066334,84.55794,0.12306617,-0.10428132,-0.001474998,15831111,6,1611,0.014801587,514
6000059000124,31000600001677,6000059000131,6000059000000,31,2.2394855,6000059000125,-1,6000059000123,6000059000124,-1,52,3.18443,2.9262328,3.3565612,26354,26.615078,45.088417,43.46142,204697,2,5,4,88.138245,9.928889,-45.392666,41.221256,75.08544,0.15569448,-0.17222711,-0.028362472,15831812,6,1677,0.018911831,314
6000059000125,30000600001456,6000059000131,6000059000000,30,2.422044,6000059000126,-1,6000059000124,6000059000125,-1,56,1.7213135,1.7213135,2.5819702,26354,26.55055,45.120277,43.514694,204697,2,5,4,86.46057,5.164281,-51.34316,38.386215,70.684135,0.10106302,-0.0911538,0.057960726,15831084,6,1456,0.02265415,43
6000059000126,29000600001585,6000059000131,6000059000000,29,2.6188614,6000059000127,-1,6000059000125,6000059000126,-1,49,2.6680357,2.4959044,2.6680357,26354,26.475567,45.09518,43.553623,204697,2,5,4,83.30002,1.6966815,-62.153835,40.89719,72.28748,0.122794464,-0.16112393,0.077687055,15831088,6,1585,0.019708509,376
6000059000127,28000600001961,6000059000131,6000059000000,28,2.8311827,6000059000128,-1,6000059000126,6000059000127,-1,37,2.4959044,2.4098387,2.7541015,26354,26.425621,45.06989,43.550537,204697,2,5,4,83.20119,0.38561213,-69.78624,45.69671,77.272224,0.13221402,-0.22603077,0.024783261,15831083,6,1961,0.014132193,356
6000059000128,27000600001710,6000059000131,6000059000000,27,3.060419,6000059000129,-1,6000059000127,6000059000128,-1,39,2.7541015,2.4098387,2.7541015,26354,26.37567,45.0787,43.619377,204697,2,5,4,85.74915,-0.021147264,-68.37684,46.0696,81.52981,2.722414E-4,-0.085625626,-0.020263866,15831111,6,1710,0.012867727,801
6000059000129,26000600001794,6000059000131,6000059000000,26,3.3080978,6000059000130,-1,6000059000128,6000059000129,-1,34,1.8073791,1.8073791,1.8934448,26354,26.291407,45.05701,43.64921,204696,2,5,4,88.939514,-4.960581,-73.74735,48.95036,72.92909,-0.04230492,-0.10095088,-0.16385521,15831082,6,1794,0.013000765,54
6000059000130,25000600001921,6000059000131,6000059000000,25,3.575905,6000059000131,-1,6000059000129,6000059000130,-1,29,0.86065674,0.86065674,1.549182,26354,26.237104,45.10708,43.69095,204696,2,5,4,84.76003,-5.1044345,-83.79761,44.372627,72.86473,-0.09130831,-0.027952394,-0.07602542,15831088,6,1921,0.0139397485,961
6000059000131,24000600001650,6000059000131,6000059000000,24,3.8656828,-1,-1,6000059000130,6000059000131,-1,30,0.6885254,0.6885254,0.6885254,26354,26.268724,45.06445,43.725082,204696,2,5,4,88.36332,-8.945784,-78.49167,42.794914,66.10355,-0.059918154,-0.029508501,-0.07308586,15831813,6,1650,0.017752219,670
6000059000132,33000600002663,6000059000139,6000059000000,33,1.9126327,6000059000133,-1,6000059000121,6000059000132,-1,34,2.4959044,2.4959044,2.4959044,26355,26.514357,44.893604,43.4487,204683,2,5,4,220.2199,68.58724,-97.798874,40.8794,76.389244,0.052761126,-0.10358869,-0.015275249,15830078,6,2663,0.015940879,360
6000059000133,32000600002412,6000059000139,6000059000000,32,2.0700274,6000059000134,-1,6000059000132,6000059000133,-1,35,2.5819702,2.5819702,2.840167,26355,26.395302,44.838444,43.509495,204683,2,5,4,210.87752,65.315125,-98.316154,42.002132,67.61872,0.08900541,-0.1857209,-0.019932976,15830112,6,2412,0.017146634,161
6000059000134,31000600002643,6000059000139,6000059000000,31,2.2394855,6000059000135,-1,6000059000133,6000059000134,-1,31,2.1516418,2.1516418,2.1516418,26355,26.258722,44.801945,43.585686,204682,2,5,4,196.14374,59.475803,-96.244,41.86099,71.760155,0.07328434,-0.14355958,-0.017403893,15833992,6,2643,0.013332305,471
6000059000135,30000600002082,6000059000139,6000059000000,30,2.422044,6000059000136,-1,6000059000134,6000059000135,-1,34,1.6352477,1.6352477,1.6352477,26355,26.155958,44.771694,43.656254,204682,2,5,4,189.18655,54.481335,-95.9876,37.39591,64.63821,0.06746313,-0.13035327,0.07371325,15830082,6,2082,0.018603815,361
6000059000136,29000600002337,6000059000139,6000059000000,29,2.6188614,6000059000137,-1,6000059000135,6000059000136,-1,28,1.6352477,1.6352477,1.6352477,26355,26.032753,44.736115,43.7021,204682,2,5,4,184.72388,52.939106,-96.00358,34.80589,64.80939,0.09734619,-0.24094613,-0.028340427,15830112,6,2337,0.013569314,278
6000059000137,28000600002010,6000059000139,6000059000000,28,2.8311827,6000059000138,-1,6000059000136,6000059000137,-1,27,1.9795104,1.8073791,1.9795104,26355,25.91053,44.721268,43.74875,204682,2,5,4,170.16496,49.124413,-101.847404,39.267754,65.63627,0.055191018,-0.05152327,-0.07630858,15833954,6,2010,0.014825978,218
6000059000138,27000600002504,6000059000139,6000059000000,27,3.060419,6000059000139,-1,6000059000137,6000059000138,-1,24,1.4631164,1.4631164,1.4631164,26355,25.856405,44.703053,43.80773,204682,2,5,4,166.23106,55.30904,-104.678375,42.100323,66.039986,-0.017615624,-0.11842991,-0.05492531,15830112,6,2504,0.01176736,266
6000059000139,26000600002109,6000059000139,6000059000000,26,3.3080978,-1,-1,6000059000138,6000059000139,-1,29,0.9467224,0.9467224,1.032788,26355,25.763638,44.67417,43.86096,204682,2,5,4,158.92148,46.725285,-89.64002,40.514782,67.74125,0.007750222,-0.13340761,0.0056634573,15830152,6,2109,0.015081313,869
6000059000140,42000600000277,6000059000140,6000059000000,42,0.9054624,-1,-1,6000059000020,6000059000021,-1,20,0.0,0.0,0.0,26317,27.78909,45.535522,43.36931,204752,3,5,4,435.2457,122.38914,-202.43031,33.75607,53.866074,0.035388693,-0.075369425,-0.019589894,15831821,6,277,0.014760645,690
6000059000141,43000600002909,6000059000156,6000059000000,43,0.8276991,6000059000142,6000059000157,6000059000019,6000059000141,-1,24,2.2377074,2.065576,2.1516418,26317,27.924547,45.321163,43.536476,204752,3,5,4,105.88837,16.411285,-324.9876,40.514088,77.529686,0.03721076,0.10715038,0.09184798,14954592,6,2909,0.0096979,487
6000059000142,42000600003059,6000059000156,6000059000000,42,0.9054624,6000059000143,-1,6000059000141,6000059000142,-1,23,2.2377074,2.1516418,2.2377074,26317,27.87271,45.31854,43.68705,204752,3,5,4,129.96367,-2.9549453,-292.34085,29.982954,63.30512,0.061417814,0.078312516,0.11208385,14954552,6,3059,0.012807646,358
6000059000143,41000600003205,6000059000156,6000059000000,41,0.98870814,6000059000144,-1,6000059000142,6000059000143,-1,24,2.2377074,2.1516418,2.2377074,26317,27.793495,45.318203,43.840538,204752,3,5,4,146.50389,-15.430658,-272.0231,27.712381,62.0944,0.015905118,0.118849486,0.10913207,14954552,6,3205,0.014166249,972
6000059000144,40000600003687,6000059000156,6000059000000,40,1.0778745,6000059000145,-1,6000059000143,6000059000144,-1,23,1.8073791,1.8073791,1.8073791,26317,27.722982,45.33715,43.97559,204756,3,5,4,160.58112,-26.449495,-257.60538,30.283295,66.09044,-0.050113406,0.14842677,0.07153227,14954643,6,3687,0.011236963,28
6000059000145,39000600004062,6000059000156,6000059000000,39,1.173417,6000059000146,-1,6000059000144,6000059000145,-1,20,1.7213135,1.6352477,1.7213135,26317,27.638447,45.35306,44.108646,204756,3,5,4,168.01215,-38.166195,-249.95143,25.87749,61.500187,0.030013619,0.09636131,0.07865804,14954643,6,4062,0.014428024,64
6000059000146,37000600004073,6000059000156,6000059000000,37,1.3857181,6000059000147,-1,6000059000145,6000059000146,-1,20,1.7213135,1.7213135,1.7213135,26317,27.43202,45.411022,44.367245,204756,3,5,4,186.06834,-49.21951,-230.21739,28.299562,60.165207,0.0342163,0.120937705,0.08015321,14954552,6,4073,0.012959195,724
6000059000147,36000600004023,6000059000156,6000059000000,36,1.5036365,6000059000148,-1,6000059000146,6000059000147,-1,20,1.7213135,1.7213135,1.7213135,26354,27.319868,45.438274,44.5042,204701,3,5,4,196.28496,-53.420624,-224.17203,33.993385,69.27585,0.039282653,0.12678984,0.07797047,14954552,6,4023,0.00960643,245
6000059000148,35000600003893,6000059000156,6000059000000,35,1.6302707,6000059000149,-1,6000059000147,6000059000148,-1,21,1.8073791,1.8073791,1.8934448,26354,27.225096,45.466618,44.64256,204701,3,5,4,202.12506,-59.545467,-215.14735,35.730526,61.9346,0.019793298,0.10328486,0.012309687,14954649,6,3893,0.012616942,803
6000059000149,34000600003645,6000059000156,6000059000000,34,1.766336,6000059000150,-1,6000059000148,6000059000149,-1,23,1.549182,1.4631164,1.6352477,26354,27.11726,45.501366,44.77979,204701,3,5,5,211.4636,-68.76027,-208.64748,34.83632,54.318977,-0.059684776,0.1515576,0.028577115,14954643,6,3645,0.019032184,398
6000059000150,33000600003321,6000059000156,6000059000000,33,1.9126327,6000059000151,-1,6000059000149,6000059000150,-1,25,1.549182,1.4631164,1.6352477,26354,26.939327,45.535183,44.878056,204701,3,5,5,219.51857,-68.78582,-195.52676,32.012,56.450527,-0.06920979,0.14210908,0.040057473,14954655,6,3321,0.016205624,583
6000059000151,32000600003024,6000059000156,6000059000000,32,2.0700274,6000059000152,-1,6000059000150,6000059000151,-1,24,1.8073791,1.7213135,1.8073791,26357,26.815392,45.56924,44.987926,204729,3,5,5,227.64253,-68.841934,-191.58926,36.920025,70.400215,-0.02524409,0.1446767,0.079997815,14954645,6,3024,0.011674428,246
6000059000152,31000600003274,6000059000156,6000059000000,31,2.2394855,6000059000153,-1,6000059000151,6000059000152,-1,23,1.8073791,1.6352477,1.8934448,26357,26.689886,45.61834,45.11173,204729,2,5,5,238.49698,-68.22224,-188.69716,33.15612,63.406914,0.016309902,0.0933949,0.0661676,14954645,6,3274,0.0117681,754
6000059000153,30000600002732,6000059000156,6000059000000,30,2.422044,6000059000154,-1,6000059000152,6000059000153,-1,22,2.1516418,2.1516418,2.2377074,26357,26.54999,45.634228,45.213055,204729,2,5,5,245.15186,-64.71309,-185.14978,33.721478,62.46719,0.0023955994,0.17805648,0.046654105,14954592,6,2732,0.012716035,516
6000059000154,29000600002989,6000059000156,6000059000000,29,2.6188614,6000059000155,-1,6000059000153,6000059000154,-1,23,1.4631164,1.4631164,1.4631164,26357,26.4098,45.658,45.32821,204729,2,5,5,250.23299,-63.000893,-175.03838,35.86736,67.02303,0.0014248805,0.17694885,0.024860093,14954645,6,2989,0.010957256,561
6000059000155,28000600003061,6000059000156,6000059000000,28,2.8311827,6000059000156,-1,6000059000154,6000059000155,-1,22,1.1188537,1.1188537,1.2909851,26357,26.274374,45.697487,45.42768,204728,2,5,5,237.74837,-59.25762,-164.12175,33.85434,59.08254,0.06834744,0.19271863,0.042111777,14954592,6,3061,0.01290994,111
6000059000156,27000600002753,6000059000156,6000059000000,27,3.060419,-1,-1,6000059000155,6000059000156,-1,24,1.032788,0.9467224,1.2909851,26357,26.141708,45.75081,45.513653,204728,2,5,5,232.3868,-59.79153,-160.29892,33.63294,63.287056,0.055514287,0.14261013,0.081469186,14954622,6,2753,0.0144893695,820
6000059000157,43000600000293,6000059000176,6000059000000,43,0.8276991,6000059000158,-1,6000059000019,6000059000020,-1,22,0.0,0.0,0.0,26317,27.72011,45.52815,43.10966,204752,3,5,4,240.54286,92.24399,-32.287537,35.48372,73.83053,-0.0312508,-0.08585463,0.045472052,15392416,6,293,0.009363391,351
6000059000158,42000600000276,6000059000176,6000059000000,42,0.9054624,6000059000159,-1,6000059000157,6000059000021,6000059000140,33,0.0,0.0,0.0,26317,27.602266,45.46371,43.14454,204752,3,5,4,203.81062,164.23416,-133.11296,40.086376,80.47017,-0.06592211,0.002793437,0.08025396,15392416,6,276,0.012625298,804
6000059000159,41000600000216,6000059000176,6000059000000,41,0.98870814,6000059000160,-1,6000059000158,6000059000022,-1,43,0.0,0.0,0.0,26317,27.52231,45.38122,43.24735,204752,3,5,4,137.16641,172.48561,-275.7161,58.8194,101.04412,-0.108708486,-0.009136692,0.038546212,15392416,6,216,0.008710697,842
6000059000160,40000600000251,6000059000176,6000059000000,40,1.0778745,6000059000161,-1,6000059000159,6000059000023,-1,37,0.0,0.0,0.0,26317,27.454062,45.312813,43.42212,204752,3,5,4,96.20214,62.04382,-386.3099,46.85558,83.56379,-0.08364156,-0.12299535,0.10156575,15392416,6,251,0.011289641,126
6000059000161,39000600000195,6000059000176,6000059000000,39,1.173417,6000059000162,-1,6000059000160,6000059000024,6000059000112,36,0.0,0.0,0.0,26317,27.406775,45.340443,43.638874,204752,3,5,4,119.73006,-95.39829,-410.5406,44.6384,83.60349,0.040388085,-0.03790674,-0.002671715,15833358,6,195,0.011241528,783
6000059000162,38000600000195,6000059000176,6000059000000,38,1.2758462,6000059000163,-1,6000059000161,6000059000025,-1,57,0.0,0.0,0.0,26354,27.330048,45.407127,43.843822,204697,3,5,4,147.47424,-172.82689,-338.36334,53.23332,96.283195,-0.12502347,0.059334956,-0.04366078,15833358,6,195,0.012429352,940
6000059000163,37000600000177,6000059000176,6000059000000,37,1.3857181,6000059000164,-1,6000059000162,6000059000026,6000059000110,69,0.0,0.0,0.0,26354,27.239964,45.49861,44.017086,204701,3,5,4,181.47884,-199.67105,-277.51846,49.32163,92.352196,0.072384484,0.04872263,-0.0023614962,15833358,6,177,0.015478175,942
6000059000164,36000600001072,6000059000176,6000059000000,36,1.5036365,6000059000165,-1,6000059000163,6000059000164,-1,86,8.434436,8.090173,8.520501,26354,27.1438,45.60823,44.162262,204701,3,5,4,203.61449,-198.6712,-230.99872,50.049904,88.92111,-0.18011382,0.14520521,0.14850104,15833358,6,1072,0.021663293,94
6000059000165,35000600001072,6000059000176,6000059000000,35,1.6302707,6000059000166,-1,6000059000164,6000059000165,-1,90,8.004107,7.573779,8.004107,26354,27.016619,45.727768,44.288563,204701,3,5,4,207.17119,-180.34343,-199.50227,54.03119,94.358795,-0.13541159,-0.0037283048,0.105494216,15833765,6,1072,0.019987015,149
6000059000166,34000600001023,6000059000176,6000059000000,34,1.766336,6000059000167,-1,6000059000165,6000059000166,-1,101,8.090173,8.004107,8.090173,26354,26.892643,45.81183,44.39282,204701,3,5,4,212.1941,-168.70055,-182.6469,58.147774,97.97511,-0.038877375,0.11732452,0.29531536,15833764,6,1023,0.021960856,631
6000059000167,33000600001136,6000059000176,6000059000000,33,1.9126327,6000059000168,-1,6000059000166,6000059000167,-1,88,6.885254,6.6270566,6.885254,26354,26.80886,45.88379,44.50463,204701,3,5,4,211.98679,-148.92395,-171.14548,60.713512,94.66635,-0.047211874,0.10381717,0.074630566,15392821,6,1136,0.019266762,521
6000059000168,32000600000992,6000059000176,6000059000000,32,2.0700274,6000059000169,-1,6000059000167,6000059000168,-1,91,5.7664,5.4221373,6.024597,26354,26.691046,45.96992,44.582325,204703,2,5,4,209.45428,-138.41254,-157.69073,53.49805,88.36429,0.016820967,0.16104983,0.26886,15833760,6,992,0.024251364,916
6000059000169,31000600001205,6000059000176,6000059000000,31,2.2394855,6000059000170,-1,6000059000168,6000059000169,-1,74,4.131152,4.131152,4.217218,26354,26.56241,46.035877,44.667637,204703,2,5,5,201.73572,-125.25254,-153.54555,45.53927,81.24461,0.098477624,0.18183088,0.40556327,15833764,6,1205,0.024637874,778
6000059000170,30000600001645,6000059000176,6000059000000,30,2.422044,6000059000171,-1,6000059000169,6000059000170,-1,48,3.9590209,3.9590209,3.9590209,26354,26.4642,46.091713,44.80054,204703,2,5,5,196.70955,-104.00069,-158.61467,45.21916,88.65862,-0.10900362,-0.06691817,-0.061719745,15833764,6,1645,0.014175091,954
6000059000171,29000600001467,6000059000176,6000059000000,29,2.6188614,6000059000172,-1,6000059000170,6000059000171,-1,50,3.9590209,3.8729553,3.9590209,26354,26.33767,46.16788,44.869244,204702,2,5,5,200.87173,-97.686485,-155.16716,47.566067,85.34901,-0.11431236,-0.050765146,-0.030071001,15392821,6,1467,0.016074542,406
6000059000172,28000600001458,6000059000176,6000059000000,28,2.8311827,6000059000173,-1,6000059000171,6000059000172,-1,48,3.7868896,3.5286925,4.0450864,26357,26.244183,46.219364,44.980465,204730,2,5,5,194.79172,-92.07163,-148.38008,48.07131,85.06433,-0.15352714,-0.037698667,-0.101871595,15833760,6,1458,0.013525004,551
6000059000173,27000600001580,6000059000176,6000059000000,27,3.060419,6000059000174,-1,6000059000172,6000059000173,-1,41,2.2377074,2.065576,2.2377074,26357,26.127884,46.26668,45.102047,204730,2,5,5,189.38023,-83.85128,-151.90552,45.5962,74.21851,-0.15135424,-0.03648058,-0.0504169,15833764,6,1580,0.015808972,110
6000059000174,26000600001723,6000059000176,6000059000000,26,3.3080978,6000059000175,-1,6000059000173,6000059000174,-1,35,1.7213135,1.7213135,1.8073791,26357,26.023527,46.30587,45.18326,204730,2,5,5,181.36491,-76.18302,-144.95041,42.35645,73.44089,-0.20016798,-0.067608014,-0.097221114,15833764,6,1723,0.01424726,778
6000059000175,25000600002402,6000059000176,6000059000000,25,3.575905,6000059000176,-1,6000059000174,6000059000175,-1,24,1.6352477,1.549182,1.8073791,26357,25.920774,46.34952,45.239643,204730,2,5,5,178.17726,-61.696243,-146.49954,40.323338,71.19438,-0.13029425,-0.12604044,-0.028085334,15392416,6,2402,0.011145971,208
6000059000176,24000600001962,6000059000176,6000059000000,24,3.8656828,-1,-1,6000059000175,6000059000176,-1,26,1.032788,1.032788,1.1188537,26357,25.809784,46.387238,45.329147,204730,2,5,5,175.15134,-63.419308,-139.9343,40.06053,74.505325,-0.04861571,-0.15222906,0.0052764933,15833760,6,1962,0.013025117,144
6000059000177,48000600000256,6000059000192,6000059000000,48,0.5085914,6000059000178,-1,6000059000014,6000059000015,-1,22,0.0,0.0,0.0,26322,28.355782,45.64959,42.74827,204533,3,5,4,187.08597,116.45547,79.18696,29.44255,58.127174,-0.023239613,-0.04932432,-0.03986466,15844159,6,256,0.013145973,932
6000059000178,47000600000248,6000059000192,6000059000000,47,0.5641766,6000059000179,-1,6000059000177,6000059000016,-1,24,0.0,0.0,0.0,26322,28.286158,45.595455,42.72015,204532,3,5,4,203.49493,152.58481,42.987362,31.053026,61.011402,0.07506982,-0.084143996,0.06719826,15844109,6,248,0.013689611,311
6000059000179,46000600000239,6000059000192,6000059000000,46,0.6235901,6000059000180,-1,6000059000178,6000059000017,-1,26,0.0,0.0,0.0,26322,28.18754,45.523777,42.704636,204532,3,5,4,217.20802,176.5242,-1.1568757,27.878565,58.648777,-0.038061608,-0.039446205,0.07914858,15844684,6,239,0.015526339,286
6000059000180,45000600001858,6000059000192,6000059000000,45,0.6871088,6000059000181,-1,6000059000179,6000059000180,-1,29,2.840167,2.4959044,2.7541015,26322,28.079294,45.432312,42.716156,204532,3,5,4,233.02193,191.17577,-40.404903,32.578297,64.05791,0.09707479,-0.08162902,0.11631861,15844684,6,1858,0.015531444,825
6000059000181,44000600002442,6000059000192,6000059000000,44,0.75503564,6000059000182,-1,6000059000180,6000059000181,-1,27,2.840167,2.4098387,2.840167,26322,27.971167,45.344738,42.743824,204532,3,5,4,239.48177,190.66042,-72.65579,29.91648,64.42829,0.09668959,-0.061745483,0.07284089,15844113,6,2442,0.013590252,345
6000059000182,43000600003483,6000059000192,6000059000000,43,0.8276991,6000059000183,-1,6000059000181,6000059000182,-1,21,2.1516418,1.8934448,2.1516418,26322,27.840544,45.25272,42.791954,204532,3,5,4,247.92815,189.67914,-106.83376,30.358492,64.53064,0.041552957,-0.052699003,0.104048,15844113,6,3483,0.011021312,158
6000059000183,42000600003374,6000059000192,6000059000000,42,0.9054624,6000059000184,-1,6000059000182,6000059000183,-1,22,2.2377074,1.6352477,1.9795104,26322,27.71348,45.158573,42.85726,204532,3,5,4,257.86667,184.81561,-134.31831,30.321262,61.72167,-0.013423998,-0.01684289,0.05761108,15844684,6,3374,0.01165939,955
6000059000184,41000600003419,6000059000192,6000059000000,41,0.98870814,6000059000185,-1,6000059000183,6000059000184,-1,22,1.8934448,1.8934448,1.8934448,26322,27.584606,45.058533,42.931004,204532,3,5,4,263.33432,174.17505,-157.97067,27.035471,58.383575,-0.009965463,-0.029974896,0.06282626,15844684,6,3419,0.01485005,639
6000059000185,40000600002865,6000059000192,6000059000000,40,1.0778745,6000059000186,-1,6000059000184,6000059000185,-1,25,2.065576,1.8934448,2.065576,26317,27.43922,44.969315,43.017998,204752,3,5,4,265.15878,163.97607,-178.69362,26.584932,56.174725,-0.088555366,-0.14510769,0.03279802,15844684,6,2865,0.02005153,208
6000059000186,39000600003587,6000059000192,6000059000000,39,1.173417,6000059000187,-1,6000059000185,6000059000186,-1,23,1.6352477,1.6352477,1.6352477,26355,27.315693,44.887062,43.10285,204683,3,5,4,273.9135,152.79018,-189.48172,28.016253,56.81674,-0.0071348245,-0.084124126,0.063887954,15844109,6,3587,0.015574009,407
6000059000187,38000600003565,6000059000192,6000059000000,38,1.2758462,6000059000188,-1,6000059000186,6000059000187,-1,24,1.7213135,1.4631164,1.7213135,26355,27.150583,44.7966,43.22603,204683,3,5,4,273.24286,134.85028,-200.42616,31.060154,59.54361,0.027460588,-0.113847114,0.15372191,15844112,6,3565,0.0149838785,251
6000059000188,37000600003378,6000059000192,6000059000000,37,1.3857181,6000059000189,-1,6000059000187,6000059000188,-1,25,2.2377074,1.8934448,2.2377074,26355,26.996174,44.74857,43.34598,204683,3,5,4,274.88403,123.51099,-206.10403,31.354261,61.398327,-0.03677977,-0.09467443,0.10004334,15844684,6,3378,0.013953307,630
6000059000189,36000600003576,6000059000192,6000059000000,36,1.5036365,6000059000190,-1,6000059000188,6000059000189,-1,24,2.065576,1.8934448,2.065576,26355,26.834293,44.665604,43.47171,204683,3,5,4,277.82492,118.83091,-213.14761,33.644062,62.055557,-0.07246206,-0.15561126,0.02115919,15844634,6,3576,0.014479309,126
6000059000190,35000600003572,6000059000192,6000059000000,35,1.6302707,6000059000191,-1,6000059000189,6000059000190,-1,24,2.065576,1.8934448,2.065576,26355,26.693144,44.645706,43.585003,204683,2,5,4,276.59958,106.516495,-212.76784,36.73847,58.244473,-0.08340769,-0.15550654,0.016073165,15844684,6,3572,0.014184167,136
6000059000191,34000600003449,6000059000192,6000059000000,34,1.766336,6000059000192,-1,6000059000190,6000059000191,-1,25,1.7213135,1.7213135,1.7213135,26355,26.535706,44.56064,43.72047,204683,2,4,4,274.74136,95.42603,-204.42877,36.96813,66.47382,-0.15544255,-0.11781634,0.06216692,15844159,6,3449,0.01193642,969
6000059000192,33000600003354,6000059000192,6000059000000,33,1.9126327,-1,-1,6000059000191,6000059000192,-1,26,1.2909851,1.2909851,1.2909851,26355,26.36129,44.508503,43.840904,204682,2,4,4,270.55478,85.12573,-201.6583,34.177258,70.06394,-0.16117467,-0.07775793,0.027898304,15844679,6,3354,0.017121159,199
6000059000193,52000600000242,6000059000233,6000059000000,52,0.31970343,6000059000194,-1,6000059000010,6000059000011,6000059000235,29,0.0,0.0,0.0,26322,28.715055,45.253696,42.859154,204533,3,5,4,273.016,95.465546,-140.73495,30.225737,48.44895,-0.1716435,0.0011998543,-0.11077924,15832842,6,242,0.023760619,398
6000059000194,51000600000241,6000059000233,6000059000000,51,0.36234027,6000059000195,-1,6000059000193,6000059000012,-1,32,0.0,0.0,0.0,26322,28.603592,45.21918,42.920025,204533,3,5,4,293.56204,51.295506,-120.82788,33.065205,53.32495,-0.19924074,0.020973222,0.11499974,15832842,6,241,0.025525464,796
6000059000195,50000600000243,6000059000233,6000059000000,50,0.40789944,6000059000196,-1,6000059000194,6000059000013,-1,28,0.0,0.0,0.0,26322,28.493303,45.205696,42.96431,204533,3,5,4,317.0693,-10.006808,-98.45654,33.631313,63.736942,-0.12713113,0.0034961323,0.1106222,15832842,6,243,0.01998952,321
6000059000196,49000600000258,6000059000233,6000059000000,49,0.45657724,6000059000197,-1,6000059000195,6000059000014,-1,36,0.0,0.0,0.0,26317,28.371536,45.222008,42.980293,204753,3,5,4,328.94876,-88.09745,-68.939606,36.279102,62.141716,-0.2263858,0.06805012,0.11877407,15832865,6,258,0.023167085,477
6000059000197,48000600000255,6000059000233,6000059000000,48,0.5085914,6000059000198,-1,6000059000196,6000059000015,6000059000177,39,0.0,0.0,0.0,26317,28.22122,45.29675,43.004704,204752,3,5,4,332.71783,-211.22754,-31.665731,41.861893,69.257965,-0.20444553,0.041357096,0.11054461,15832851,6,255,0.017432075,688
6000059000198,46000600000238,6000059000233,6000059000000,46,0.6235901,6000059000199,-1,6000059000197,6000059000017,6000059000179,80,0.0,0.0,0.0,26317,28.07661,45.567406,43.027508,204752,3,5,4,-0.74688584,-249.31738,-37.3958,53.14932,84.73656,-0.534886,-0.055970058,0.13728029,15832851,6,238,0.024402494,40
6000059000199,45000600000255,6000059000233,6000059000000,45,0.6871088,6000059000200,-1,6000059000198,6000059000018,-1,74,0.0,0.0,0.0,26317,28.072992,45.669846,43.031326,204752,3,5,4,-0.2641381,-179.61627,-75.89073,50.656193,86.49113,-0.43097034,-0.1165756,0.2019745,15832865,6,255,0.021023046,414
6000059000200,44000600000260,6000059000233,6000059000000,44,0.75503564,6000059000201,-1,6000059000199,6000059000019,-1,112,0.0,0.0,0.0,26317,28.070358,45.744198,43.074207,204752,3,5,4,8.2046585,-109.517715,-71.279305,58.524273,91.56331,-0.52300465,-0.45695284,0.22007522,15832860,6,260,0.029443523,497
6000059000201,43000600001167,6000059000219,6000059000000,43,0.8276991,6000059000202,6000059000220,6000059000200,6000059000201,-1,106,8.778699,8.262304,8.778699,26317,28.069592,45.80389,43.138336,204752,3,5,4,15.337505,-90.387634,-100.55942,49.861446,89.07933,0.08028494,-0.2963345,0.07091393,15832865,6,1167,0.02705351,403
6000059000202,42000600001268,6000059000219,6000059000000,42,0.9054624,6000059000203,-1,6000059000201,6000059000202,-1,94,8.348371,6.885254,8.004107,26317,28.060522,45.84848,43.20656,204752,3,5,4,24.79457,-70.160355,-107.61524,48.28284,88.705246,-0.1636305,-0.12902214,0.111076795,15832851,6,1268,0.026276072,143
6000059000203,41000600001316,6000059000219,6000059000000,41,0.98870814,6000059000204,-1,6000059000202,6000059000203,-1,86,7.4016476,7.2295165,7.4016476,26317,28.044832,45.87573,43.245953,204752,3,5,4,31.063667,-52.76181,-109.804855,45.580154,80.24634,-0.029585747,-0.1282897,0.21972536,15832880,6,1316,0.028848136,337
6000059000204,40000600001284,6000059000219,6000059000000,40,1.0778745,6000059000205,-1,6000059000203,6000059000204,-1,84,6.6270566,5.8524656,6.6270566,26317,28.014189,45.90154,43.32129,204754,3,5,4,36.469555,-37.89621,-109.30057,42.177612,77.67166,-0.004860796,-0.020353064,0.20069169,15832813,6,1284,0.028631805,461
6000059000205,39000600001350,6000059000219,6000059000000,39,1.173417,6000059000206,-1,6000059000204,6000059000205,-1,82,5.7664,5.3360715,5.7664,26317,28.001905,45.9235,43.388412,204754,3,5,4,43.142006,-37.573677,-114.27617,40.570232,78.36107,-0.1570556,-0.17180677,0.07178566,15832813,6,1350,0.028700633,617
6000059000206,38000600001364,6000059000219,6000059000000,38,1.2758462,6000059000207,-1,6000059000205,6000059000206,-1,76,5.8524656,5.4221373,5.8524656,26317,27.991034,45.929474,43.45194,204754,3,5,4,50.082283,-19.583927,-110.263306,42.37382,77.5477,0.063295715,-0.034262225,0.07921803,15807115,6,1364,0.024600659,87
6000059000207,37000600001140,6000059000219,6000059000000,37,1.3857181,6000059000208,-1,6000059000206,6000059000207,-1,96,5.7664,5.508203,5.7664,26317,27.944244,45.92904,43.49868,204754,3,5,4,53.205994,-23.77647,-123.05025,50.95685,91.17011,0.01879971,0.006537568,0.19538403,15832851,6,1140,0.027574558,227
6000059000208,36000600001179,6000059000219,6000059000000,36,1.5036365,6000059000209,-1,6000059000207,6000059000208,-1,86,5.0778747,5.0778747,5.1639404,26317,27.915369,45.92943,43.5469,204754,3,5,4,55.274933,-18.605967,-118.839195,51.509823,87.77261,-0.46800357,0.06934304,0.17869678,15832842,6,1179,0.022741027,712
6000059000209,35000600001237,6000059000219,6000059000000,35,1.6302707,6000059000210,-1,6000059000208,6000059000209,-1,79,6.024597,5.4221373,6.540991,26317,27.868626,45.953125,43.60584,204754,3,5,4,50.465508,-21.332024,-112.86035,46.261852,82.21204,-0.15635742,-0.055341907,0.12135944,15832802,6,1237,0.023934862,346
6000059000210,34000600001123,6000059000219,6000059000000,34,1.766336,6000059000211,-1,6000059000209,6000059000210,-1,90,6.7131224,6.024597,6.7131224,26317,27.831043,45.962887,43.67247,204754,3,5,4,60.634884,-14.736878,-113.35994,51.315746,86.94683,-0.23756108,-0.18173927,0.14430523,15831257,6,1123,0.024405697,16
6000059000211,33000600001152,6000059000219,6000059000000,33,1.9126327,6000059000212,-1,6000059000210,6000059000211,-1,87,6.6270566,6.540991,6.7131224,26317,27.806856,45.989246,43.764374,204754,3,5,4,60.71935,-14.440564,-114.47173,57.496433,94.361916,-0.18722682,-0.07394974,0.14302363,15832802,6,1152,0.019174045,374
6000059000212,32000600001101,6000059000219,6000059000000,32,2.0700274,6000059000213,-1,6000059000211,6000059000212,-1,82,6.540991,5.9385314,6.540991,26317,27.770325,46.007942,43.82434,204754,3,5,4,56.68901,-14.415353,-120.635864,55.38847,93.38957,-0.15631293,0.0506488,0.045648072,15832802,6,1101,0.018465258,750
6000059000213,31000600001112,6000059000219,6000059000000,31,2.2394855,6000059000214,-1,6000059000212,6000059000213,-1,76,5.508203,4.991809,5.7664,26317,27.739328,46.01401,43.917435,204754,3,5,4,59.074066,-17.071997,-122.18873,51.784832,84.877975,-0.18492875,-0.08332194,0.24823238,15832802,6,1112,0.023044897,744
6000059000214,30000600001290,6000059000219,6000059000000,30,2.422044,6000059000215,-1,6000059000213,6000059000214,-1,60,4.5614805,4.3893495,5.0778747,26317,27.70164,46.044266,43.96141,204758,3,5,4,53.42366,-13.964393,-116.839676,49.467773,82.26781,-0.40367404,0.10745194,0.3283751,15807089,6,1290,0.021534914,785
6000059000215,29000600001069,6000059000219,6000059000000,29,2.6188614,6000059000216,-1,6000059000214,6000059000215,-1,71,2.9262328,2.4098387,2.9262328,26317,27.668018,46.07931,44.020332,204758,3,5,4,60.924675,-6.581125,-133.08563,49.117134,77.246994,-0.46468484,-0.10699866,0.11122656,15832883,6,1069,0.025339061,576
6000059000216,28000600001013,6000059000219,6000059000000,28,2.8311827,6000059000217,-1,6000059000215,6000059000216,-1,70,1.7213135,1.549182,1.7213135,26317,27.649494,46.101475,44.06149,204758,3,5,4,61.717815,-12.057228,-122.747696,49.13918,70.73211,-0.23191017,-0.023791267,0.09238209,15832811,6,1013,0.030870968,875
6000059000217,27000600002200,6000059000218,6000059000000,27,3.060419,6000059000218,6000059000219,6000059000216,6000059000217,-1,21,1.2909851,1.2909851,1.2909851,26317,27.623701,46.00975,44.17073,204758,3,5,4,94.86651,-16.663662,-71.1418,35.80696,68.616035,-0.039309885,0.084764585,0.043221653,15831257,6,2200,0.013677762,491
6000059000218,26000600001784,6000059000218,6000059000000,26,3.3080978,-1,-1,6000059000217,6000059000218,-1,32,1.1188537,1.1188537,1.1188537,26317,27.575092,46.01852,44.206074,204758,3,5,4,62.247105,-18.2927,-109.98542,42.958443,63.748917,-0.26944402,0.10243337,0.23535353,15831257,6,1784,0.021494778,501
6000059000219,27000600002501,6000059000219,6000059000000,27,3.060419,-1,-1,6000059000216,6000059000219,-1,23,1.2909851,1.2909851,1.549182,26317,27.636993,46.098804,44.146797,204758,3,5,4,38.605167,-12.635918,-142.09042,41.52674,63.14617,-0.009097251,0.037789464,-0.107670456,15832802,6,2501,0.011956763,863
6000059000220,43000600002099,6000059000233,6000059000000,43,0.8276991,6000059000221,-1,6000059000200,6000059000220,-1,29,2.9262328,2.5819702,2.840167,26317,28.070679,45.695827,43.016487,204752,3,5,4,37.119156,-33.11999,23.820213,33.23615,68.05714,0.18867229,-0.015154075,0.006132942,15831262,6,2099,0.01198709,167
6000059000221,42000600002463,6000059000233,6000059000000,42,0.9054624,6000059000222,-1,6000059000220,6000059000221,-1,27,3.18443,2.9262328,3.18443,26317,28.044643,45.709335,43.00804,204752,3,5,4,52.42082,-27.867317,6.0136747,35.279232,69.33326,0.038259573,-0.002487577,-0.025219752,15831262,6,2463,0.011534293,58
6000059000222,41000600002330,6000059000233,6000059000000,41,0.98870814,6000059000223,-1,6000059000221,6000059000222,-1,27,2.5819702,2.4959044,2.5819702,26317,28.013992,45.730602,43.005013,204752,3,5,4,62.919075,-24.032799,-11.839164,26.515707,60.988552,0.059442963,-0.094732285,-0.06096899,15831037,6,2330,0.017047256,256
6000059000223,40000600003289,6000059000233,6000059000000,40,1.0778745,6000059000224,-1,6000059000222,6000059000223,-1,27,2.4098387,2.3237731,2.4098387,26317,27.990808,45.74542,43.01274,204752,3,5,4,70.34154,-22.310265,-25.520973,25.820707,59.69377,0.05251691,-0.10034894,-0.0633588,15831307,6,3289,0.018099798,220
6000059000224,39000600003472,6000059000233,6000059000000,39,1.173417,6000059000225,-1,6000059000223,6000059000224,-1,25,1.9795104,1.8934448,1.9795104,26317,27.969784,45.73767,43.03693,204752,3,5,4,76.41175,-20.75142,-35.857822,31.320135,54.801373,0.03976601,-0.11528462,-0.0628212,15831266,6,3472,0.016870443,459
6000059000225,38000600003365,6000059000233,6000059000000,38,1.2758462,6000059000226,-1,6000059000224,6000059000225,-1,25,2.1516418,2.1516418,2.1516418,26317,27.90932,45.750595,43.057514,204752,3,5,4,83.2464,-20.383278,-41.92001,34.057884,67.00495,0.031401463,-0.078298464,-0.0819348,15831271,6,3365,0.011303772,554
6000059000226,37000600003489,6000059000233,6000059000000,37,1.3857181,6000059000227,-1,6000059000225,6000059000226,-1,25,2.1516418,2.1516418,2.1516418,26317,27.84874,45.76983,43.070023,204752,3,5,4,85.580345,-20.182238,-48.28212,34.910522,64.63136,0.031311255,-0.079261295,-0.09130766,15831265,6,3489,0.0134195,379
6000059000227,36000600002848,6000059000233,6000059000000,36,1.5036365,6000059000228,-1,6000059000226,6000059000227,-1,31,2.4098387,2.4098387,2.4098387,26317,27.790993,45.784744,43.11047,204752,3,5,4,85.10734,-17.90314,-54.138355,32.46427,61.557953,-0.010777254,-0.08284389,0.016524592,15831296,6,2848,0.01888663,832
6000059000228,35000600003076,6000059000233,6000059000000,35,1.6302707,6000059000229,-1,6000059000227,6000059000228,-1,29,2.6680357,2.6680357,2.6680357,26317,27.752163,45.80213,43.138664,204752,3,5,4,83.08662,-16.290762,-57.656944,36.29649,67.34238,0.039898418,-0.09581056,0.06424244,15831296,6,3076,0.014707065,273
6000059000229,34000600002988,6000059000233,6000059000000,34,1.766336,6000059000230,-1,6000059000228,6000059000229,-1,30,2.5819702,2.5819702,2.5819702,26317,27.69789,45.817986,43.176456,204752,3,5,4,83.5666,-15.5670185,-60.572193,42.41637,73.671906,0.03164479,-0.096361004,0.053068507,15831190,6,2988,0.012799443,274
6000059000230,33000600003160,6000059000233,6000059000000,33,1.9126327,6000059000231,-1,6000059000229,6000059000230,-1,28,2.3237731,2.2377074,2.3237731,26317,27.676308,45.832817,43.215275,204752,3,5,4,83.65077,-17.098646,-61.968758,42.0799,73.15332,0.0522106,-0.10941843,0.013754864,15831296,6,3160,0.011530492,138
6000059000231,32000600003475,6000059000233,6000059000000,32,2.0700274,6000059000232,-1,6000059000230,6000059000231,-1,23,1.8934448,1.8934448,1.8934448,26317,27.614426,45.815575,43.255642,204752,3,5,4,79.64582,-20.66595,-69.061356,37.24706,65.89314,0.03976691,-0.1344832,0.027856478,15831296,6,3475,0.013451045,560
6000059000232,31000600003428,6000059000233,6000059000000,31,2.2394855,6000059000233,-1,6000059000231,6000059000232,-1,24,0.86065674,0.86065674,0.9467224,26317,27.60951,45.869816,43.264797,204752,3,5,4,79.10865,-17.436424,-67.70044,30.712229,49.42965,0.015159491,-0.091610655,-0.015182323,15831037,6,3428,0.025459815,900
6000059000233,30000600003672,6000059000233,6000059000000,30,2.422044,-1,-1,6000059000232,6000059000233,-1,21,0.9467224,0.9467224,0.9467224,26317,27.55833,45.8974,43.307117,204752,3,5,4,76.20511,-19.043777,-71.86256,28.912601,55.19712,0.07097697,-0.089425795,-0.019068617,15831265,6,3672,0.0133637935,302
6000059000234,53000600000256,6000059000235,6000059000000,53,0.2798018,6000059000235,-1,6000059000009,6000059000010,-1,20,0.0,0.0,0.0,26322,28.669294,45.59813,42.91731,204533,3,5,4,167.557,-169.89674,22.601574,24.658808,58.552025,-0.015589057,-0.007435699,-0.045976404,15844159,6,256,0.014746535,858
6000059000235,52000600000243,6000059000235,6000059000000,52,0.31970343,-1,-1,6000059000234,6000059000011,-1,21,0.0,0.0,0.0,26322,28.62357,45.650837,42.908504,204533,3,5,4,155.31497,-128.99358,64.057526,26.829466,56.437073,-0.016562946,-0.03794045,-0.012945342,15844159,6,243,0.014152607,652
6000059000236,62000600000298,6000059000240,6000059000000,62,0.019932542,6000059000237,-1,6000059000000,6000059000001,-1,20,0.0,0.0,0.0,26322,29.231789,45.164677,42.64124,204533,3,5,4,295.46326,-88.64687,-205.18146,23.661568,51.931072,0.06661615,0.041043837,0.061892882,15844634,6,298,0.01733766,614
6000059000237,60000600000220,6000059000240,6000059000000,60,0.064493395,6000059000238,-1,6000059000236,6000059000003,-1,21,0.0,0.0,0.0,26322,29.113716,45.21606,42.72635,204533,3,5,4,277.9346,-135.51346,-188.46825,26.928492,63.066166,0.012793285,0.04895805,0.056642048,15844684,6,220,0.011552924,978
6000059000238,59000600001745,6000059000240,6000059000000,59,0.08928783,6000059000239,-1,6000059000237,6000059000238,-1,22,3.18443,1.6352477,2.5819702,26322,29.04944,45.255447,42.77251,204533,3,5,4,265.70355,-157.69531,-175.83208,26.900398,59.33498,0.016243659,0.029253032,0.047144614,15844684,6,1745,0.013602876,663
6000059000239,58000600000294,6000059000240,6000059000000,58,0.11588337,6000059000240,-1,6000059000238,6000059000005,-1,21,0.0,0.0,0.0,26322,28.984402,45.2918,42.809036,204533,3,5,4,247.49696,-178.68939,-156.86723,25.641811,56.612286,-0.019463666,0.032460853,-0.025075877,15844684,6,294,0.013604166,552
6000059000240,57000600000303,6000059000240,6000059000000,57,0.14438343,-1,-1,6000059000239,6000059000006,-1,20,0.0,0.0,0.0,26322,28.923569,45.350906,42.847736,204533,3,5,4,230.42017,-194.7995,-135.41779,24.197882,56.383892,0.014705274,-0.03813799,-0.07338125,15844684,6,303,0.014181466,289