haloID,subHaloID,lastProgenitorId,treeId,snapNum,redshift,firstProgenitorId,nextProgenitorId,descendantId,firstHaloInFOFgroupId,nextHaloInFOFgroupId,np,m_Mean200,m_Crit200,m_TopHat,phKey,x,y,z,zIndex,ix,iy,iz,velX,velY,velZ,velDisp,vMax,spinX,spinY,spinZ,mostBoundID,fileNr,subhaloIndex,halfmassRadius,random
7000233000000,63000700000521,7000233000113,7000233000000,63,0.0,7000233000001,-1,-1,7000233000000,-1,481,43.635296,30.553314,36.147583,30907,17.520004,13.2007065,58.39353,154791,1,1,6,137.32957,-17.812077,98.71415,65.210365,128.4364,0.7826305,0.6816712,-0.35896736,18566555,7,521,0.063923955,795
7000233000001,62000700000556,7000233000112,7000233000000,62,0.019932542,7000233000002,7000233000113,7000233000000,7000233000001,-1,437,42.258244,30.295116,35.975452,30907,17.4988,13.201464,58.376682,154791,1,1,6,135.00186,-22.114334,95.80284,66.10046,122.79988,0.4158326,0.73920584,-0.2804176,18566555,7,556,0.055796098,770
7000233000002,61000700000531,7000233000112,7000233000000,61,0.041403063,7000233000003,-1,7000233000001,7000233000002,-1,448,41.311523,30.81151,36.319714,30907,17.473242,13.2110815,58.358948,154791,1,1,6,132.55913,-21.933273,94.56309,65.56059,121.63464,0.39104337,0.90001,-0.33736625,18566937,7,531,0.057642512,765
7000233000003,60000700000591,7000233000112,7000233000000,60,0.064493395,7000233000004,-1,7000233000002,7000233000003,-1,437,40.96726,31.327904,36.319714,30907,17.442953,13.225306,58.33412,154791,1,1,6,130.55533,-21.914104,94.49195,67.254234,124.12314,0.3726282,0.7891539,-0.20621988,18566848,7,591,0.05811607,968
7000233000004,59000700000563,7000233000112,7000233000000,59,0.08928783,7000233000005,-1,7000233000003,7000233000004,-1,439,40.96726,31.413969,37.18037,30907,17.418768,13.229775,58.308178,154791,1,1,6,127.636925,-21.412918,95.18944,69.666214,127.96411,0.38942057,0.8106702,-0.052704547,18566848,7,563,0.056488123,733
7000233000005,58000700000556,7000233000112,7000233000000,58,0.11588337,7000233000006,-1,7000233000004,7000233000005,-1,443,41.13939,31.672167,36.491844,30907,17.383373,13.2289915,58.286602,154791,1,1,6,122.82236,-21.714273,91.89202,69.056694,124.61011,0.32818776,0.72586423,0.023746498,18566848,7,556,0.05724146,859
7000233000006,57000700000540,7000233000112,7000233000000,57,0.14438343,7000233000007,-1,7000233000005,7000233000006,-1,460,41.483654,31.155773,37.6107,30907,17.344975,13.236795,58.268837,154791,1,1,6,121.25786,-21.866217,91.91694,66.53614,122.30491,0.29424143,0.9230258,-0.12831065,18566618,7,540,0.05789906,973
7000233000007,56000700000556,7000233000112,7000233000000,56,0.17489761,7000233000008,-1,7000233000006,7000233000007,-1,453,41.13939,30.81151,37.868896,30907,17.314726,13.243328,58.241486,154791,1,1,6,119.56867,-20.367678,91.29283,67.234825,121.870834,0.40652072,0.854762,-0.020822955,18566555,7,556,0.057455376,234
7000233000008,55000700000612,7000233000112,7000233000000,55,0.20754863,7000233000009,-1,7000233000007,7000233000008,-1,449,41.483654,30.725445,38.12709,30907,17.273876,13.245009,58.214184,154791,1,1,6,116.745476,-20.507942,89.50099,70.37149,132.36623,0.3528536,0.99590236,-0.11111117,18566569,7,612,0.06022058,230
7000233000009,54000700000527,7000233000112,7000233000000,54,0.24246909,7000233000010,-1,7000233000008,7000233000009,-1,483,41.655785,31.413969,37.78283,30907,17.23976,13.250521,58.18248,154791,1,1,6,115.3623,-21.559225,87.917694,69.5811,125.07461,0.35958028,0.9733641,-0.11629716,18566569,7,527,0.065752365,436
7000233000010,53000700000582,7000233000112,7000233000000,53,0.2798018,7000233000011,-1,7000233000009,7000233000010,-1,451,41.74185,31.758232,38.729553,30907,17.181597,13.261675,58.16446,154791,1,1,6,112.148476,-20.968174,84.84505,67.92425,119.08684,0.2538519,1.1020638,-0.33188504,18566594,7,582,0.061017748,661
7000233000011,52000700000575,7000233000059,7000233000000,52,0.31970343,7000233000012,7000233000060,7000233000010,7000233000011,7000233000060,428,41.913982,32.18856,38.729553,30907,17.12761,13.284345,58.154793,154791,1,1,6,112.21069,-17.257748,82.187515,71.00201,111.0119,0.313806,1.0652921,0.042883597,18566848,7,575,0.069430016,75
7000233000012,51000700000590,7000233000059,7000233000000,51,0.36234027,7000233000013,-1,7000233000011,7000233000012,7000233000061,403,39.848404,34.340202,38.729553,30907,17.08698,13.292886,58.13404,154791,1,1,6,103.260826,-15.47619,85.020485,78.3845,112.76913,0.13295062,1.0884668,-0.16416107,18566607,7,590,0.06267603,863
7000233000013,50000700000609,7000233000059,7000233000000,50,0.40789944,7000233000014,-1,7000233000012,7000233000013,7000233000062,396,39.245945,35.02873,37.95496,30907,17.054228,13.284547,58.083035,154791,1,1,6,95.054794,-19.23708,85.159,86.88116,124.12366,0.06660512,1.098343,-0.24539894,18566606,7,609,0.05035398,437
7000233000014,49000700000622,7000233000058,7000233000000,49,0.45657724,7000233000015,7000233000059,7000233000013,7000233000014,7000233000059,407,38.55742,34.94266,37.266438,30907,17.045013,13.310423,58.046795,154791,1,1,6,103.179665,-17.919542,76.21318,85.28096,131.04753,-0.011348224,1.087039,-0.32018596,19577879,7,622,0.04573229,734
7000233000015,48000700000594,7000233000058,7000233000000,48,0.5085914,7000233000016,-1,7000233000014,7000233000015,7000233000063,343,36.57791,32.36069,35.459057,30907,17.045193,13.31005,57.98031,154791,1,1,6,71.99474,-27.520367,78.4206,70.567444,110.08076,-0.079309605,1.1462286,-0.42063147,18566569,7,594,0.059659787,762
7000233000016,47000700000575,7000233000058,7000233000000,47,0.5641766,7000233000017,-1,7000233000015,7000233000064,-1,327,0.0,0.0,0.0,30907,17.038395,13.332588,57.950478,154791,1,1,6,72.057365,-27.899263,75.47696,63.124523,101.28456,-0.010587621,1.2346352,-0.30645403,18566597,7,575,0.062628165,431
7000233000017,46000700000575,7000233000058,7000233000000,46,0.6235901,7000233000018,-1,7000233000016,7000233000065,-1,257,0.0,0.0,0.0,30907,17.036459,13.354737,57.922066,154791,1,1,6,57.756653,-32.440884,63.683872,59.672302,98.259865,0.18168673,0.9051273,0.1589411,18566645,7,575,0.049454667,379
7000233000018,45000700000587,7000233000058,7000233000000,45,0.6871088,7000233000019,-1,7000233000017,7000233000066,-1,139,0.0,0.0,0.0,30907,17.01854,13.371702,57.89292,154791,1,1,6,41.68028,-39.533733,52.07316,58.01144,97.50645,-0.20019749,0.4703064,-0.42850325,18566540,7,587,0.028610308,532
7000233000019,44000700000607,7000233000058,7000233000000,44,0.75503564,7000233000020,-1,7000233000018,7000233000067,-1,197,0.0,0.0,0.0,30907,17.00313,13.38564,57.867172,154791,1,1,6,46.939034,-30.557653,53.074474,56.603138,101.61801,-0.063123085,0.87805486,-0.35330784,18566910,7,607,0.036537766,925
7000233000020,43000700000551,7000233000058,7000233000000,43,0.8276991,7000233000021,-1,7000233000019,7000233000068,-1,149,0.0,0.0,0.0,30907,16.943508,13.399819,57.84319,154791,1,1,6,41.315857,-26.324625,42.778225,61.634888,98.4966,-0.21606848,0.42847776,-0.50657684,18566584,7,551,0.029852843,648
7000233000021,42000700000588,7000233000058,7000233000000,42,0.9054624,7000233000022,-1,7000233000020,7000233000069,-1,134,0.0,0.0,0.0,30907,16.950457,13.414925,57.823193,154791,1,1,6,45.695847,-29.116777,37.60536,62.209988,105.8932,-0.25254348,0.65740955,-0.6638394,18566615,7,588,0.023292212,860
7000233000022,41000700000673,7000233000058,7000233000000,41,0.98870814,7000233000023,-1,7000233000021,7000233000070,7000233000100,132,0.0,0.0,0.0,30907,16.955563,13.452923,57.809917,154791,1,1,6,47.535522,-25.061253,34.824776,56.452633,97.32235,-0.30030784,0.6886184,-0.73587906,18566725,7,673,0.026731694,361
7000233000023,40000700001126,7000233000058,7000233000000,40,1.0778745,7000233000024,-1,7000233000022,7000233000023,-1,130,9.209027,8.262304,9.122961,30907,16.939508,13.486527,57.810745,154791,1,1,6,49.157467,-17.892103,30.364397,50.711304,84.2771,-0.29203287,0.6982766,-0.82306486,18566584,7,1126,0.035341617,52
7000233000024,39000700000921,7000233000041,7000233000000,39,1.173417,7000233000025,7000233000042,7000233000023,7000233000024,7000233000042,84,6.36886,5.594269,6.36886,30907,16.920258,13.498611,57.811977,154791,1,1,6,51.610397,-26.860075,9.578986,48.9413,90.612564,-0.3539382,0.71876824,-0.36833587,18566725,7,921,0.022411238,406
7000233000025,38000700001073,7000233000041,7000233000000,38,1.2758462,7000233000026,-1,7000233000024,7000233000025,7000233000043,82,5.1639404,4.905743,5.1639404,30907,16.910383,13.511081,57.82594,154791,1,1,6,46.209625,-14.277225,5.948113,46.529655,88.55583,-0.40894094,0.51520056,-0.45872274,18566607,7,1073,0.026591146,576
7000233000026,37000700001069,7000233000041,7000233000000,37,1.3857181,7000233000027,-1,7000233000025,7000233000026,-1,124,4.8196774,4.3893495,4.8196774,30907,16.888239,13.532578,57.82326,154791,1,1,6,50.96103,0.5816808,22.092152,48.533894,84.05476,-0.4841368,0.7275883,-0.3456392,18566594,7,1069,0.052253455,861
7000233000027,36000700001912,7000233000041,7000233000000,36,1.5036365,7000233000028,-1,7000233000026,7000233000027,-1,60,4.991809,4.8196774,4.991809,30907,16.843658,13.550677,57.833275,154791,1,1,6,52.41971,-1.9090599,-8.043097,42.213596,81.57366,-0.053431477,0.15250656,0.0153954355,18566594,7,1912,0.02113468,522
7000233000028,35000700001824,7000233000041,7000233000000,35,1.6302707,7000233000029,-1,7000233000027,7000233000028,-1,60,4.6475463,4.5614805,4.6475463,30907,16.80583,13.550595,57.843952,154791,1,1,6,53.99499,7.8614078,-11.657977,44.87564,81.07494,-0.06071549,0.19994605,-0.034892403,18566615,7,1824,0.018090693,447
7000233000029,34000700001867,7000233000041,7000233000000,34,1.766336,7000233000030,-1,7000233000028,7000233000029,-1,53,4.733612,4.3893495,4.733612,30907,16.781918,13.534445,57.838993,154791,1,1,6,55.035866,18.649506,-13.542734,51.90891,94.6657,0.0011575613,0.19400975,-0.022293843,18566607,7,1867,0.012745108,757
7000233000030,33000700001646,7000233000041,7000233000000,33,1.9126327,7000233000031,-1,7000233000029,7000233000030,-1,53,4.905743,4.733612,4.991809,30907,16.77054,13.507671,57.85151,154791,1,1,6,53.738117,30.975542,-20.205118,47.76952,90.91376,-0.04041665,0.09003605,0.0184134,18566615,7,1646,0.0120913405,661
7000233000031,32000700001622,7000233000041,7000233000000,32,2.0700274,7000233000032,-1,7000233000030,7000233000031,-1,52,4.4754148,4.4754148,4.5614805,30907,16.729443,13.488641,57.86354,154791,1,1,6,49.473934,38.001255,-24.002277,42.28743,81.27875,-0.060621794,0.03422722,0.012785622,18566607,7,1622,0.017745,199
7000233000032,31000700001869,7000233000041,7000233000000,31,2.2394855,7000233000033,-1,7000233000031,7000233000032,-1,51,3.442627,3.442627,3.7008238,30907,16.691347,13.477379,57.89138,154791,1,1,6,54.60379,32.9678,-23.749763,41.60462,77.240715,-0.08973196,0.08985717,-0.0069524036,18566555,7,1869,0.018664503,602
7000233000033,30000700002551,7000233000041,7000233000000,30,2.422044,7000233000034,-1,7000233000032,7000233000033,-1,34,2.9262328,2.840167,3.0122986,30907,16.657541,13.46471,57.920536,154791,1,1,6,43.92074,40.039883,-27.460178,48.464405,87.5993,0.010599215,0.03139387,0.040069297,18566584,7,2551,0.010488367,567
7000233000034,29000700002635,7000233000041,7000233000000,29,2.6188614,7000233000035,-1,7000233000033,7000233000034,-1,32,2.9262328,2.9262328,2.9262328,30907,16.644066,13.447783,57.950974,154791,1,1,6,40.183678,38.22444,-23.452839,51.60742,97.01069,-0.04179389,0.12300039,0.045894653,18566645,7,2635,0.008266967,412
7000233000035,28000700002416,7000233000041,7000233000000,28,2.8311827,7000233000036,-1,7000233000034,7000233000035,-1,31,2.1516418,2.1516418,2.1516418,30907,16.641315,13.433934,57.97134,154791,1,1,6,49.48186,34.96135,-25.124336,38.25582,74.44942,2.7036763E-4,0.0735258,-0.0068254303,18566607,7,2416,0.012072885,203
7000233000036,27000700002612,7000233000041,7000233000000,27,3.060419,7000233000037,-1,7000233000035,7000233000036,-1,26,1.9795104,1.9795104,2.065576,30907,16.610088,13.414341,58.00609,154791,1,1,6,45.81509,30.53755,-31.841028,42.903416,74.09127,0.005624568,0.033616766,0.0469168,18566594,7,2612,0.009817773,906
7000233000037,26000700002370,7000233000041,7000233000000,26,3.3080978,7000233000038,-1,7000233000036,7000233000037,-1,28,1.6352477,1.6352477,1.6352477,30907,16.573854,13.399568,58.011723,154790,1,1,6,31.56027,36.595753,-30.384474,40.28511,75.53921,-0.07295518,-0.046895687,-0.0076191965,18566615,7,2370,0.010222284,789
7000233000038,25000700002701,7000233000041,7000233000000,25,3.575905,7000233000039,-1,7000233000037,7000233000038,-1,23,0.516394,0.516394,0.516394,30907,16.563604,13.36815,58.068405,154790,1,1,6,44.83696,29.666912,-26.579695,36.737362,56.49769,-0.03382408,0.053496767,0.12465142,18566594,7,2701,0.015009988,146
7000233000039,24000700002333,7000233000041,7000233000000,24,3.8656828,7000233000040,-1,7000233000038,7000233000039,-1,24,1.2049193,1.2049193,1.2049193,30907,16.522526,13.369239,58.009655,154790,1,1,6,46.218956,28.866583,-24.846092,36.581406,73.8038,0.075786084,0.098597415,0.076468654,18566607,7,2333,0.011460223,616
7000233000040,23000700001961,7000233000041,7000233000000,23,4.1794686,7000233000041,-1,7000233000039,7000233000040,-1,23,1.032788,1.032788,1.1188537,30907,16.504713,13.338252,58.002632,154790,1,1,6,42.947376,34.896744,-25.676853,36.074993,71.10003,0.013347196,-0.040605344,0.11218121,18566582,7,1961,0.010695588,782
7000233000041,21000700001761,7000233000041,7000233000000,21,4.888449,-1,-1,7000233000040,7000233000041,-1,20,0.0,0.0,0.0,30907,16.478292,13.2488785,58.0082,154790,1,1,6,36.96572,47.637,-21.026741,41.313847,63.758404,-0.05041516,-0.0082031,0.047310352,18566594,7,1761,0.012846905,847
7000233000042,39000700000922,7000233000058,7000233000000,39,1.173417,7000233000043,-1,7000233000023,7000233000024,7000233000102,44,0.0,0.0,0.0,30907,16.85019,13.424004,57.75333,154791,1,1,6,51.420223,1.4008274,55.396587,42.08089,75.26321,0.05538291,-0.001130718,-0.28667706,18566860,7,922,0.016116075,491
7000233000043,38000700001074,7000233000058,7000233000000,38,1.2758462,7000233000044,-1,7000233000042,7000233000025,-1,37,0.0,0.0,0.0,30907,16.81962,13.4203415,57.72024,154791,1,1,6,57.53276,3.5994287,44.04535,43.02228,76.65455,-0.10622007,0.044226997,-0.23368792,18566860,7,1074,0.014790405,103
7000233000044,36000700001809,7000233000058,7000233000000,36,1.5036365,7000233000045,-1,7000233000043,7000233000044,-1,61,4.6475463,4.0450864,4.733612,30907,16.736214,13.42113,57.669014,154791,1,1,6,49.812645,11.930629,45.879047,45.608124,77.59966,-0.2928766,0.18929066,-0.06409452,18566838,7,1809,0.020125674,733
7000233000045,35000700001903,7000233000058,7000233000000,35,1.6302707,7000233000046,-1,7000233000044,7000233000045,-1,56,3.8729553,3.8729553,3.9590209,30907,16.701641,13.394627,57.642082,154791,1,1,6,44.362053,19.197416,41.44202,42.6785,73.4798,-0.19800787,0.11537535,-7.149413E-4,18566827,7,1903,0.020835266,298
7000233000046,34000700001627,7000233000058,7000233000000,34,1.766336,7000233000047,-1,7000233000045,7000233000046,-1,63,3.18443,3.0122986,3.18443,30907,16.651583,13.389666,57.644398,154791,1,1,6,47.2506,15.304345,35.659393,41.35907,76.35145,-0.21696916,0.15489352,-0.22980157,18566838,7,1627,0.025892084,381
7000233000047,33000700002445,7000233000058,7000233000000,33,1.9126327,7000233000048,-1,7000233000046,7000233000047,-1,36,2.840167,2.7541015,2.840167,30907,16.632011,13.367557,57.64264,154791,1,1,6,38.937836,26.075516,39.02521,44.138245,86.84639,-0.19929889,-0.13992625,-0.06056163,18566845,7,2445,0.017206416,117
7000233000048,32000700003106,7000233000058,7000233000000,32,2.0700274,7000233000049,-1,7000233000047,7000233000048,-1,26,3.098364,2.5819702,3.3565612,30907,16.624395,13.352197,57.614944,154787,1,1,6,39.658333,21.743137,51.5012,38.037262,67.097305,-0.043707192,-0.2435856,-0.043634158,18566846,7,3106,0.013294502,978
7000233000049,31000700003032,7000233000058,7000233000000,31,2.2394855,7000233000050,-1,7000233000048,7000233000049,-1,23,2.2377074,2.1516418,2.4098387,30907,16.616951,13.320768,57.600338,154787,1,1,6,24.15468,35.5958,30.419317,38.378624,71.73192,-0.24226306,-0.010796478,-0.17898381,18566848,7,3032,0.0110383555,179
7000233000050,30000700002187,7000233000058,7000233000000,30,2.422044,7000233000051,-1,7000233000049,7000233000050,-1,33,1.9795104,1.9795104,2.065576,30907,16.605145,13.323512,57.577168,154787,1,1,6,31.196495,35.581535,19.251265,41.415478,78.76453,-0.3661121,-0.07375235,-0.088726,18566844,7,2187,0.0122357635,908
7000233000051,29000700002349,7000233000058,7000233000000,29,2.6188614,7000233000052,-1,7000233000050,7000233000051,-1,33,1.8934448,1.8934448,1.8934448,30907,16.589502,13.312497,57.56047,154786,1,1,6,38.25767,32.7316,15.530166,43.481113,79.96898,-0.34668177,-0.032736603,-0.12418522,18566844,7,2349,0.012118858,734
7000233000052,28000700003649,7000233000058,7000233000000,28,2.8311827,7000233000053,-1,7000233000051,7000233000052,-1,21,1.6352477,1.6352477,1.6352477,30907,16.574661,13.289194,57.561363,154786,1,1,6,35.42408,25.59639,21.273104,35.687546,71.22368,-0.13161927,0.03863545,-0.033182785,18566549,7,3649,0.008623794,185
7000233000053,27000700003407,7000233000058,7000233000000,27,3.060419,7000233000054,-1,7000233000052,7000233000053,-1,21,1.549182,1.549182,1.549182,30907,16.565838,13.268101,57.551117,154786,1,1,6,35.72105,24.732874,20.482822,32.4796,63.853985,-0.16046312,0.041046925,5.3520617E-4,18566846,7,3407,0.012148844,144
7000233000054,25000700002392,7000233000058,7000233000000,25,3.575905,7000233000055,-1,7000233000053,7000233000054,-1,26,1.2909851,1.2909851,1.2909851,30907,16.518003,13.248058,57.52802,154786,1,1,6,31.028181,29.414257,21.44445,37.51727,72.5915,-0.13852394,0.016755989,-0.050322194,18566844,7,2392,0.011963859,606
7000233000055,24000700002757,7000233000058,7000233000000,24,3.8656828,7000233000056,-1,7000233000054,7000233000055,-1,20,1.3770508,1.3770508,1.3770508,30907,16.493597,13.223655,57.53283,154786,1,1,6,33.414204,36.633987,16.338327,40.516712,79.45941,-0.075826615,0.03600819,0.0100020105,18566848,7,2757,0.006760802,989
7000233000056,23000700002063,7000233000058,7000233000000,23,4.1794686,7000233000057,-1,7000233000055,7000233000056,-1,24,1.8934448,1.8934448,1.8934448,30907,16.479155,13.199361,57.5347,154786,1,1,6,36.78375,36.670143,10.285741,53.93738,82.821785,0.008606125,0.008434905,-0.06626005,18566844,7,2063,0.009098417,131
7000233000057,22000700002014,7000233000058,7000233000000,22,4.5195556,7000233000058,-1,7000233000056,7000233000057,-1,21,1.8073791,1.8073791,1.8073791,30907,16.464134,13.164325,57.49613,154786,1,1,6,39.28777,39.95991,8.501011,55.535378,92.40504,-0.047010724,0.002434558,-0.09302528,18566845,7,2014,0.005502015,724
7000233000058,21000700001448,7000233000058,7000233000000,21,4.888449,-1,-1,7000233000057,7000233000058,-1,24,1.2049193,1.032788,1.2909851,30907,16.459307,13.165147,57.45585,154786,1,1,6,36.343285,33.960285,11.754954,45.23669,70.76071,0.00694485,-0.047006838,-0.07693183,18566874,7,1448,0.009981956,302
7000233000059,49000700000623,7000233000059,7000233000000,49,0.45657724,-1,-1,7000233000013,7000233000014,-1,23,0.0,0.0,0.0,30907,17.052591,13.284008,58.020725,154791,1,1,6,-14.202124,-37.38388,124.87074,53.71823,90.36174,0.056598857,0.08146532,-0.105856106,18566569,7,623,0.0055729235,173
7000233000060,52000700000576,7000233000112,7000233000000,52,0.31970343,7000233000061,-1,7000233000010,7000233000011,-1,38,0.0,0.0,0.0,30907,17.194756,13.264968,58.111385,154791,1,1,6,75.255226,-52.093555,98.516716,45.14211,77.52316,-0.055807963,0.23692654,-0.29710618,18566933,7,576,0.013529434,519
7000233000061,51000700000591,7000233000112,7000233000000,51,0.36234027,7000233000062,-1,7000233000060,7000233000012,-1,44,0.0,0.0,0.0,30907,17.17211,13.277526,58.078106,154791,1,1,6,103.77026,-40.075653,69.48713,51.676506,83.96633,-0.07812081,0.10038727,-0.0893667,19577880,7,591,0.013235912,390
7000233000062,50000700000610,7000233000112,7000233000000,50,0.40789944,7000233000063,-1,7000233000061,7000233000013,-1,34,0.0,0.0,0.0,30907,17.124548,13.2918,58.061283,154791,1,1,6,160.7327,-34.83006,27.745085,56.362278,83.491905,-0.1151243,0.1421506,-0.06658227,19577880,7,610,0.010291424,669
7000233000063,48000700000595,7000233000112,7000233000000,48,0.5085914,7000233000064,-1,7000233000062,7000233000015,-1,60,0.0,0.0,0.0,30907,16.96602,13.316572,58.01811,154791,1,1,6,179.57126,10.087936,71.83368,55.381145,92.74941,-0.21420568,0.21953961,-0.082333185,18566930,7,595,0.016192898,946
7000233000064,47000700000576,7000233000112,7000233000000,47,0.5641766,7000233000065,-1,7000233000063,7000233000064,7000233000016,67,30.295116,18.934448,26.508226,30907,16.886288,13.302616,57.993065,154791,1,1,6,150.1271,7.6349607,85.04024,52.906185,87.85926,-0.14589435,0.15355408,-0.029426409,19577880,7,576,0.020258829,939
7000233000065,46000700000576,7000233000112,7000233000000,46,0.6235901,7000233000066,-1,7000233000064,7000233000065,7000233000017,117,18.245922,15.061493,17.47133,30907,16.811487,13.295593,57.93595,154791,1,1,6,119.16158,3.5951717,90.23945,51.30209,85.165794,0.066593885,-0.08946046,-0.1960227,18566906,7,576,0.0317672,211
7000233000066,45000700000586,7000233000112,7000233000000,45,0.6871088,7000233000067,-1,7000233000065,7000233000066,7000233000018,236,15.663952,12.823785,14.545098,30907,16.783384,13.301617,57.90324,154791,1,1,6,110.37813,-3.3387542,87.89479,55.62444,98.74893,0.27435452,0.44176826,0.043391652,18566906,7,586,0.047569823,442
7000233000067,44000700000608,7000233000112,7000233000000,44,0.75503564,7000233000068,-1,7000233000066,7000233000067,7000233000019,147,15.922149,14.200836,15.147558,30907,16.739437,13.31648,57.86724,154791,1,1,6,93.98287,0.6575551,92.4715,60.666992,103.95248,0.23756841,-0.06735055,-0.5161577,18564822,7,608,0.02595153,526
7000233000068,43000700000550,7000233000112,7000233000000,43,0.8276991,7000233000069,-1,7000233000067,7000233000068,7000233000020,229,14.200836,11.877063,13.684442,30907,16.705006,13.306605,57.825832,154791,1,1,6,97.362335,-2.0207367,87.86848,56.167366,100.16373,0.51945394,-0.10238187,0.8322877,18564822,7,550,0.04806559,107
7000233000069,42000700000587,7000233000112,7000233000000,42,0.9054624,7000233000070,-1,7000233000068,7000233000069,7000233000021,198,12.13526,10.672143,11.790997,30907,16.659502,13.279309,57.776436,154791,1,1,6,85.786095,5.3241353,89.02827,52.712006,91.45768,0.3504082,0.059600547,-0.06803243,18566866,7,587,0.04532479,744
7000233000070,41000700000674,7000233000099,7000233000000,41,0.98870814,7000233000071,7000233000100,7000233000069,7000233000070,7000233000022,128,10.672143,9.8975525,10.672143,30907,16.606627,13.2698555,57.716286,154791,1,1,6,81.87832,21.296122,92.28067,50.319504,88.296265,0.18970442,0.022344436,-0.2965488,18564758,7,674,0.031608753,512
7000233000071,40000700000850,7000233000099,7000233000000,40,1.0778745,7000233000072,-1,7000233000070,7000233000071,7000233000101,139,8.778699,7.7459106,8.434436,30907,16.586039,13.24816,57.694637,154790,1,1,6,80.372185,3.7949996,81.12665,50.45784,81.30141,0.062167678,0.14490768,0.67198336,18566866,7,850,0.039584443,204
7000233000072,39000700000943,7000233000099,7000233000000,39,1.173417,7000233000073,-1,7000233000071,7000233000072,-1,117,7.831976,7.1434507,7.7459106,30907,16.52475,13.26453,57.64662,154790,1,1,6,90.23933,4.089532,83.22102,46.807102,80.141884,0.32046348,0.20078759,0.57063144,19578291,7,943,0.03605555,166
7000233000073,38000700000856,7000233000089,7000233000000,38,1.2758462,7000233000074,7000233000090,7000233000072,7000233000073,-1,165,7.1434507,6.7131224,7.1434507,30907,16.483534,13.229363,57.604397,154786,1,1,6,70.199776,15.672115,79.10185,51.48705,87.74636,0.44575444,-0.26706403,-0.048096687,18569231,7,856,0.048820607,152
7000233000074,37000700001145,7000233000089,7000233000000,37,1.3857181,7000233000075,-1,7000233000073,7000233000074,-1,91,6.971319,6.540991,7.057385,30907,16.4288,13.227233,57.557304,154786,1,1,6,76.23649,8.674684,64.5108,50.32894,86.54926,-0.0041062175,-0.20835401,0.072333634,19578291,7,1145,0.023185326,450
7000233000075,36000700001437,7000233000089,7000233000000,36,1.5036365,7000233000076,-1,7000233000074,7000233000075,-1,74,6.799188,6.4549255,7.2295165,30907,16.38175,13.225835,57.53765,154786,1,1,6,78.293495,-16.19743,67.900314,48.144012,85.914154,-0.33640373,-0.36779016,0.08284409,18566819,7,1437,0.021734068,706
7000233000076,35000700001092,7000233000089,7000233000000,35,1.6302707,7000233000077,-1,7000233000075,7000233000076,-1,100,6.971319,6.799188,6.971319,30907,16.343092,13.248392,57.48837,154786,1,1,6,75.39236,-14.063628,68.508965,50.50003,89.95315,-0.106013566,-0.37938926,0.065723576,18566819,7,1092,0.026014771,133
7000233000077,34000700001354,7000233000089,7000233000000,34,1.766336,7000233000078,-1,7000233000076,7000233000077,-1,76,6.1106625,5.9385314,6.196728,30907,16.313248,13.2479,57.4185,154786,1,1,6,72.91388,-32.266087,59.257874,53.85057,83.990326,-0.28969565,-0.37396544,0.11944524,19578271,7,1354,0.021132307,748
7000233000078,33000700001198,7000233000089,7000233000000,33,1.9126327,7000233000079,-1,7000233000077,7000233000078,-1,87,7.4016476,6.971319,7.4877133,30907,16.264853,13.27887,57.39379,154786,1,1,6,68.94802,-23.06046,61.94703,58.077618,93.67279,-0.11191515,-0.41830784,0.037452705,19578291,7,1198,0.021442106,735
7000233000079,32000700001257,7000233000089,7000233000000,32,2.0700274,7000233000080,-1,7000233000078,7000233000079,-1,76,6.282794,6.1106625,6.36886,30907,16.196486,13.292875,57.362278,154786,1,1,6,56.149147,-30.549236,63.784103,54.759113,84.35451,-0.30785683,-0.4996406,0.0060731843,18566819,7,1257,0.02356651,244
7000233000080,31000700001173,7000233000089,7000233000000,31,2.2394855,7000233000081,-1,7000233000079,7000233000080,-1,75,2.4098387,2.4098387,2.4098387,30907,16.23542,13.254167,57.359097,154786,1,1,6,48.834908,-32.113003,65.96411,48.07598,69.87334,-0.42238727,-0.47542915,0.021632116,18567237,7,1173,0.03430881,942
7000233000081,30000700002550,7000233000087,7000233000000,30,2.422044,7000233000082,7000233000088,7000233000080,7000233000081,-1,35,2.6680357,2.4098387,2.7541015,30907,16.110556,13.39851,57.323975,154786,1,1,6,67.398056,-46.420586,27.742481,36.583866,71.65218,0.13293222,-0.10754335,0.019004138,18564818,7,2550,0.015524186,486
7000233000082,29000700002287,7000233000087,7000233000000,29,2.6188614,7000233000083,-1,7000233000081,7000233000082,-1,37,2.5819702,2.5819702,2.5819702,30907,16.071869,13.405382,57.31049,154786,1,1,6,59.430046,-38.43788,23.33134,42.80069,75.82647,0.097455695,-0.088662915,0.030764135,19578282,7,2287,0.013769725,468
7000233000083,28000700002150,7000233000087,7000233000000,28,2.8311827,7000233000084,-1,7000233000082,7000233000083,-1,36,2.840167,2.7541015,2.840167,30907,16.04214,13.417565,57.25068,154786,1,1,6,52.63708,-35.16277,22.442005,46.123226,77.45247,0.123562,-0.09322219,0.020894138,18566820,7,2150,0.014355282,851
7000233000084,27000700002037,7000233000087,7000233000000,27,3.060419,7000233000085,-1,7000233000083,7000233000084,-1,34,2.840167,2.840167,2.840167,30907,16.014227,13.444903,57.254395,154786,1,1,6,47.477135,-29.012297,23.265076,49.740627,87.40289,0.05926563,-0.06275461,-0.04391413,18564826,7,2037,0.010197062,494
7000233000085,26000700002297,7000233000087,7000233000000,26,3.3080978,7000233000086,-1,7000233000084,7000233000085,-1,30,2.1516418,2.1516418,2.1516418,30907,15.973638,13.441225,57.237305,154786,1,1,6,44.128204,-24.871635,26.48786,45.20351,77.71644,0.13883616,-0.09815368,-0.06113718,18564822,7,2297,0.0115885995,578
7000233000086,25000700002311,7000233000087,7000233000000,25,3.575905,7000233000087,-1,7000233000085,7000233000086,-1,27,1.8934448,1.8073791,1.8934448,30907,15.9482155,13.474529,57.207314,154786,1,1,6,42.591797,-25.129765,25.350153,39.655598,73.6898,0.15851033,-0.10078393,-1.06808206E-4,18564826,7,2311,0.011266641,144
7000233000087,24000700002559,7000233000087,7000233000000,24,3.8656828,-1,-1,7000233000086,7000233000087,-1,22,0.60245967,0.60245967,1.1188537,30907,15.9288645,13.471805,57.232624,154786,1,1,6,36.86728,-22.828459,20.090912,36.282246,63.076893,0.16704412,-0.107598744,0.027497143,18564826,7,2559,0.011965806,618
7000233000088,30000700002621,7000233000089,7000233000000,30,2.422044,7000233000089,-1,7000233000080,7000233000088,-1,31,2.1516418,1.8934448,2.1516418,30907,16.207445,13.265239,57.301704,154786,1,1,6,24.157167,-8.63713,105.19638,35.277668,64.11189,-0.40399686,0.07728042,0.040345766,18567238,7,2621,0.015356997,677
7000233000089,28000700003647,7000233000089,7000233000000,28,2.8311827,-1,-1,7000233000088,7000233000089,-1,21,0.9467224,0.9467224,1.032788,30907,16.15323,13.273684,57.192398,154786,1,1,6,21.663929,-16.726955,96.882416,34.457928,62.271774,0.010473831,0.027753461,-0.0032546178,18567248,7,3647,0.012093449,683
7000233000090,37000700002393,7000233000095,7000233000000,37,1.3857181,7000233000091,7000233000096,7000233000072,7000233000090,-1,22,1.9795104,1.8073791,1.9795104,30907,16.209202,13.3181505,57.60772,154786,1,1,6,98.076744,-24.739859,117.422516,28.293482,53.96903,0.037992608,0.012833163,-0.16599587,18569221,7,2393,0.01787439,99
7000233000091,36000700002670,7000233000095,7000233000000,36,1.5036365,7000233000092,-1,7000233000090,7000233000091,-1,20,2.065576,1.4631164,2.065576,30907,16.158611,13.319321,57.531677,154786,1,1,6,92.62172,-17.263855,114.369385,28.920061,53.8625,0.036939085,0.022232698,-0.17517725,18569221,7,2670,0.014034263,676
7000233000092,35000700004046,7000233000095,7000233000000,35,1.6302707,7000233000093,-1,7000233000091,7000233000092,-1,20,1.4631164,1.4631164,1.4631164,30907,16.106773,13.346869,57.478367,154786,1,1,6,90.57867,-16.370508,118.269714,31.337597,58.10304,0.06927801,-0.06594173,-0.12894148,19582092,7,4046,0.013284473,803
7000233000093,34000700003733,7000233000095,7000233000000,34,1.766336,7000233000094,-1,7000233000092,7000233000093,-1,21,1.7213135,1.7213135,1.7213135,30907,16.0426,13.354066,57.408203,154786,1,1,6,82.54754,-17.872416,120.02399,27.52936,55.824055,0.04232327,-0.040465258,-0.1296605,18567240,7,3733,0.014637898,184
7000233000094,33000700003819,7000233000095,7000233000000,33,1.9126327,7000233000095,-1,7000233000093,7000233000094,-1,21,0.516394,0.516394,0.516394,30907,15.966709,13.338525,57.283924,154786,1,1,6,73.89777,-18.305386,118.69529,28.373804,42.825897,0.039566927,-0.06437883,-0.13153115,18569222,7,3819,0.026515516,503
7000233000095,32000700003198,7000233000095,7000233000000,32,2.0700274,-1,-1,7000233000094,7000233000095,-1,22,0.0,0.0,0.0,30907,15.926703,13.339138,57.241947,154786,1,1,6,61.61509,-17.814198,115.61308,28.029573,49.166866,0.027674306,-0.046325583,-0.12499259,18567240,7,3198,0.022936815,414
7000233000096,38000700001861,7000233000099,7000233000000,38,1.2758462,7000233000097,-1,7000233000072,7000233000096,-1,30,3.098364,1.3770508,3.098364,30907,16.313229,13.246462,57.731064,154790,1,1,6,85.27711,-119.02487,-3.3213944,31.241238,51.47301,-0.15449119,-0.10969337,-0.17365937,18564739,7,1861,0.026592836,828
7000233000097,37000700003073,7000233000099,7000233000000,37,1.3857181,7000233000098,-1,7000233000096,7000233000097,-1,26,2.065576,1.7213135,2.065576,30907,16.286253,13.305006,57.74192,154790,1,1,6,82.66711,-118.70415,5.860368,31.193895,50.484398,0.008030472,-0.0025679127,-0.089119665,18564689,7,3073,0.022902029,104
7000233000098,36000700003351,7000233000099,7000233000000,36,1.5036365,7000233000099,-1,7000233000097,7000233000098,-1,26,1.3770508,1.3770508,1.3770508,30907,16.241467,13.347728,57.734314,154790,1,1,6,71.12422,-129.13702,28.614918,36.867554,58.803703,-0.00534144,-0.09933598,-0.097138174,18564744,7,3351,0.021898264,376
7000233000099,35000700003155,7000233000099,7000233000000,35,1.6302707,-1,-1,7000233000098,7000233000099,-1,29,1.2909851,1.2909851,1.2909851,30907,16.17952,13.403432,57.714394,154790,1,1,6,62.5494,-134.7972,36.13454,32.637962,51.057323,-0.065833226,-0.043586317,-0.14662614,19578548,7,3155,0.021503625,510
7000233000100,41000700000675,7000233000112,7000233000000,41,0.98870814,7000233000101,-1,7000233000069,7000233000070,-1,25,0.0,0.0,0.0,30907,16.66693,13.364605,57.752434,154791,1,1,6,55.72202,-47.51368,104.51063,29.051306,55.725246,-0.070873186,0.09140344,-0.08048406,18566939,7,675,0.01710418,627
7000233000101,40000700000851,7000233000112,7000233000000,40,1.0778745,7000233000102,-1,7000233000100,7000233000071,-1,21,0.0,0.0,0.0,30907,16.650791,13.39317,57.676907,154791,1,1,6,51.301548,-26.636415,109.86003,33.373684,56.05696,-0.015066476,0.13468759,-0.05452089,18566895,7,851,0.016481256,24
7000233000102,39000700000923,7000233000112,7000233000000,39,1.173417,7000233000103,-1,7000233000101,7000233000024,-1,34,0.0,0.0,0.0,30907,16.620396,13.401754,57.645,154791,1,1,6,52.52763,-23.289904,95.63589,39.637817,66.13129,0.055516515,0.08899357,-0.2161375,18566906,7,923,0.016867131,190
7000233000103,37000700001759,7000233000112,7000233000000,37,1.3857181,7000233000104,-1,7000233000102,7000233000103,-1,32,2.840167,2.6680357,2.840167,30907,16.576044,13.419023,57.514057,154786,1,1,6,34.186012,10.642089,73.90494,29.0399,54.523415,0.057154104,-0.025940599,-0.124930084,18566903,7,1759,0.024460416,962
7000233000104,36000700002584,7000233000112,7000233000000,36,1.5036365,7000233000105,-1,7000233000103,7000233000104,-1,32,2.4959044,2.065576,2.5819702,30907,16.53722,13.40875,57.475807,154786,1,1,6,45.573357,11.246168,62.79497,32.251476,59.674988,-0.06081958,-0.0030199385,-0.025638955,18566940,7,2584,0.017669901,663
7000233000105,35000700003040,7000233000112,7000233000000,35,1.6302707,7000233000106,-1,7000233000104,7000233000105,-1,23,2.4959044,2.3237731,2.4959044,30907,16.508478,13.40447,57.46083,154786,1,1,6,35.123344,20.731503,44.63192,34.893227,68.67235,-0.097796924,-0.033761673,3.0650795E-4,18566940,7,3040,0.01012456,220
7000233000106,34000700002411,7000233000112,7000233000000,34,1.766336,7000233000107,-1,7000233000105,7000233000106,-1,32,2.1516418,2.1516418,2.1516418,30907,16.494019,13.39058,57.434345,154786,1,1,6,41.823803,41.905563,43.17121,34.60457,69.43702,-0.19165784,-0.057532612,-0.01594202,18566940,7,2411,0.01463993,957
7000233000107,33000700002858,7000233000112,7000233000000,33,1.9126327,7000233000108,-1,7000233000106,7000233000107,-1,31,2.4098387,1.8073791,2.4098387,30907,16.476942,13.357556,57.399815,154786,1,1,6,46.751423,58.817333,31.009201,36.402977,63.435665,-0.23600532,-0.021885045,0.0798616,18566932,7,2858,0.016418908,286
7000233000108,32000700002960,7000233000112,7000233000000,32,2.0700274,7000233000109,-1,7000233000107,7000233000108,-1,23,1.8073791,1.6352477,1.8934448,30907,16.447811,13.341706,57.37945,154786,1,1,6,42.89688,87.05738,15.973431,32.26296,60.665737,-0.081918605,0.041859057,0.07064057,18566933,7,2960,0.016292892,589
7000233000109,31000700001957,7000233000112,7000233000000,31,2.2394855,7000233000110,-1,7000233000108,7000233000109,-1,28,2.5819702,2.4959044,2.5819702,30907,16.428316,13.288861,57.4003,154786,1,1,6,50.698925,92.804924,9.537754,40.82141,68.1184,-0.17872466,0.029327027,0.055716656,18566903,7,1957,0.013029583,43
7000233000110,30000700002087,7000233000112,7000233000000,30,2.422044,7000233000111,-1,7000233000109,7000233000110,-1,27,3.098364,3.0122986,3.18443,30907,16.39964,13.243866,57.38312,154786,1,1,6,63.756485,94.95059,-1.5313944,45.738087,70.30791,-0.09570095,-2.4308501E-4,-0.0116528785,18566903,7,2087,0.011104407,28
7000233000111,29000700002090,7000233000112,7000233000000,29,2.6188614,7000233000112,-1,7000233000110,7000233000111,-1,26,1.6352477,1.6352477,1.8073791,30907,16.365608,13.141938,57.3954,154786,1,1,6,60.706028,70.741516,22.653095,34.669003,64.6686,0.32858148,-0.097366795,-0.42579722,18566937,7,2090,0.012719573,543
7000233000112,28000700003648,7000233000112,7000233000000,28,2.8311827,-1,-1,7000233000111,7000233000112,-1,21,1.7213135,1.7213135,1.7213135,30907,16.351055,13.09082,57.383545,154786,1,1,6,55.930473,87.27174,14.4359045,38.33738,66.97633,-0.11840066,0.017012523,-0.05040345,18566932,7,3648,0.00907653,96
7000233000113,62000700002863,7000233000113,7000233000000,62,0.019932542,-1,-1,7000233000000,7000233000113,-1,23,1.8073791,1.2909851,1.4631164,30907,17.446545,13.173226,58.18845,154791,1,1,6,146.74461,41.80957,150.47627,19.633644,47.37125,0.25476623,0.26046437,-0.14872581,18564745,7,2863,0.02451404,414