haloID,subHaloID,lastProgenitorId,treeId,snapNum,redshift,firstProgenitorId,nextProgenitorId,descendantId,firstHaloInFOFgroupId,nextHaloInFOFgroupId,np,m_Mean200,m_Crit200,m_TopHat,phKey,x,y,z,zIndex,ix,iy,iz,velX,velY,velZ,velDisp,vMax,spinX,spinY,spinZ,mostBoundID,fileNr,subhaloIndex,halfmassRadius,random
7000125000000,63000700000350,7000125000139,7000125000000,63,0.0,7000125000001,-1,-1,7000125000000,-1,1308,120.92227,91.573875,108.95914,30147,29.341541,27.704609,40.792843,147148,3,3,4,40.97643,80.94844,-149.22813,97.480774,184.99983,-0.15421788,0.64103115,-0.529951,18128953,7,350,0.08220989,399
7000125000001,62000700000343,7000125000139,7000125000000,62,0.019932542,7000125000002,-1,7000125000000,7000125000001,-1,1296,119.373085,91.746,108.70094,30147,29.34101,27.689058,40.82606,147148,3,3,4,42.614548,80.653824,-149.46208,96.68549,180.47145,-0.14188252,0.7018701,-0.5981977,18128953,7,343,0.08125074,853
7000125000002,61000700000346,7000125000139,7000125000000,61,0.041403063,7000125000003,-1,7000125000001,7000125000002,-1,1279,117.90997,91.48781,106.63537,30147,29.330446,27.670685,40.85362,147148,3,3,4,44.05776,80.32173,-147.79811,98.3672,181.83926,-0.07712227,0.70053667,-0.60298324,18128953,7,346,0.07726538,697
7000125000003,60000700000403,7000125000139,7000125000000,60,0.064493395,7000125000004,-1,7000125000002,7000125000003,-1,1256,117.22144,91.573875,105.688644,30147,29.315697,27.650255,40.8881,147148,3,3,4,45.28595,79.567505,-148.26656,100.872116,184.97414,-0.07084478,0.66204345,-0.55663747,18128953,7,403,0.07304181,12
7000125000004,59000700000359,7000125000139,7000125000000,59,0.08928783,7000125000005,-1,7000125000003,7000125000004,-1,1228,114.983734,91.14355,104.48373,30147,29.304665,27.628908,40.92792,147148,3,3,4,45.774452,77.68622,-147.89474,103.49948,190.60281,-0.069101036,0.71618146,-0.14992577,18134221,7,359,0.0698123,825
7000125000005,58000700000359,7000125000139,7000125000000,58,0.11588337,7000125000006,-1,7000125000004,7000125000005,-1,1244,113.95095,90.541084,102.24602,30148,29.293823,27.610924,40.964554,147141,3,3,4,48.88286,76.14934,-145.6354,100.86776,185.04272,-0.2797622,0.70243204,-0.25124946,18125051,7,359,0.06807332,573
7000125000006,57000700000367,7000125000139,7000125000000,57,0.14438343,7000125000007,-1,7000125000005,7000125000006,-1,1184,111.885376,90.36896,100.95503,30148,29.286257,27.59097,41.005352,147141,3,3,4,49.321354,75.242325,-144.4733,102.51366,186.88214,-0.11590413,0.6396432,-0.117072575,18128953,7,367,0.06753839,882
7000125000007,56000700000378,7000125000139,7000125000000,56,0.17489761,7000125000008,-1,7000125000006,7000125000007,-1,1187,109.64767,88.13125,100.094376,30149,29.2671,27.563345,41.04409,147169,3,3,4,50.394196,74.72941,-144.69699,103.16253,188.24545,0.087013096,0.6587858,-0.06987428,18125051,7,378,0.06658771,358
7000125000008,55000700000432,7000125000139,7000125000000,55,0.20754863,7000125000009,-1,7000125000007,7000125000008,-1,1172,107.496025,85.46321,98.5452,30149,29.247875,27.5371,41.08542,147169,3,3,4,52.075684,72.34187,-142.4689,100.70276,185.39452,0.011346815,0.6497776,0.09871735,18124938,7,432,0.06593814,946
7000125000009,54000700000382,7000125000139,7000125000000,54,0.24246909,7000125000010,-1,7000125000008,7000125000009,-1,1122,104.914055,85.46321,97.42634,30149,29.227173,27.512167,41.126713,147169,3,3,4,53.74002,72.72861,-137.58249,100.89293,184.7127,0.027732339,0.64487666,0.10085503,18128751,7,382,0.06514255,104
7000125000010,53000700000431,7000125000139,7000125000000,53,0.2798018,7000125000011,-1,7000125000009,7000125000010,-1,1082,103.19274,85.377144,96.737816,30149,29.208923,27.495367,41.17311,147169,3,3,4,53.155693,69.3871,-136.77347,103.547066,184.76537,0.29504865,0.6438731,0.18020615,18125051,7,431,0.061363958,201
7000125000011,52000700000412,7000125000139,7000125000000,52,0.31970343,7000125000012,-1,7000125000010,7000125000011,-1,1079,100.094376,83.4837,94.50011,30149,29.197218,27.476921,41.215195,147169,3,3,4,52.6498,70.81226,-131.78232,103.55074,184.73633,0.16403382,0.65415794,0.26665196,18125686,7,412,0.061413463,865
7000125000012,51000700000419,7000125000139,7000125000000,51,0.36234027,7000125000013,-1,7000125000011,7000125000012,-1,1034,98.5452,81.33206,92.0042,30149,29.180428,27.46007,41.270805,147169,3,3,4,54.219193,69.75964,-130.4247,110.11563,198.38994,0.06982292,0.54005873,0.32811424,18125686,7,419,0.05191615,532
7000125000013,50000700000406,7000125000116,7000125000000,50,0.40789944,7000125000014,7000125000117,7000125000012,7000125000013,7000125000117,1004,95.79109,79.35255,89.5083,30149,29.164904,27.438148,41.318996,147169,3,3,4,50.51508,60.438873,-120.309616,100.735634,183.71992,-0.08846892,0.6438697,0.37746382,18125686,7,406,0.059119824,182
7000125000014,49000700000421,7000125000116,7000125000000,49,0.45657724,7000125000015,-1,7000125000013,7000125000014,7000125000118,934,94.155846,77.200905,88.303375,30149,29.146732,27.412092,41.358086,147169,3,3,4,49.38329,60.668358,-119.49952,100.452965,180.16798,-0.11433638,0.5393986,0.51556003,18125686,7,421,0.0541439,257
7000125000015,48000700000400,7000125000116,7000125000000,48,0.5085914,7000125000016,-1,7000125000014,7000125000015,7000125000119,942,87.528786,73.67222,80.38534,30149,29.13359,27.4006,41.410095,147169,3,3,4,49.1342,58.76247,-118.552986,101.50143,183.4634,-0.24243794,0.65827084,0.6646548,18124902,7,400,0.054511447,307
7000125000016,47000700000385,7000125000116,7000125000000,47,0.5641766,7000125000017,-1,7000125000015,7000125000016,7000125000120,917,87.01239,73.069756,82.10665,30149,29.110882,27.38337,41.45699,147169,3,3,4,49.18732,59.15304,-117.309975,104.20597,184.84575,-0.046799805,0.7268357,0.5551294,18124902,7,385,0.051829003,30
7000125000017,46000700000412,7000125000116,7000125000000,46,0.6235901,7000125000018,-1,7000125000016,7000125000017,-1,900,85.20502,74.44681,81.67632,30149,29.093472,27.354082,41.515095,147169,3,3,4,49.353394,56.833828,-112.86199,103.930534,183.07185,0.02454986,0.65261346,0.65902275,18124902,7,412,0.053749856,406
7000125000018,45000700000403,7000125000116,7000125000000,45,0.6871088,7000125000019,-1,7000125000017,7000125000018,-1,885,82.19272,72.55336,80.81567,30172,29.067812,27.31624,41.552143,147059,3,3,4,50.792667,57.037968,-113.656235,106.338974,184.48056,-0.09272499,0.5129569,0.55965096,18124902,7,403,0.04849578,878
7000125000019,44000700000396,7000125000116,7000125000000,44,0.75503564,7000125000020,-1,7000125000018,7000125000019,-1,849,79.35255,70.143524,76.77058,30172,29.04826,27.292658,41.605976,147059,3,3,4,54.541122,56.940224,-110.162254,103.92823,181.26161,0.10830762,0.63408893,0.46844992,18125038,7,396,0.048330095,627
7000125000020,43000700000370,7000125000116,7000125000000,43,0.8276991,7000125000021,-1,7000125000019,7000125000020,-1,872,77.889435,69.713196,75.56566,30172,29.008741,27.255,41.662785,147059,3,3,4,53.138367,53.123775,-106.59908,104.59301,183.13928,0.19575879,0.5978151,0.31075844,18128721,7,370,0.052367195,292
7000125000021,42000700000325,7000125000095,7000125000000,42,0.9054624,7000125000022,7000125000096,7000125000020,7000125000021,7000125000096,902,78.06156,67.30335,75.82385,30172,28.98509,27.212635,41.72918,147059,3,3,4,46.974777,57.673943,-110.80838,101.31349,176.80893,0.5271615,0.7801621,0.28966963,18128843,7,325,0.054248393,28
7000125000022,41000700000351,7000125000095,7000125000000,41,0.98870814,7000125000023,-1,7000125000021,7000125000022,7000125000097,929,79.69681,70.65992,77.889435,30172,28.95682,27.175447,41.78996,147059,3,3,4,47.012043,54.22904,-107.152626,105.04657,175.82973,0.6816661,0.7085691,0.02870522,18124831,7,351,0.056807257,418
7000125000023,40000700000344,7000125000095,7000125000000,40,1.0778745,7000125000024,-1,7000125000022,7000125000023,7000125000098,886,80.557465,72.63943,79.61075,30172,28.934795,27.158236,41.843212,147059,3,3,4,47.866306,49.475044,-107.017044,120.155396,193.6419,0.6689469,0.7103342,-0.029944591,18128838,7,344,0.047156136,369
7000125000024,39000700000342,7000125000095,7000125000000,39,1.173417,7000125000025,-1,7000125000023,7000125000024,7000125000099,869,77.200905,73.41402,77.11484,30172,28.920757,27.136343,41.909218,147059,3,3,4,41.837006,46.825794,-103.74812,120.92714,191.22601,0.82962656,0.7580443,0.007906881,18125043,7,342,0.04529917,179
7000125000025,38000700000331,7000125000095,7000125000000,38,1.2758462,7000125000026,-1,7000125000024,7000125000025,7000125000100,778,72.12303,68.50828,72.12303,30172,28.881542,27.136915,41.915062,147059,3,3,4,37.124023,43.263477,-91.78002,126.21593,202.7855,0.7843195,0.8669182,0.10678805,18125672,7,331,0.03637043,747
7000125000026,37000700000292,7000125000063,7000125000000,37,1.3857181,7000125000027,7000125000064,7000125000025,7000125000026,7000125000101,550,54.995964,51.03694,55.340225,30172,28.845385,27.13005,41.910038,147059,3,3,4,31.87059,32.92552,-45.483047,104.63259,172.45572,0.41637424,0.48424372,0.66249055,18124899,7,292,0.036796175,268
7000125000027,36000700000309,7000125000063,7000125000000,36,1.5036365,7000125000028,-1,7000125000026,7000125000027,7000125000073,526,35.02873,32.274628,35.20086,30172,28.839153,27.142044,41.89326,147059,3,3,4,19.881752,39.04124,-57.056366,94.21123,154.96997,0.84342664,0.6070689,0.5770425,18125043,7,309,0.042797133,543
7000125000028,35000700000301,7000125000052,7000125000000,35,1.6302707,7000125000029,7000125000053,7000125000027,7000125000028,7000125000074,473,28.315605,26.163963,30.209051,30172,28.829546,27.129908,41.89841,147059,3,3,4,15.976389,46.02991,-49.97059,85.781784,150.02475,-0.15103868,0.44242436,0.53267366,18125010,7,301,0.045155067,899
7000125000029,34000700000344,7000125000052,7000125000000,34,1.766336,7000125000030,-1,7000125000028,7000125000029,7000125000075,350,27.885277,25.991833,28.573803,30172,28.823963,27.118397,41.92274,147059,3,3,4,8.997399,33.480618,-40.39128,86.8783,153.88217,-0.33154672,0.045883503,0.47602582,18124849,7,344,0.030033363,497
7000125000030,33000700000471,7000125000052,7000125000000,33,1.9126327,7000125000031,-1,7000125000029,7000125000030,-1,281,27.454948,26.163963,28.05741,30172,28.81998,27.08732,41.942047,147059,3,3,4,4.882307,40.379547,-45.45798,89.41527,156.69962,0.13810563,-0.20713004,0.23032124,18128721,7,471,0.02358795,221
7000125000031,32000700000398,7000125000052,7000125000000,32,2.0700274,7000125000032,-1,7000125000030,7000125000031,-1,317,24.614782,23.66806,25.47544,30172,28.821663,27.070095,41.97312,147059,3,3,4,2.6108732,45.11645,-47.015015,85.05868,148.168,-0.19352922,-0.10216522,0.35268468,18124820,7,398,0.02768917,257
7000125000032,31000700000390,7000125000052,7000125000000,31,2.2394855,7000125000033,-1,7000125000031,7000125000032,-1,295,24.614782,23.926256,25.217241,30172,28.822042,27.01978,42.010555,147063,3,3,4,5.0301266,48.798107,-49.40555,87.048035,150.13588,0.15421654,-0.27027273,0.03581626,18124820,7,390,0.026534647,880
7000125000033,30000700000362,7000125000052,7000125000000,30,2.422044,7000125000034,-1,7000125000032,7000125000033,-1,268,23.0656,22.549206,23.409863,30172,28.810152,26.994791,42.061367,147063,3,3,4,5.1476464,48.740368,-58.340397,92.54445,158.0639,-0.0068521495,-0.27849218,0.029839043,18124834,7,362,0.02147934,106
7000125000034,29000700000365,7000125000052,7000125000000,29,2.6188614,7000125000035,-1,7000125000033,7000125000034,-1,251,20.741827,20.569695,21.86068,30172,28.81372,26.964651,42.08563,147063,3,3,4,5.2192655,49.576954,-50.104267,96.143814,169.36098,0.028294194,-0.46844023,-0.09761432,18124849,7,365,0.018082812,157
7000125000035,28000700000327,7000125000052,7000125000000,28,2.8311827,7000125000036,-1,7000125000034,7000125000035,-1,247,18.848381,18.418055,19.27871,30172,28.80489,26.917374,42.115982,147063,3,3,4,7.9920177,58.686024,-60.123444,86.72487,146.02686,0.21678488,-0.5890741,-0.27314076,18125043,7,327,0.022214875,832
7000125000036,27000700000312,7000125000052,7000125000000,27,3.060419,7000125000037,-1,7000125000035,7000125000036,-1,218,12.995916,12.13526,13.426245,30172,28.814857,26.924456,42.161533,147063,3,3,4,10.968657,57.43119,-51.38703,79.60402,129.27202,0.21531202,-0.6625542,-0.36905122,18125050,7,312,0.024841664,953
7000125000037,26000700000245,7000125000052,7000125000000,26,3.3080978,7000125000038,-1,7000125000036,7000125000037,-1,244,12.393456,11.963128,13.340179,30172,28.808708,26.88882,42.163662,147063,3,3,4,2.4833362,50.28325,-53.21637,78.95641,135.08632,-0.08324203,-0.63410014,-0.3344713,18124819,7,245,0.026292011,818
7000125000038,25000700000286,7000125000048,7000125000000,25,3.575905,7000125000039,7000125000049,7000125000037,7000125000038,-1,162,10.8442745,10.672143,11.360668,30172,28.80831,26.850464,42.20631,147063,3,3,4,4.6819177,45.258312,-44.79569,79.73519,131.41402,-0.050051518,-0.2836589,-0.042926144,18124819,7,286,0.019287076,888
7000125000039,24000700000263,7000125000048,7000125000000,24,3.8656828,7000125000040,-1,7000125000038,7000125000039,-1,142,12.393456,12.393456,12.651653,30172,28.81797,26.828156,42.2086,147063,3,3,4,15.397202,50.987774,-39.92085,90.75844,148.38112,0.0389624,-0.3657079,-0.068562694,18125041,7,263,0.014846968,254
7000125000040,23000700000244,7000125000048,7000125000000,23,4.1794686,7000125000041,-1,7000125000039,7000125000040,-1,133,11.618866,11.5328,11.704931,30172,28.812035,26.801035,42.204597,147063,3,3,4,8.03825,46.44129,-50.47334,92.999794,150.99377,0.020734625,-0.52651626,-0.038550034,18125041,7,244,0.011918348,632
7000125000041,22000700000217,7000125000048,7000125000000,22,4.5195556,7000125000042,-1,7000125000040,7000125000041,-1,129,6.1106625,6.1106625,7.3155823,30172,28.77557,26.786226,42.180256,147063,3,3,4,6.93361,45.148296,-48.446575,81.174545,124.381294,0.038859162,-0.5090424,-0.061198037,18125050,7,217,0.017057683,103
7000125000042,21000700000223,7000125000048,7000125000000,21,4.888449,7000125000043,-1,7000125000041,7000125000042,-1,98,3.9590209,3.9590209,4.131152,30172,28.741348,26.753155,42.217213,147063,3,2,4,13.613708,48.86372,-47.056496,68.40592,107.8841,-0.016947513,-0.4505003,0.09486965,18124819,7,223,0.018120449,909
7000125000043,20000700000683,7000125000047,7000125000000,20,5.2888336,7000125000044,7000125000048,7000125000042,7000125000043,-1,35,2.6680357,2.5819702,2.6680357,30172,28.715271,26.733149,42.25786,147063,3,2,4,50.300762,28.073957,-51.495613,60.952225,99.84023,0.03977558,-0.06048003,-0.023789328,18124830,7,683,0.00736782,785
7000125000044,19000700000466,7000125000047,7000125000000,19,5.7238646,7000125000045,-1,7000125000043,7000125000044,-1,38,2.5819702,2.5819702,2.840167,30172,28.703495,26.73245,42.2745,147063,3,2,4,41.4017,34.66116,-58.096603,58.911102,100.68936,-0.049291488,-0.0044117076,0.045612823,18124819,7,466,0.00781756,321
7000125000045,18000700000475,7000125000047,7000125000000,18,6.1968336,7000125000046,-1,7000125000044,7000125000045,-1,31,1.8934448,1.8934448,1.8934448,30172,28.683466,26.713495,42.308323,147063,3,2,4,37.39211,31.631924,-65.42641,58.191143,99.67635,0.009116156,-0.0061556688,0.038003564,18124931,7,475,0.0062100613,904
7000125000046,17000700000435,7000125000047,7000125000000,17,6.7115865,7000125000047,-1,7000125000045,7000125000046,-1,26,1.8934448,1.8934448,1.9795104,30172,28.669407,26.67358,42.358498,147063,3,2,4,33.209682,44.703056,-62.627995,58.46453,97.80533,0.06986983,-0.01979655,0.07280108,18124931,7,435,0.0059074564,220
7000125000047,16000700000340,7000125000047,7000125000000,16,7.272188,-1,-1,7000125000046,7000125000047,-1,23,1.8934448,1.8934448,1.8934448,30172,28.660685,26.673042,42.365566,147063,3,2,4,24.883219,41.639835,-54.298218,65.15863,112.05084,0.04287284,-0.028377771,0.027087105,18124819,7,340,0.0037983614,249
7000125000048,20000700000874,7000125000048,7000125000000,20,5.2888336,-1,-1,7000125000042,7000125000048,-1,29,0.60245967,0.60245967,0.60245967,30172,28.957922,26.72152,42.429996,147063,3,2,4,-66.71011,49.907238,-56.52733,40.442265,63.49751,-0.03534447,-0.06540957,-0.11272901,18124828,7,874,0.018571613,344
7000125000049,25000700000937,7000125000052,7000125000000,25,3.575905,7000125000050,-1,7000125000037,7000125000049,-1,46,1.2909851,1.2909851,1.2909851,30172,28.692476,26.710352,42.33334,147063,3,2,4,-15.741198,101.344444,-90.08859,47.923744,76.135086,0.019252157,-0.14178547,-0.0061448803,18128924,7,937,0.020278377,410
7000125000050,24000700000937,7000125000052,7000125000000,24,3.8656828,7000125000051,-1,7000125000049,7000125000050,-1,41,3.098364,3.098364,3.3565612,30172,28.74523,26.625084,42.39473,147063,3,2,4,-12.887837,95.12774,-75.17502,50.93178,84.46197,-0.082626276,0.030606633,0.14279504,18125682,7,937,0.013488702,360
7000125000051,23000700001060,7000125000052,7000125000000,23,4.1794686,7000125000052,-1,7000125000050,7000125000051,-1,26,3.18443,3.18443,3.3565612,30172,28.777143,26.593782,42.432373,147063,3,2,4,-56.77484,77.85435,-91.8257,42.038963,78.195335,-0.02602526,-0.08134018,0.06454974,18125682,7,1060,0.01026562,21
7000125000052,21000700001507,7000125000052,7000125000000,21,4.888449,-1,-1,7000125000051,7000125000052,-1,21,1.4631164,1.4631164,1.4631164,30172,28.832134,26.526,42.500675,147063,3,2,4,-56.344955,80.67021,-68.17407,42.02503,76.28285,-0.042577315,-0.035420418,0.0117699,18125681,7,1507,0.007245003,795
7000125000053,35000700000305,7000125000063,7000125000000,35,1.6302707,7000125000054,-1,7000125000027,7000125000028,-1,25,0.0,0.0,0.0,30172,28.869196,27.017042,42.312374,147063,3,3,4,44.949593,-92.43126,-230.45613,39.022514,81.42272,0.058979377,-0.0071045277,-0.03010629,18142890,7,305,0.0076421043,226
7000125000054,34000700001938,7000125000063,7000125000000,34,1.766336,7000125000055,-1,7000125000053,7000125000054,-1,41,3.2704954,3.0122986,3.5286925,30172,28.841484,27.069252,42.445797,147063,3,3,4,54.48618,-88.49907,-190.3225,43.76024,79.52049,0.18720351,-0.2072179,0.08158748,18142889,7,1938,0.013828315,853
7000125000055,33000700002252,7000125000063,7000125000000,33,1.9126327,7000125000056,-1,7000125000054,7000125000055,-1,44,2.840167,2.840167,3.18443,30172,28.806458,27.103958,42.550808,147063,3,3,4,57.939526,-73.70909,-171.60994,40.92475,75.867195,0.15920721,-0.18905373,0.023887727,18129211,7,2252,0.017254414,418
7000125000056,32000700003093,7000125000063,7000125000000,32,2.0700274,7000125000057,-1,7000125000055,7000125000056,-1,30,2.9262328,2.840167,2.9262328,30172,28.768353,27.14878,42.660217,147063,3,3,4,57.579445,-55.22898,-168.09273,44.14241,79.569595,0.1114322,-0.08068292,-0.0054331357,18129172,7,3093,0.010448318,810
7000125000057,31000700002557,7000125000063,7000125000000,31,2.2394855,7000125000058,-1,7000125000056,7000125000057,-1,35,2.7541015,2.6680357,2.7541015,30172,28.746662,27.190353,42.754894,147063,3,3,4,54.82895,-53.82239,-152.26544,44.098625,80.07236,0.0071619465,-0.08130722,0.07085618,18143103,7,2557,0.011648569,541
7000125000058,30000700002466,7000125000063,7000125000000,30,2.422044,7000125000059,-1,7000125000057,7000125000058,-1,35,2.1516418,1.9795104,2.1516418,30172,28.722788,27.242584,42.844616,147063,3,3,4,53.715313,-44.918858,-139.77397,37.55887,68.16233,0.029290987,-0.07686278,0.014732435,18143103,7,2466,0.015891436,909
7000125000059,29000700002781,7000125000063,7000125000000,29,2.6188614,7000125000060,-1,7000125000058,7000125000059,-1,30,1.2909851,1.2909851,1.2909851,30172,28.684526,27.294514,42.921257,147063,3,3,4,46.43278,-47.633034,-131.88574,34.02418,62.308994,-0.004925098,-0.047098238,0.08707921,18129172,7,2781,0.018650008,460
7000125000060,28000700002538,7000125000063,7000125000000,28,2.8311827,7000125000061,-1,7000125000059,7000125000060,-1,31,1.549182,1.549182,1.6352477,30179,28.64591,27.320269,42.991314,147283,3,3,4,44.168697,-39.264973,-123.97702,35.13112,63.742584,0.0995098,-0.03751776,-0.013266416,18129172,7,2538,0.01582379,780
7000125000061,27000700002980,7000125000063,7000125000000,27,3.060419,7000125000062,-1,7000125000060,7000125000061,-1,24,1.549182,1.549182,1.6352477,30179,28.62185,27.323519,43.06104,147283,3,3,4,38.61775,-37.11442,-117.77685,36.70461,64.04224,0.06433049,0.019130921,-0.021375312,18129172,7,2980,0.0144562265,228
7000125000062,26000700003044,7000125000063,7000125000000,26,3.3080978,7000125000063,-1,7000125000061,7000125000062,-1,22,1.2049193,1.2049193,1.2049193,30179,28.614048,27.30946,43.12587,147283,3,3,4,35.517735,-27.959658,-104.48813,34.86045,63.699585,0.07026738,-0.07708007,-0.039427027,18142889,7,3044,0.011005473,924
7000125000063,25000700002572,7000125000063,7000125000000,25,3.575905,-1,-1,7000125000062,7000125000063,-1,24,0.86065674,0.774591,1.032788,30179,28.596575,27.297192,43.183304,147283,3,3,4,34.88023,-26.796667,-99.65423,38.695072,61.574707,1.9920859E-4,-0.008692807,0.0424931,18129172,7,2572,0.013880953,991
7000125000064,37000700000295,7000125000071,7000125000000,37,1.3857181,7000125000065,7000125000072,7000125000025,7000125000026,-1,32,0.0,0.0,0.0,30172,28.79075,27.06284,42.13259,147063,3,3,4,114.02034,176.94675,-238.25339,45.29426,63.756947,0.07744989,0.03354943,0.011344389,18128959,7,295,0.017474452,142
7000125000065,36000700000311,7000125000071,7000125000000,36,1.5036365,7000125000066,-1,7000125000064,7000125000027,7000125000102,32,0.0,0.0,0.0,30172,28.749758,26.948936,42.253693,147063,3,3,4,80.996735,171.66449,-185.27513,47.74439,69.798325,0.034780703,0.032117926,-0.057938714,18128059,7,311,0.014693875,78
7000125000066,35000700000303,7000125000071,7000125000000,35,1.6302707,7000125000067,-1,7000125000065,7000125000028,7000125000103,35,0.0,0.0,0.0,30172,28.710745,26.859558,42.370426,147063,3,3,4,61.65113,160.97894,-153.10732,37.341988,59.61048,-0.06971493,-0.0076243286,-0.14064257,18128957,7,303,0.020691488,849
7000125000067,34000700001750,7000125000071,7000125000000,34,1.766336,7000125000068,-1,7000125000066,7000125000067,-1,52,0.6885254,0.6885254,0.6885254,30172,28.784662,26.732004,42.39003,147063,3,2,4,55.125595,146.87549,-132.39105,35.60829,47.770927,-0.17674147,-0.25327766,-0.34982085,18128073,7,1750,0.053300537,235
7000125000068,33000700001746,7000125000071,7000125000000,33,1.9126327,7000125000069,-1,7000125000067,7000125000068,-1,33,0.774591,0.774591,0.774591,30172,28.607378,26.716915,42.557327,147063,3,2,4,52.049355,137.19461,-121.01437,31.243252,47.29873,-0.13419731,-0.27498809,-0.14006266,18127245,7,1746,0.03096059,887
7000125000069,31000700002087,7000125000071,7000125000000,31,2.2394855,7000125000070,-1,7000125000068,7000125000069,-1,23,0.6885254,0.6885254,0.6885254,30172,28.627174,26.530481,42.616787,147063,3,2,4,20.976454,123.089096,-96.94552,25.456543,42.26564,0.018900165,0.33576262,-0.2950281,18128957,7,2087,0.030513396,350
7000125000070,29000700001822,7000125000071,7000125000000,29,2.6188614,7000125000071,-1,7000125000069,7000125000070,-1,24,2.6680357,2.6680357,3.098364,30172,28.600586,26.36642,42.75241,147061,3,2,4,-33.768963,153.8502,-93.56289,47.6655,65.408424,-0.049079463,0.1166124,-0.119783625,18127262,7,1822,0.014094621,922
7000125000071,28000700001633,7000125000071,7000125000000,28,2.8311827,-1,-1,7000125000070,7000125000071,-1,21,2.1516418,2.065576,2.1516418,30172,28.63141,26.273281,42.806828,147061,3,2,4,-24.765945,111.19674,-116.9071,33.231373,49.92536,-0.114074975,0.013702244,0.006486332,18127245,7,1633,0.017427158,361
7000125000072,37000700000294,7000125000095,7000125000000,37,1.3857181,7000125000073,-1,7000125000025,7000125000026,7000125000064,43,0.0,0.0,0.0,30172,28.89589,27.09705,41.995514,147063,3,3,4,43.875267,85.20392,-158.12193,58.77,93.75115,0.073530644,0.01792328,-0.036719736,18128905,7,294,0.010817043,347
7000125000073,36000700000310,7000125000095,7000125000000,36,1.5036365,7000125000074,-1,7000125000072,7000125000027,7000125000065,77,0.0,0.0,0.0,30172,28.872948,27.064354,42.070404,147063,3,3,4,83.48693,97.737366,-132.88905,60.239628,102.91149,0.16358683,-0.0447422,0.037324168,18126582,7,310,0.01425487,28
7000125000074,35000700000302,7000125000095,7000125000000,35,1.6302707,7000125000075,-1,7000125000073,7000125000028,7000125000066,95,0.0,0.0,0.0,30172,28.80551,26.995846,42.1489,147063,3,3,4,64.36017,89.75773,-105.98078,63.800884,102.81512,0.18219166,0.14920454,0.175728,18128913,7,302,0.017978266,265
7000125000075,34000700000345,7000125000095,7000125000000,34,1.766336,7000125000076,-1,7000125000074,7000125000029,-1,115,0.0,0.0,0.0,30172,28.777973,26.939014,42.204067,147063,3,3,4,40.304287,95.083725,-89.54277,63.809605,105.964745,0.3238729,0.27027965,0.42466694,18124844,7,345,0.019119436,764
7000125000076,33000700001024,7000125000091,7000125000000,33,1.9126327,7000125000077,7000125000092,7000125000075,7000125000076,-1,101,9.639355,9.467224,9.639355,30172,28.749495,26.897448,42.264114,147063,3,3,4,49.66488,91.43449,-94.61803,60.697372,108.80994,-0.07542903,-0.06391333,-0.07084632,18124844,7,1024,0.017175036,926
7000125000077,32000700000775,7000125000091,7000125000000,32,2.0700274,7000125000078,-1,7000125000076,7000125000077,-1,117,8.520501,8.004107,8.864764,30172,28.725655,26.8578,42.315937,147063,3,3,4,31.429535,100.91125,-94.92018,56.18596,103.48748,0.24283671,0.31844038,0.50805587,18128940,7,775,0.020868745,569
7000125000078,31000700000914,7000125000091,7000125000000,31,2.2394855,7000125000079,-1,7000125000077,7000125000078,-1,92,8.520501,8.090173,8.692633,30172,28.69968,26.792892,42.365658,147063,3,3,4,20.026688,90.46571,-79.96462,54.902218,102.91386,0.022400394,-0.040722296,-0.051865775,18128940,7,914,0.018036986,660
7000125000079,30000700000967,7000125000091,7000125000000,30,2.422044,7000125000080,-1,7000125000078,7000125000079,-1,81,6.6270566,6.540991,6.885254,30172,28.674816,26.722967,42.3961,147063,3,2,4,12.612148,96.50571,-73.24922,56.028263,103.64425,0.10026152,0.1063869,0.07738781,18128918,7,967,0.014983616,812
7000125000080,29000700000639,7000125000091,7000125000000,29,2.6188614,7000125000081,-1,7000125000079,7000125000080,7000125000095,87,6.540991,6.540991,6.885254,30172,28.68984,26.67577,42.436207,147063,3,2,4,-1.107935,102.40618,-69.25933,57.309685,106.79107,0.12722254,-0.057474814,0.03688894,18127253,7,639,0.0148324575,919
7000125000081,28000700000524,7000125000091,7000125000000,28,2.8311827,7000125000082,-1,7000125000080,7000125000081,-1,111,6.024597,5.680334,7.2295165,30172,28.665142,26.623098,42.46544,147063,3,2,4,3.1586425,111.42908,-77.85734,62.241142,98.72753,0.01891385,-0.07376059,0.0775455,18124844,7,524,0.023661504,84
7000125000082,27000700000578,7000125000091,7000125000000,27,3.060419,7000125000083,-1,7000125000081,7000125000082,-1,85,7.2295165,7.057385,7.4016476,30172,28.699825,26.568121,42.514744,147063,3,2,4,-20.882504,117.47143,-78.18197,58.605145,103.6329,0.12182784,0.119186625,0.014683297,18124854,7,578,0.016746365,622
7000125000083,26000700000686,7000125000090,7000125000000,26,3.3080978,7000125000084,7000125000091,7000125000082,7000125000083,-1,78,6.4549255,6.4549255,6.971319,30172,28.707136,26.50546,42.54475,147063,3,2,4,-9.463292,120.01575,-73.91357,64.48314,110.611275,0.06295707,0.0064125615,0.06920172,18128921,7,686,0.014462464,719
7000125000084,25000700000637,7000125000090,7000125000000,25,3.575905,7000125000085,-1,7000125000083,7000125000084,-1,77,6.024597,5.9385314,6.282794,30172,28.752092,26.454737,42.587666,147063,3,2,4,-12.717422,121.30529,-67.91528,64.24842,106.52632,-0.027009623,-0.084102795,-0.085943915,18127253,7,637,0.014150334,144
7000125000085,24000700000576,7000125000090,7000125000000,24,3.8656828,7000125000086,-1,7000125000084,7000125000085,-1,77,5.8524656,5.8524656,6.4549255,30172,28.751776,26.381403,42.61533,147063,3,2,4,-9.342917,112.45515,-61.723473,65.31337,109.63668,-0.0147130955,-0.21157749,-0.17382385,18124847,7,576,0.013932733,450
7000125000086,23000700000551,7000125000090,7000125000000,23,4.1794686,7000125000087,-1,7000125000085,7000125000086,-1,71,5.4221373,5.4221373,5.594269,30172,28.729654,26.322367,42.63327,147061,3,2,4,-13.628051,110.64244,-57.533978,63.959076,107.907364,0.043345567,-0.11782345,-0.14028178,18128912,7,551,0.013064412,621
7000125000087,22000700000631,7000125000090,7000125000000,22,4.5195556,7000125000088,-1,7000125000086,7000125000087,-1,55,4.733612,4.733612,4.8196774,30172,28.725985,26.273005,42.67311,147061,3,2,4,-2.8186295,98.19963,-43.29035,68.57668,109.550385,-0.08682357,-0.016720299,-0.078797296,18128093,7,631,0.011421997,729
7000125000088,21000700000672,7000125000090,7000125000000,21,4.888449,7000125000089,-1,7000125000087,7000125000088,-1,43,3.18443,3.18443,3.7868896,30172,28.74758,26.23815,42.70177,147061,3,2,4,5.3949866,99.57533,-38.461258,67.225,116.40299,-0.15158594,-0.0683911,-0.09929071,18128921,7,672,0.006009859,159
7000125000089,20000700000684,7000125000090,7000125000000,20,5.2888336,7000125000090,-1,7000125000088,7000125000089,-1,36,1.8073791,1.8073791,2.2377074,30172,28.78364,26.175076,42.748856,147061,3,2,4,-2.7073274,93.951355,-44.849865,57.33164,90.686485,-0.13086121,-0.08956869,-0.053146534,18124847,7,684,0.00994611,297
7000125000090,19000700000981,7000125000090,7000125000000,19,5.7238646,-1,-1,7000125000089,7000125000090,-1,20,1.2049193,1.2049193,1.549182,30172,28.772823,26.15771,42.74315,147061,3,2,4,-2.5752172,86.427574,-42.823433,47.439484,76.83865,-0.0015641362,-0.036116358,-0.057728034,18128912,7,981,0.0068960926,805
7000125000091,26000700002133,7000125000091,7000125000000,26,3.3080978,-1,-1,7000125000082,7000125000091,-1,30,1.1188537,1.032788,1.7213135,30172,28.538269,26.496897,42.642117,147063,3,2,4,143.99364,26.661016,-88.04286,40.908264,67.3501,0.022000844,-0.09501071,0.039533537,18134191,7,2133,0.014738576,694
7000125000092,33000700002580,7000125000095,7000125000000,33,1.9126327,7000125000093,-1,7000125000075,7000125000092,-1,23,2.1516418,2.065576,2.7541015,30172,28.964046,26.882046,42.173122,147063,3,3,4,-7.9271736,141.13475,-117.494225,35.586006,67.352974,-0.03553479,-0.026144003,-0.11296071,18128867,7,2580,0.011080366,194
7000125000093,31000700002556,7000125000095,7000125000000,31,2.2394855,7000125000094,-1,7000125000092,7000125000093,-1,29,0.6885254,0.6885254,0.9467224,30172,28.969093,26.72479,42.357468,147063,3,2,4,55.31146,127.35149,-119.58123,31.582073,56.291447,0.108776376,0.1274419,0.024176946,18134597,7,2556,0.026611764,460
7000125000094,30000700002026,7000125000095,7000125000000,30,2.422044,7000125000095,-1,7000125000093,7000125000094,-1,28,2.4959044,2.4098387,2.4959044,30172,28.871782,26.65679,42.392685,147063,3,2,4,91.26347,118.14309,-124.39689,40.35154,69.41104,0.10514665,0.04499749,-0.0061225547,18128891,7,2026,0.013288307,659
7000125000095,29000700000640,7000125000095,7000125000000,29,2.6188614,-1,-1,7000125000094,7000125000080,-1,20,0.0,0.0,0.0,30172,28.798897,26.611477,42.456398,147063,3,2,4,130.62532,96.98921,-135.54094,41.564674,66.901764,0.03797966,-0.0059613422,-0.040731736,18128891,7,640,0.012608722,64
7000125000096,42000700000326,7000125000116,7000125000000,42,0.9054624,7000125000097,-1,7000125000020,7000125000021,-1,28,0.0,0.0,0.0,30172,29.003414,27.3228,41.79224,147059,3,3,4,90.07619,-24.687515,-8.02992,41.380157,76.03398,0.018248247,-0.14672408,0.07708701,18129168,7,326,0.010651395,887
7000125000097,41000700000352,7000125000116,7000125000000,41,0.98870814,7000125000098,-1,7000125000096,7000125000022,-1,22,0.0,0.0,0.0,30172,28.952305,27.304787,41.773926,147059,3,3,4,77.62829,79.73819,46.574345,32.644787,65.89869,0.0011806819,-0.08950754,0.024570435,18128793,7,352,0.012062216,277
7000125000098,40000700000345,7000125000116,7000125000000,40,1.0778745,7000125000099,-1,7000125000097,7000125000023,-1,20,0.0,0.0,0.0,30172,28.915659,27.247482,41.75292,147059,3,3,4,42.768986,202.9124,25.62541,40.57724,71.11052,-0.17691866,-0.089485556,0.07963905,18129223,7,345,0.010256675,321
7000125000099,39000700000343,7000125000116,7000125000000,39,1.173417,7000125000100,-1,7000125000098,7000125000024,-1,22,0.0,0.0,0.0,30172,28.898325,27.10985,41.767845,147059,3,3,4,34.860554,249.88173,-93.11801,40.258945,78.15003,0.007393504,-0.11253944,0.027833106,18129166,7,343,0.00852012,140
7000125000100,38000700000332,7000125000116,7000125000000,38,1.2758462,7000125000101,-1,7000125000099,7000125000025,-1,44,0.0,0.0,0.0,30172,28.876812,26.984623,41.85117,147059,3,3,4,34.42993,174.98178,-172.78688,65.38987,100.19265,0.017252732,0.09643757,0.033648055,18129166,7,332,0.009401167,620
7000125000101,37000700000293,7000125000116,7000125000000,37,1.3857181,7000125000102,-1,7000125000100,7000125000026,7000125000072,67,0.0,0.0,0.0,30172,28.852713,26.905457,41.937916,147059,3,3,4,9.620562,84.96287,-230.32368,57.263733,90.03273,0.069721095,0.10075473,-0.09319445,18128808,7,293,0.01629422,613
7000125000102,36000700000312,7000125000116,7000125000000,36,1.5036365,7000125000103,-1,7000125000101,7000125000027,-1,29,0.0,0.0,0.0,30172,28.84035,26.855684,42.04021,147063,3,3,4,12.539655,54.929085,-216.8333,46.549892,86.85675,-0.04304881,-0.09655272,-0.041484505,18129223,7,312,0.009327982,156
7000125000103,35000700000304,7000125000116,7000125000000,35,1.6302707,7000125000104,-1,7000125000102,7000125000028,7000125000053,29,0.0,0.0,0.0,30172,28.84241,26.840105,42.19626,147063,3,3,4,12.4850645,8.029574,-227.83105,35.020866,72.36166,-0.057591017,-0.04765616,-0.08631424,18128784,7,304,0.012550986,503
7000125000104,34000700001781,7000125000116,7000125000000,34,1.766336,7000125000105,-1,7000125000103,7000125000104,-1,48,3.9590209,3.6147583,4.217218,30172,28.84345,26.848684,42.315166,147063,3,3,4,24.987339,-25.35442,-229.16975,39.084404,75.00677,0.007989858,0.08596838,0.03538865,18129182,7,1781,0.019166002,404
7000125000105,33000700001745,7000125000116,7000125000000,33,1.9126327,7000125000106,-1,7000125000104,7000125000105,-1,54,4.3893495,4.0450864,4.4754148,30172,28.818123,26.868828,42.445602,147063,3,3,4,38.50535,-37.18889,-201.80923,49.067905,93.852615,0.03898187,0.14116278,0.002940209,18129176,7,1745,0.016335538,330
7000125000106,32000700002015,7000125000116,7000125000000,32,2.0700274,7000125000107,-1,7000125000105,7000125000106,-1,48,3.9590209,3.7868896,3.9590209,30172,28.782791,26.895594,42.562664,147063,3,3,4,50.863483,-35.044647,-185.88086,50.59791,92.25365,-0.15367082,0.1481948,-0.02118939,18128808,7,2015,0.011608788,238
7000125000107,31000700002053,7000125000116,7000125000000,31,2.2394855,7000125000108,-1,7000125000106,7000125000107,-1,45,3.5286925,3.5286925,3.5286925,30172,28.75499,26.91302,42.666138,147063,3,3,4,49.77842,-29.483873,-169.0441,51.551235,87.91777,-0.13545863,-0.06784601,-0.096489675,18129176,7,2053,0.012238914,440
7000125000108,30000700002126,7000125000116,7000125000000,30,2.422044,7000125000109,-1,7000125000107,7000125000108,-1,42,3.2704954,3.0122986,3.2704954,30172,28.708893,26.92153,42.76658,147063,3,3,4,54.489685,-17.764832,-151.80025,45.322952,80.65957,-0.063148834,0.12187477,-0.034280658,18129181,7,2126,0.012842106,358
7000125000109,29000700002143,7000125000116,7000125000000,29,2.6188614,7000125000110,-1,7000125000108,7000125000109,-1,39,2.4959044,2.4098387,2.5819702,30172,28.674894,26.934998,42.862965,147063,3,3,4,54.700115,-12.768601,-151.94193,41.852024,73.86548,-0.060845993,-0.09402317,-0.013229056,18129181,7,2143,0.013821887,919
7000125000110,28000700002405,7000125000116,7000125000000,28,2.8311827,7000125000111,-1,7000125000109,7000125000110,-1,31,1.7213135,1.6352477,1.7213135,30172,28.64291,26.909742,42.946533,147063,3,3,4,54.022625,-3.975206,-134.16647,44.156662,76.982704,-0.054020178,-0.037850115,0.043623008,18129169,7,2405,0.010658542,45
7000125000111,27000700002026,7000125000116,7000125000000,27,3.060419,7000125000112,-1,7000125000110,7000125000111,-1,33,2.1516418,2.065576,2.4098387,30179,28.611156,26.90759,43.008377,147283,3,3,4,47.01078,-3.3410273,-130.50587,41.709507,75.02269,-0.08209459,-0.055253617,0.029324837,18129165,7,2026,0.011179788,190
7000125000112,26000700002134,7000125000116,7000125000000,26,3.3080978,7000125000113,-1,7000125000111,7000125000112,-1,30,2.065576,2.065576,2.3237731,30179,28.578323,26.91312,43.083515,147283,3,3,4,53.70078,-6.9869485,-126.27794,41.583305,74.31201,-0.041325893,-0.121118955,-0.043750625,18129182,7,2134,0.012291164,295
7000125000113,25000700001655,7000125000116,7000125000000,25,3.575905,7000125000114,-1,7000125000112,7000125000113,-1,35,2.4098387,2.4098387,2.4959044,30179,28.561556,26.933569,43.136234,147283,3,3,4,55.84564,-4.222469,-112.93992,49.934204,83.35627,-0.079529114,-0.07626463,-0.09115871,18129168,7,1655,0.010624016,200
7000125000114,24000700001692,7000125000116,7000125000000,24,3.8656828,7000125000115,-1,7000125000113,7000125000114,-1,32,2.6680357,2.6680357,2.6680357,30179,28.531446,26.944954,43.221313,147283,3,3,4,64.27313,-0.9025824,-103.04607,60.82275,100.877594,-0.06487927,0.10341273,-0.11794486,18129166,7,1692,0.006491399,997
7000125000115,23000700001582,7000125000116,7000125000000,23,4.1794686,7000125000116,-1,7000125000114,7000125000115,-1,30,2.4098387,2.4098387,2.4098387,30179,28.490316,26.965624,43.26633,147283,3,3,4,65.40197,-1.7415535,-104.241585,52.03304,89.33252,-0.0627245,0.11834345,-0.116832,18129179,7,1582,0.008948106,806
7000125000116,22000700001514,7000125000116,7000125000000,22,4.5195556,-1,-1,7000125000115,7000125000116,-1,27,1.2909851,1.2909851,1.2909851,30179,28.463367,26.93813,43.30413,147283,3,3,4,66.6797,-8.224448,-97.80805,43.873463,78.6271,-0.056436054,0.14846122,-0.09258099,18129168,7,1514,0.008906775,804
7000125000117,50000700000407,7000125000139,7000125000000,50,0.40789944,7000125000118,-1,7000125000012,7000125000013,-1,37,0.0,0.0,0.0,30149,29.128223,27.371084,41.35873,147169,3,3,4,149.45447,247.72711,-268.99573,42.357224,67.71232,0.017268566,-0.023711389,0.16623807,18129031,7,407,0.018185819,230
7000125000118,49000700000422,7000125000139,7000125000000,49,0.45657724,7000125000119,-1,7000125000117,7000125000014,-1,43,0.0,0.0,0.0,30172,29.060865,27.26245,41.44487,147059,3,3,4,119.688835,202.6518,-226.49292,38.450573,68.157036,0.09203235,-0.010223142,0.21263927,18129030,7,422,0.019663958,639
7000125000119,48000700000401,7000125000139,7000125000000,48,0.5085914,7000125000120,-1,7000125000118,7000125000015,-1,48,0.0,0.0,0.0,30172,29.014023,27.183079,41.539753,147059,3,3,4,104.0827,179.40596,-205.23117,36.57205,67.58121,0.07583844,0.0038889938,0.22149189,18128879,7,401,0.021463612,844
7000125000120,47000700000386,7000125000139,7000125000000,47,0.5641766,7000125000121,-1,7000125000119,7000125000016,-1,50,0.0,0.0,0.0,30172,28.985218,27.122444,41.6318,147059,3,3,4,96.49434,161.05595,-193.88135,37.79853,73.6437,0.101537935,-0.1343632,0.14983347,18128879,7,386,0.020294638,675
7000125000121,46000700001389,7000125000139,7000125000000,46,0.6235901,7000125000122,-1,7000125000120,7000125000121,-1,51,5.2500057,4.3893495,5.0778747,30172,28.945679,27.05843,41.71283,147059,3,3,4,84.64267,147.46782,-188.07219,34.839542,70.75379,0.09676817,-0.105062895,0.20302133,18129097,7,1389,0.025065206,433
7000125000122,45000700002012,7000125000139,7000125000000,45,0.6871088,7000125000123,-1,7000125000121,7000125000122,-1,49,4.3032837,3.6147583,4.217218,30172,28.897665,26.98085,41.795597,147059,3,3,4,78.674614,135.73465,-182.3805,32.263832,66.61052,0.13780138,0.0057560517,0.13090539,18129093,7,2012,0.021522643,11
7000125000123,44000700002253,7000125000139,7000125000000,44,0.75503564,7000125000124,-1,7000125000122,7000125000123,-1,47,3.7868896,3.442627,3.7868896,30172,28.86576,26.931667,41.886227,147059,3,3,4,69.38184,124.57662,-175.24062,35.0877,67.029465,0.2159104,-0.04513451,0.12629534,18129017,7,2253,0.021941254,277
7000125000124,43000700002312,7000125000139,7000125000000,43,0.8276991,7000125000125,-1,7000125000123,7000125000124,-1,45,3.9590209,3.442627,3.5286925,30172,28.8146,26.860699,41.957535,147059,3,3,4,62.24923,116.6956,-169.66089,36.54987,74.148125,0.18714882,-0.021737533,0.069325075,18129017,7,2312,0.017637376,905
7000125000125,42000700002268,7000125000139,7000125000000,42,0.9054624,7000125000126,-1,7000125000124,7000125000125,-1,43,3.7008238,3.3565612,3.7008238,30172,28.796225,26.818573,42.039467,147063,3,3,4,62.334396,112.85432,-164.92632,38.468178,71.73359,0.20548178,-0.08466253,0.21631584,18129099,7,2268,0.017128704,354
7000125000126,41000700002360,7000125000139,7000125000000,41,0.98870814,7000125000127,-1,7000125000125,7000125000126,-1,47,3.5286925,3.442627,3.5286925,30172,28.757256,26.756184,42.13268,147063,3,2,4,47.809162,105.0084,-162.17805,40.675175,80.89281,0.22260904,-0.10924103,0.14430249,18129099,7,2360,0.017731307,810
7000125000127,40000700002171,7000125000139,7000125000000,40,1.0778745,7000125000128,-1,7000125000126,7000125000127,-1,51,3.7868896,3.6147583,3.7868896,30172,28.736683,26.69812,42.208496,147063,3,2,4,44.696877,101.71192,-161.09206,35.438713,69.60924,0.17317799,-0.17603876,0.17801304,18129258,7,2171,0.020652566,753
7000125000128,39000700002194,7000125000139,7000125000000,39,1.173417,7000125000129,-1,7000125000127,7000125000128,-1,50,3.9590209,3.442627,3.9590209,30172,28.713957,26.653204,42.304577,147063,3,2,4,39.360367,92.655106,-162.29834,39.236763,68.988846,0.13277176,-0.17642798,0.19370303,18129099,7,2194,0.022649886,992
7000125000129,38000700002324,7000125000139,7000125000000,38,1.2758462,7000125000130,-1,7000125000128,7000125000129,-1,45,3.8729553,3.3565612,3.8729553,30172,28.690413,26.564302,42.35129,147063,3,2,4,30.391655,89.17251,-158.007,41.898304,66.22487,0.19272383,-0.2780717,0.2677186,18128974,7,2324,0.020022657,874
7000125000130,37000700002073,7000125000139,7000125000000,37,1.3857181,7000125000131,-1,7000125000129,7000125000130,-1,45,3.9590209,3.18443,3.9590209,30172,28.661644,26.499569,42.47378,147063,3,2,4,26.743608,91.821526,-158.23383,40.14179,67.75881,0.2760379,-0.20419382,0.2574258,18129007,7,2073,0.020489236,4
7000125000131,36000700001235,7000125000139,7000125000000,36,1.5036365,7000125000132,-1,7000125000130,7000125000131,-1,57,3.9590209,3.5286925,3.9590209,30172,28.656448,26.467382,42.55563,147063,3,2,4,27.60667,92.17421,-152.87973,41.368717,69.99019,0.1483018,-0.26172903,0.18859579,18128871,7,1235,0.024430271,30
7000125000132,35000700001737,7000125000139,7000125000000,35,1.6302707,7000125000133,-1,7000125000131,7000125000132,-1,50,4.0450864,3.3565612,4.217218,30172,28.648193,26.432482,42.665512,147063,3,2,4,28.395643,85.15433,-144.42532,40.030407,68.83689,0.29209933,-0.15350947,0.11573565,18128871,7,1737,0.020486027,985
7000125000133,34000700001350,7000125000139,7000125000000,34,1.766336,7000125000134,-1,7000125000132,7000125000133,-1,53,4.6475463,4.131152,4.6475463,30172,28.648422,26.38736,42.738335,147063,3,2,4,22.732729,73.78974,-144.28027,39.780525,70.25537,0.22106789,-0.15876564,0.3099819,18129010,7,1350,0.022515431,384
7000125000134,33000700001594,7000125000139,7000125000000,33,1.9126327,7000125000135,-1,7000125000133,7000125000134,-1,49,3.9590209,3.2704954,3.9590209,30172,28.609512,26.325493,42.815594,147061,3,2,4,25.186392,63.901104,-137.11145,41.229294,70.15646,0.2692769,-0.15452899,0.24712683,18129010,7,1594,0.02250908,143
7000125000135,32000700002016,7000125000139,7000125000000,32,2.0700274,7000125000136,-1,7000125000134,7000125000135,-1,38,3.3565612,3.3565612,3.5286925,30172,28.649529,26.300278,42.870014,147061,3,2,4,21.214083,52.91505,-140.10715,41.366875,66.03196,0.26913038,-0.25937113,0.32902104,18129017,7,2016,0.018779863,368
7000125000136,31000700001309,7000125000139,7000125000000,31,2.2394855,7000125000137,-1,7000125000135,7000125000136,-1,45,2.9262328,2.9262328,2.9262328,30172,28.626404,26.274035,42.960556,147061,3,2,4,14.849752,46.92083,-137.8791,43.034916,71.39665,0.18426023,-0.22904675,0.39036256,18129010,7,1309,0.017830398,19
7000125000137,30000700002540,7000125000139,7000125000000,30,2.422044,7000125000138,-1,7000125000136,7000125000137,-1,28,2.1516418,1.9795104,2.5819702,30179,28.658342,26.269138,43.016758,147281,3,2,4,13.45703,45.437363,-114.65635,38.18723,59.42043,0.08929456,-0.086695895,0.14204413,18128985,7,2540,0.018128645,406
7000125000138,29000700001714,7000125000139,7000125000000,29,2.6188614,7000125000139,-1,7000125000137,7000125000138,-1,38,1.9795104,1.9795104,2.1516418,30179,28.639265,26.238255,43.08615,147281,3,2,4,10.0218115,36.598408,-112.49228,38.260834,66.85343,0.17058285,-0.23861977,0.19993307,18128983,7,1714,0.023267489,972
7000125000139,28000700002404,7000125000139,7000125000000,28,2.8311827,-1,-1,7000125000138,7000125000139,-1,25,1.2909851,1.2909851,1.3770508,30179,28.625675,26.211752,43.15725,147281,3,2,4,14.339294,43.35606,-98.36917,34.323082,59.911175,-0.0908215,-0.06714653,0.10824531,18128983,7,2404,0.016646346,331