haloID,subHaloID,lastProgenitorId,treeId,snapNum,redshift,firstProgenitorId,nextProgenitorId,descendantId,firstHaloInFOFgroupId,nextHaloInFOFgroupId,np,m_Mean200,m_Crit200,m_TopHat,phKey,x,y,z,zIndex,ix,iy,iz,velX,velY,velZ,velDisp,vMax,spinX,spinY,spinZ,mostBoundID,fileNr,subhaloIndex,halfmassRadius,random
7000079000000,63000700000248,7000079000264,7000079000000,63,0.0,7000079000001,-1,-1,7000079000000,-1,3557,328.34055,259.2298,297.95935,31001,22.481726,7.2621818,54.35872,152063,2,0,6,30.508867,24.512663,-120.35428,139.89153,246.46144,3.0947428,-0.579365,-0.40327954,18668263,7,248,0.10849833,939
7000079000001,62000700000251,7000079000215,7000079000000,62,0.019932542,7000079000002,7000079000216,7000079000000,7000079000001,7000079000216,3532,327.30774,262.41425,302.69296,31001,22.470495,7.254607,54.38067,152063,2,0,6,31.10979,24.19888,-121.15172,141.98273,246.54568,3.3646476,-0.7094658,-0.47948366,18668294,7,251,0.108319655,447
7000079000002,61000700000243,7000079000215,7000079000000,61,0.041403063,7000079000003,-1,7000079000001,7000079000002,7000079000217,3444,324.98398,268.95523,304.5864,31001,22.461994,7.2513566,54.400032,152063,2,0,6,31.083376,24.225882,-121.87021,147.93216,250.77655,3.158938,-0.6765824,-0.45998743,18669821,7,243,0.10247576,122
7000079000003,60000700000295,7000079000215,7000079000000,60,0.064493395,7000079000004,-1,7000079000002,7000079000003,7000079000218,3374,320.8528,277.90607,301.48804,31001,22.456715,7.2469864,54.423805,152062,2,0,6,30.420498,24.386026,-120.44258,151.42635,255.55615,3.312626,-0.51948816,-0.26780835,18668263,7,295,0.09659414,411
7000079000004,59000700000234,7000079000204,7000079000000,59,0.08928783,7000079000005,7000079000205,7000079000003,7000079000004,7000079000219,3285,317.152,276.35687,296.23804,31001,22.450329,7.2399344,54.450493,152062,2,0,6,32.83129,22.831944,-120.52881,153.56624,256.80478,2.8543115,-0.67176217,-0.43251404,18668211,7,234,0.092425175,942
7000079000005,58000700000237,7000079000204,7000079000000,58,0.11588337,7000079000006,-1,7000079000004,7000079000005,-1,3295,311.21347,269.64374,292.88147,31001,22.443708,7.2390814,54.461807,152062,2,0,6,33.483356,24.352493,-122.97107,157.10793,265.0739,3.0429416,-0.8690754,-0.45242208,18665689,7,237,0.087115765,627
7000079000006,57000700000243,7000079000204,7000079000000,57,0.14438343,7000079000007,-1,7000079000005,7000079000006,7000079000220,3194,306.04953,263.10275,288.66428,31001,22.42742,7.227796,54.48746,152062,2,0,6,36.13575,28.173012,-118.88998,152.07309,257.81738,3.0584216,-0.63828033,-0.14076397,18669869,7,243,0.089923054,543
7000079000007,56000700000252,7000079000204,7000079000000,56,0.17489761,7000079000008,-1,7000079000006,7000079000007,7000079000221,2960,300.02493,251.39783,279.5413,31001,22.410799,7.215388,54.50515,152062,2,0,6,41.177643,34.290085,-114.10352,146.71342,252.02504,2.4304833,-0.099763624,-0.1466542,18668123,7,252,0.088732384,588
7000079000008,55000700000306,7000079000204,7000079000000,55,0.20754863,7000079000009,-1,7000079000007,7000079000008,7000079000222,2941,290.2995,228.9347,268.61096,31001,22.39544,7.204059,54.530758,152062,2,0,6,41.806725,35.895172,-116.01749,139.81364,246.43398,2.2640362,0.03868553,-0.2499915,18665999,7,306,0.09037751,62
7000079000009,54000700000246,7000079000204,7000079000000,54,0.24246909,7000079000010,-1,7000079000008,7000079000009,7000079000223,2854,274.20523,220.93057,244.9429,31001,22.380913,7.1905384,54.56984,152062,2,0,6,44.540222,38.329998,-118.26901,136.97653,242.71797,2.1301396,0.68326646,-0.25356174,18665999,7,246,0.090926886,217
7000079000010,53000700000294,7000079000204,7000079000000,53,0.2798018,7000079000011,-1,7000079000009,7000079000010,-1,2649,251.65602,215.50844,235.906,31001,22.361137,7.1724653,54.608513,152062,2,0,6,46.260548,42.18445,-117.33225,138.0001,244.7847,1.452946,1.0014178,-0.033453558,18669885,7,294,0.08358335,792
7000079000011,52000700000286,7000079000204,7000079000000,52,0.31970343,7000079000012,-1,7000079000010,7000079000011,7000079000225,2601,244.77077,208.36499,231.34453,31001,22.344814,7.157126,54.640774,152062,2,0,6,42.565876,41.72772,-120.18126,138.29515,244.31734,1.593858,0.9574274,0.017503822,18665999,7,286,0.08147461,908
7000079000012,51000700000291,7000079000204,7000079000000,51,0.36234027,7000079000013,-1,7000079000011,7000079000012,-1,2510,240.12323,203.45924,226.61092,31001,22.32712,7.138453,54.686115,152062,2,0,6,42.896416,42.180233,-122.125885,138.8366,243.42853,1.269034,0.81757474,0.12252045,18665999,7,291,0.07918805,773
7000079000013,50000700000265,7000079000204,7000079000000,50,0.40789944,7000079000014,-1,7000079000012,7000079000013,-1,2598,236.33633,198.89777,222.22156,31078,22.30311,7.122215,54.72866,153818,2,0,6,45.104183,40.954716,-124.43686,136.6512,241.69543,1.7232054,1.4837824,0.02183604,18665954,7,265,0.084626526,235
7000079000014,49000700000266,7000079000204,7000079000000,49,0.45657724,7000079000015,-1,7000079000013,7000079000014,-1,2621,237.54126,194.76662,221.96336,31078,22.286085,7.1037536,54.774113,153818,2,0,6,45.38627,39.261955,-126.20062,134.02899,241.9906,1.8972794,1.422943,0.16904342,18665954,7,266,0.084076874,57
7000079000015,48000700000252,7000079000204,7000079000000,48,0.5085914,7000079000016,-1,7000079000014,7000079000015,-1,2631,240.38142,200.36089,226.43878,31078,22.261572,7.0895877,54.832596,153818,2,0,6,44.972336,39.124477,-126.54925,137.59242,242.08061,1.7596704,1.3232949,-0.017505897,18665954,7,252,0.08412847,253
7000079000016,47000700000244,7000079000204,7000079000000,47,0.5641766,7000079000017,-1,7000079000015,7000079000016,-1,2781,247.52487,207.93466,234.52896,31078,22.251677,7.0733356,54.896305,153818,2,0,6,42.40225,36.913494,-130.19005,137.03308,246.08475,2.2499666,1.5681969,0.21005438,18670214,7,244,0.0912545,822
7000079000017,46000700000242,7000079000204,7000079000000,46,0.6235901,7000079000018,-1,7000079000016,7000079000017,-1,2829,255.27078,226.69698,248.04126,31078,22.235687,7.060557,54.958954,153818,2,0,6,41.75244,36.65905,-128.7399,144.5813,243.42686,2.2197697,1.7110476,0.10118211,18665994,7,242,0.09388375,818
7000079000018,45000700000222,7000079000135,7000079000000,45,0.6871088,7000079000019,7000079000136,7000079000017,7000079000018,7000079000136,2669,256.56177,234.09863,251.2257,31078,22.217522,7.043154,54.972275,153818,2,0,6,40.656715,37.060085,-124.16473,148.63,241.59688,2.4251218,1.8488983,0.11013162,18670214,7,222,0.09071772,836
7000079000019,44000700000223,7000079000135,7000079000000,44,0.75503564,7000079000020,-1,7000079000018,7000079000019,7000079000137,2598,252.00029,234.35683,247.26668,31078,22.214516,7.036382,55.021805,153818,2,0,6,39.382458,37.583324,-131.02739,162.55989,254.97874,2.2283454,1.600936,0.25346845,18670214,7,223,0.07714819,503
7000079000020,43000700000187,7000079000135,7000079000000,43,0.8276991,7000079000021,-1,7000079000019,7000079000020,7000079000138,2502,245.54536,228.84862,242.10274,31078,22.196136,7.013225,55.11641,153818,2,0,6,40.87233,36.055347,-145.45364,176.32997,270.5742,2.2654874,1.5845181,0.24440204,18670242,7,187,0.06385294,973
7000079000021,42000700000168,7000079000111,7000079000000,42,0.9054624,7000079000022,7000079000112,7000079000020,7000079000021,7000079000139,2286,230.82812,212.06581,227.47157,31078,22.14773,7.012363,55.2544,153818,2,0,6,52.818443,18.31818,-152.5293,149.22157,237.52441,2.0857282,1.4357059,0.15956801,18666009,7,168,0.0766573,480
7000079000022,41000700000198,7000079000111,7000079000000,41,0.98870814,7000079000023,-1,7000079000021,7000079000022,7000079000140,2115,183.06168,152.59444,175.40184,31078,22.096561,7.0239463,55.363136,153818,2,0,6,60.459694,11.773212,-150.90433,135.56538,223.34239,2.0847585,1.2398539,0.17389412,18666009,7,198,0.08160178,491
7000079000023,40000700000206,7000079000084,7000079000000,40,1.0778745,7000079000024,7000079000085,7000079000022,7000079000023,7000079000141,1776,150.1846,132.79933,148.46329,31078,22.048687,7.0325418,55.455738,153818,2,0,6,78.74057,5.2260556,-150.51614,133.60916,221.54373,1.1245003,-0.3231673,0.72626954,18666009,7,206,0.06835476,109
7000079000024,39000700000235,7000079000084,7000079000000,39,1.173417,7000079000025,-1,7000079000023,7000079000024,7000079000115,1579,142.1805,132.71327,141.57803,31078,22.007307,7.055141,55.553673,153818,2,0,6,85.43341,1.6286727,-142.89594,139.16125,223.14986,0.58006674,-1.403457,0.8867086,18665653,7,235,0.05933117,249
7000079000025,38000700000220,7000079000084,7000079000000,38,1.2758462,7000079000026,-1,7000079000024,7000079000025,7000079000087,1508,138.73787,129.6149,138.73787,31078,21.953062,7.0532746,55.617832,153818,2,0,6,82.77249,3.9044883,-133.5463,139.46149,222.32063,0.43733045,-1.4167727,0.47897103,18665653,7,220,0.05796005,455
7000079000026,37000700000192,7000079000084,7000079000000,37,1.3857181,7000079000027,-1,7000079000025,7000079000026,7000079000117,1481,134.86491,126.94686,135.29524,31078,21.894691,7.018895,55.66437,153822,2,0,6,79.05341,5.021825,-134.96733,135.6649,220.73978,0.55046886,-1.3630157,0.4380108,18665653,7,192,0.058094796,785
7000079000027,36000700000198,7000079000081,7000079000000,36,1.5036365,7000079000028,7000079000082,7000079000026,7000079000027,7000079000103,1281,116.61899,110.16406,117.73784,31078,21.819578,6.9876404,55.724274,153822,2,0,6,74.12289,7.689311,-133.29121,135.26454,216.01219,0.54294264,-0.9174524,0.2934874,18545920,7,198,0.053110406,513
7000079000028,35000700000198,7000079000070,7000079000000,35,1.6302707,7000079000029,7000079000071,7000079000027,7000079000028,7000079000104,1138,106.807495,101.81569,108.35668,31078,21.778648,6.981005,55.797062,153822,2,0,6,65.18816,0.962937,-136.29996,133.2389,210.23305,0.20091528,-0.68013334,0.33488643,18545920,7,198,0.04983203,63
7000079000029,34000700000193,7000079000054,7000079000000,34,1.766336,7000079000030,7000079000055,7000079000028,7000079000029,7000079000055,984,95.61896,88.56158,97.85667,31078,21.748798,6.9945397,55.903866,153822,2,0,6,61.312424,-13.189406,-135.95996,132.49174,209.41605,0.320531,-1.1628908,0.046854924,18665612,7,193,0.042424705,624
7000079000030,33000700000184,7000079000054,7000079000000,33,1.9126327,7000079000031,-1,7000079000029,7000079000030,7000079000056,799,72.89762,69.1968,75.13533,31078,21.736578,7.0432196,56.002747,153822,2,0,6,38.784275,-28.177053,-138.3328,129.13866,207.98999,0.28170744,-0.5633362,0.46566373,18666030,7,184,0.03442777,337
7000079000031,32000700000218,7000079000054,7000079000000,32,2.0700274,7000079000032,-1,7000079000030,7000079000031,-1,716,56.717278,53.791046,59.21318,31078,21.74897,7.074436,56.10432,153822,2,0,6,32.491016,-32.74919,-135.06801,120.8488,196.655,0.04801308,-0.25243992,0.30570143,18669870,7,218,0.034792498,424
7000079000032,31000700000237,7000079000052,7000079000000,31,2.2394855,7000079000033,7000079000053,7000079000031,7000079000032,-1,575,49.659893,48.11071,50.95088,31078,21.744797,7.0939817,56.194065,153822,2,0,6,17.441038,-40.22614,-138.39891,118.8483,199.92122,-0.23892047,0.33685035,0.16610299,18665989,7,237,0.027075136,167
7000079000033,30000700000212,7000079000052,7000079000000,30,2.422044,7000079000034,-1,7000079000032,7000079000033,-1,508,45.09841,43.1189,46.561527,31078,21.751074,7.118709,56.263653,153822,2,0,6,13.559566,-32.718674,-129.94597,119.976265,195.37108,-0.2977181,0.23865563,0.0663877,18670242,7,212,0.0255993,247
7000079000034,29000700000191,7000079000052,7000079000000,29,2.6188614,7000079000035,-1,7000079000033,7000079000034,-1,506,40.53693,39.245945,42.430374,31078,21.7449,7.1233377,56.336098,153822,2,0,6,13.855082,-24.008686,-126.11345,111.84737,192.52841,-0.18473272,0.061160527,0.021804854,18666004,7,191,0.026118057,472
7000079000035,28000700000174,7000079000052,7000079000000,28,2.8311827,7000079000036,-1,7000079000034,7000079000035,-1,469,39.332012,38.299225,40.02054,31078,21.7262,7.1457844,56.40138,153822,2,0,6,14.543017,-19.14541,-122.283554,113.5481,190.11378,-0.11654588,-0.12849765,-0.11595855,18670230,7,174,0.024372367,282
7000079000036,27000700000152,7000079000052,7000079000000,27,3.060419,7000079000037,-1,7000079000035,7000079000036,-1,452,38.643486,37.78283,39.15988,31078,21.69657,7.1455326,56.470787,153822,2,0,6,22.345242,-13.216653,-121.500656,116.836,194.16145,-0.08783888,-0.15888238,-0.087735206,18669824,7,152,0.022993756,141
7000079000037,26000700000142,7000079000052,7000079000000,26,3.3080978,7000079000038,-1,7000079000036,7000079000037,-1,409,35.889385,35.459057,36.491844,31078,21.686464,7.1550493,56.53462,153822,2,0,6,25.780432,-10.935955,-114.92264,123.04902,201.8559,-0.0046286234,-0.16010024,-0.12819758,18669830,7,142,0.020008577,6
7000079000038,25000700000121,7000079000052,7000079000000,25,3.575905,7000079000039,-1,7000079000037,7000079000038,-1,385,33.049217,32.79102,33.99594,31078,21.69068,7.1493635,56.617737,153822,2,0,6,22.008635,-7.7978544,-110.01599,116.014145,200.62769,0.038960587,-0.063891694,-0.25747672,18669830,7,121,0.01999896,260
7000079000039,24000700000116,7000079000052,7000079000000,24,3.8656828,7000079000040,-1,7000079000038,7000079000039,-1,309,26.422161,26.163963,27.368883,31079,21.705282,7.1592855,56.674477,153850,2,0,6,10.332886,0.57446665,-102.804756,124.91908,198.74954,0.062420692,-0.012910393,-0.26273015,18669828,7,116,0.014715911,707
7000079000040,23000700000132,7000079000052,7000079000000,23,4.1794686,7000079000041,-1,7000079000039,7000079000040,-1,245,20.48363,20.311499,21.688549,31079,21.692572,7.1431866,56.724087,153850,2,0,6,16.119055,-2.3570383,-102.05407,104.864944,170.46368,0.045118153,-0.02960817,-0.3004638,18670230,7,132,0.016971745,207
7000079000041,22000700000138,7000079000047,7000079000000,22,4.5195556,7000079000042,7000079000048,7000079000040,7000079000041,-1,189,11.877063,11.5328,12.307391,31079,21.689526,7.1354113,56.759396,153850,2,0,6,-10.339159,-4.862727,-95.01535,94.97598,151.28676,0.0063579255,-0.07784092,-0.046862606,18669828,7,138,0.016914869,658
7000079000042,21000700000118,7000079000047,7000079000000,21,4.888449,7000079000043,-1,7000079000041,7000079000042,-1,170,9.811486,9.811486,10.413946,31079,21.654453,7.141288,56.813313,153850,2,0,6,-1.8355079,-2.7488177,-87.80081,86.34086,144.90509,0.10701308,-0.16338857,-0.044732247,18669824,7,118,0.016947608,604
7000079000043,20000700000123,7000079000047,7000079000000,20,5.2888336,7000079000044,-1,7000079000042,7000079000043,-1,130,9.725421,9.725421,9.8975525,31079,21.660326,7.1466846,56.886524,153850,2,0,6,9.724126,1.6023507,-86.64494,92.91955,152.38512,0.19935413,0.01687028,0.019326095,18666030,7,123,0.01201622,146
7000079000044,19000700000121,7000079000047,7000079000000,19,5.7238646,7000079000045,-1,7000079000043,7000079000044,-1,96,8.176239,8.176239,8.520501,31079,21.6913,7.1696105,56.95404,153850,2,0,6,3.5750835,-23.926958,-92.08415,100.834656,153.65977,0.24268037,-0.09966363,0.018209975,18666030,7,121,0.008489148,547
7000079000045,18000700000094,7000079000047,7000079000000,18,6.1968336,7000079000046,-1,7000079000044,7000079000045,-1,89,4.8196774,4.8196774,5.8524656,31079,21.698502,7.2161508,57.01693,153850,2,0,6,5.9268675,-17.963564,-85.32751,87.27492,131.84398,0.13193895,-0.102312475,-0.018860506,18669828,7,94,0.00980151,955
7000079000046,17000700000077,7000079000047,7000079000000,17,6.7115865,7000079000047,-1,7000079000045,7000079000046,-1,80,2.7541015,2.7541015,3.098364,31079,21.721712,7.2644124,57.052113,153850,2,0,6,5.0152555,-17.616196,-82.65069,72.7183,114.48164,0.11072369,-0.09424785,-0.01662858,18669826,7,77,0.012755357,159
7000079000047,16000700000203,7000079000047,7000079000000,16,7.272188,-1,-1,7000079000046,7000079000047,-1,31,1.7213135,1.7213135,1.7213135,31079,21.720957,7.2725506,57.060123,153850,2,0,6,-7.621156,-55.17362,-51.958397,55.464794,99.867195,-0.0031455962,0.0819192,0.078330405,18669829,7,203,0.0060047847,413
7000079000048,22000700000795,7000079000052,7000079000000,22,4.5195556,7000079000049,-1,7000079000040,7000079000048,-1,43,3.18443,3.18443,3.3565612,31079,21.492887,7.2166986,56.799335,153850,2,0,6,134.66843,-6.4243197,-109.86703,56.84176,99.995705,0.033031765,-0.023692248,-0.06415476,18665643,7,795,0.009012261,908
7000079000049,21000700000617,7000079000052,7000079000000,21,4.888449,7000079000050,-1,7000079000048,7000079000049,-1,43,2.840167,2.840167,3.2704954,31072,21.442472,7.2227325,56.840755,153843,2,0,6,112.24795,6.836975,-103.26276,51.571064,94.17212,0.089820825,0.00869169,-0.021497943,18665643,7,617,0.010127689,336
7000079000050,20000700000512,7000079000052,7000079000000,20,5.2888336,7000079000051,-1,7000079000049,7000079000050,-1,42,1.8073791,1.8073791,2.2377074,31072,21.40228,7.2355113,56.88511,153843,2,0,6,97.82,7.6287417,-100.3281,54.27822,89.972305,-0.014826328,-0.01407362,-0.13096578,18665643,7,512,0.0109920325,481
7000079000051,19000700000557,7000079000052,7000079000000,19,5.7238646,7000079000052,-1,7000079000050,7000079000051,-1,32,2.065576,2.065576,2.2377074,31072,21.341307,7.249155,56.971943,153843,2,0,6,91.11022,6.141749,-95.4454,56.164143,90.53763,-0.032984577,0.06869036,0.007201923,18665634,7,557,0.0082046185,344
7000079000052,18000700000563,7000079000052,7000079000000,18,6.1968336,-1,-1,7000079000051,7000079000052,-1,25,1.7213135,1.7213135,1.7213135,31072,21.308865,7.235188,57.034977,153843,2,0,6,86.542015,18.148804,-107.09044,50.49034,94.53993,-0.004352527,0.076240614,4.8922906E-5,18665647,7,563,0.006967381,230
7000079000053,31000700001398,7000079000054,7000079000000,31,2.2394855,7000079000054,-1,7000079000031,7000079000053,-1,61,1.9795104,1.9795104,1.9795104,31078,21.524607,6.889201,56.046993,153822,2,0,6,189.96625,87.65898,-42.08915,42.57224,72.038284,-0.2756234,0.29173297,0.23018675,18666702,7,1398,0.031834222,302
7000079000054,30000700001587,7000079000054,7000079000000,30,2.422044,-1,-1,7000079000053,7000079000054,-1,51,1.7213135,1.549182,1.8073791,31073,21.42016,6.8572593,56.084915,153815,2,0,6,172.59184,75.08682,-48.65056,42.31451,60.988853,-0.124368675,0.39614722,0.31758875,18666702,7,1587,0.028367247,258
7000079000055,34000700000194,7000079000070,7000079000000,34,1.766336,7000079000056,-1,7000079000028,7000079000029,7000079000090,67,0.0,0.0,0.0,31078,21.975508,6.97235,55.869144,153822,2,0,6,-12.106506,137.8649,-33.942646,51.749508,83.481445,0.2004146,0.09966536,-0.18684198,18665908,7,194,0.020217637,212
7000079000056,33000700000185,7000079000070,7000079000000,33,1.9126327,7000079000057,-1,7000079000055,7000079000030,7000079000072,118,0.0,0.0,0.0,31078,21.949745,6.8834133,55.886772,153822,2,0,6,47.76442,106.51389,-49.93796,60.748234,99.06773,0.36378688,0.041084107,-0.39142662,18667680,7,185,0.024693735,302
7000079000057,32000700000737,7000079000070,7000079000000,32,2.0700274,7000079000058,-1,7000079000056,7000079000057,-1,136,10.241815,9.983618,10.500011,31078,21.947073,6.791624,55.909824,153820,2,0,6,81.556526,90.11822,-55.09235,69.76419,116.34923,0.37553003,0.07993562,-0.33062497,18665905,7,737,0.020018237,153
7000079000058,31000700000915,7000079000070,7000079000000,31,2.2394855,7000079000059,-1,7000079000057,7000079000058,-1,110,9.639355,9.381158,9.725421,31078,21.90613,6.7444463,55.957497,153820,2,0,6,102.91514,81.6004,-63.685833,74.1267,115.11498,0.12807383,-0.06020556,-0.24536137,18667517,7,915,0.016968751,16
7000079000059,30000700000657,7000079000069,7000079000000,30,2.422044,7000079000060,7000079000070,7000079000058,7000079000059,7000079000070,98,8.262304,7.057385,8.692633,31078,21.790586,6.720522,55.97503,153820,2,0,6,138.43164,85.69418,-62.63776,55.81743,94.57991,0.3904948,-0.029560573,0.033271596,18666479,7,657,0.02182611,582
7000079000060,29000700000434,7000079000069,7000079000000,29,2.6188614,7000079000061,-1,7000079000059,7000079000060,-1,156,3.7868896,3.7008238,4.0450864,31078,21.842955,6.653328,56.02362,153820,2,0,6,107.393814,84.520744,-78.96391,58.067383,93.52395,0.30101383,-0.031413563,-0.78530735,18665915,7,434,0.0423689,185
7000079000061,28000700000499,7000079000069,7000079000000,28,2.8311827,7000079000062,-1,7000079000060,7000079000061,-1,111,3.0122986,3.0122986,3.2704954,31078,21.786362,6.6065574,56.044136,153820,2,0,6,114.91873,92.39122,-61.818115,51.961597,82.8302,-0.083996385,-0.42886713,-0.3403017,18665915,7,499,0.034642514,774
7000079000062,27000700000457,7000079000068,7000079000000,27,3.060419,7000079000063,7000079000069,7000079000061,7000079000062,7000079000069,87,2.4098387,2.4098387,2.9262328,31078,21.714378,6.543738,56.065456,153820,2,0,6,74.27598,69.25783,-81.75624,53.30453,78.59812,0.5217678,0.0068327356,-0.7373067,18667631,7,457,0.027568031,506
7000079000063,26000700001664,7000079000066,7000079000000,26,3.3080978,7000079000064,7000079000067,7000079000062,7000079000063,-1,34,2.1516418,2.1516418,2.2377074,31078,21.647568,6.5178776,56.128414,153820,2,0,6,97.791245,91.09789,-71.36681,39.859093,72.5667,0.007580613,-0.07598597,0.15988517,18665903,7,1664,0.01373235,618
7000079000064,25000700002067,7000079000066,7000079000000,25,3.575905,7000079000065,-1,7000079000063,7000079000064,-1,26,0.774591,0.774591,0.774591,31078,21.632795,6.456804,56.15551,153820,2,0,6,99.619644,94.62515,-72.54688,42.820637,62.622723,0.08381346,-0.09085296,0.07364574,18665915,7,2067,0.015906837,807
7000079000065,24000700001451,7000079000066,7000079000000,24,3.8656828,7000079000066,-1,7000079000064,7000079000065,-1,34,0.774591,0.774591,0.774591,31078,21.59027,6.371608,56.18357,153820,2,0,6,87.73464,81.00142,-83.68751,41.456585,64.60085,-0.043788068,-0.053304117,0.10478422,18665915,7,1451,0.020554584,435
7000079000066,23000700001970,7000079000066,7000079000000,23,4.1794686,-1,-1,7000079000065,7000079000066,-1,23,0.774591,0.774591,0.774591,31073,21.445356,6.355045,56.269814,153813,2,0,6,88.3078,72.32525,-78.22957,40.998287,64.676926,0.07701579,-0.036207225,0.1314399,18665903,7,1970,0.012549619,804
7000079000067,26000700002462,7000079000068,7000079000000,26,3.3080978,7000079000068,-1,7000079000062,7000079000067,-1,21,0.0,0.0,0.0,31078,21.881886,6.451427,56.27428,153820,2,0,6,6.838839,-1.2752384,-111.662155,34.202557,54.74919,0.05878754,0.094654344,0.014086483,18665913,7,2462,0.017905973,454
7000079000068,25000700002490,7000079000068,7000079000000,25,3.575905,-1,-1,7000079000067,7000079000068,-1,20,0.0,0.0,0.0,31078,21.826588,6.4718657,56.288403,153820,2,0,6,9.192117,2.715648,-99.73311,36.97566,52.918777,0.043426353,0.11845578,-0.022985388,18669902,7,2490,0.017346155,597
7000079000069,27000700000458,7000079000069,7000079000000,27,3.060419,-1,-1,7000079000061,7000079000062,-1,22,0.0,0.0,0.0,31078,21.588999,6.6320515,56.106464,153820,2,0,6,127.914055,73.959404,-79.263084,39.960125,53.677044,0.17457923,-0.12276803,0.017848965,18667589,7,458,0.01862392,249
7000079000070,30000700000658,7000079000070,7000079000000,30,2.422044,-1,-1,7000079000058,7000079000059,-1,23,0.0,0.0,0.0,31078,21.877062,6.695634,56.00164,153820,2,0,6,56.17342,69.74042,-63.6105,49.07643,80.98646,0.022062259,0.09273238,-0.06343247,18665904,7,658,0.0077055935,960
7000079000071,35000700000201,7000079000081,7000079000000,35,1.6302707,7000079000072,-1,7000079000027,7000079000028,7000079000089,21,0.0,0.0,0.0,31078,21.922838,7.1280704,55.77372,153822,2,0,6,212.98138,-87.23534,-13.436669,35.850166,71.89028,0.059027143,-0.08483306,0.122604854,18667498,7,201,0.008881822,112
7000079000072,33000700000186,7000079000081,7000079000000,33,1.9126327,7000079000073,-1,7000079000071,7000079000030,-1,28,0.0,0.0,0.0,31078,21.611935,7.10938,55.874535,153822,2,0,6,238.88405,120.11811,-173.82535,43.678806,72.078926,0.00447527,-0.13459301,0.1943389,18672934,7,186,0.012487983,231
7000079000073,32000700002244,7000079000081,7000079000000,32,2.0700274,7000079000074,-1,7000079000072,7000079000073,-1,33,3.442627,3.2704954,3.5286925,31078,21.506842,7.03552,56.000626,153822,2,0,6,160.68193,161.63084,-221.67287,44.147713,82.10569,0.05846201,-0.12884799,0.19720767,18667495,7,2244,0.010010305,866
7000079000074,31000700002635,7000079000081,7000079000000,31,2.2394855,7000079000075,-1,7000079000073,7000079000074,-1,34,2.840167,2.4959044,3.0122986,31073,21.421335,6.912352,56.135662,153815,2,0,6,108.17877,171.70071,-235.6109,41.974373,73.34176,0.0073894076,-0.10523471,0.13767228,18667495,7,2635,0.012932104,797
7000079000075,30000700002479,7000079000081,7000079000000,30,2.422044,7000079000076,-1,7000079000074,7000079000075,-1,33,3.0122986,3.0122986,3.18443,31073,21.367226,6.8417573,56.268585,153815,2,0,6,81.34275,170.67873,-225.72702,35.062534,72.1038,8.4364734E-4,-0.17234482,0.104451515,18667495,7,2479,0.012658558,535
7000079000076,29000700002292,7000079000081,7000079000000,29,2.6188614,7000079000077,-1,7000079000075,7000079000076,-1,34,2.4098387,2.4098387,2.4098387,31073,21.328987,6.764202,56.390755,153813,2,0,6,68.23864,168.53552,-218.05711,39.478207,75.91462,-0.104224324,-0.13978606,0.03700482,18667495,7,2292,0.013506064,977
7000079000077,28000700002730,7000079000081,7000079000000,28,2.8311827,7000079000078,-1,7000079000076,7000079000077,-1,28,2.3237731,2.3237731,2.3237731,31073,21.285355,6.6782594,56.50446,153813,2,0,6,60.69966,160.65547,-208.94707,40.489002,71.54542,-0.122863665,-0.20150332,0.114329986,18667495,7,2730,0.011412591,509
7000079000078,27000700002437,7000079000081,7000079000000,27,3.060419,7000079000079,-1,7000079000077,7000079000078,-1,29,1.8073791,1.8073791,1.8934448,31073,21.238089,6.5841417,56.630585,153813,2,0,6,58.02181,152.72717,-198.89848,41.602333,71.4935,-0.15149654,-0.28765857,0.017215954,18667726,7,2437,0.011161159,302
7000079000079,26000700001946,7000079000081,7000079000000,26,3.3080978,7000079000080,-1,7000079000078,7000079000079,-1,35,1.8934448,1.8934448,1.8934448,31072,21.22373,6.4988346,56.750053,153841,2,0,6,58.580276,139.36041,-186.7295,42.872967,74.16053,-0.13487999,-0.32039186,0.05317876,18667726,7,1946,0.0132635245,926
7000079000080,25000700002229,7000079000081,7000079000000,25,3.575905,7000079000081,-1,7000079000079,7000079000080,-1,28,1.3770508,1.3770508,1.3770508,31072,21.173208,6.420159,56.87238,153841,2,0,6,50.88465,132.6272,-190.56723,40.816765,72.21645,-0.025515962,-0.15447986,0.11656033,18667726,7,2229,0.01224076,608
7000079000081,24000700002343,7000079000081,7000079000000,24,3.8656828,-1,-1,7000079000080,7000079000081,-1,24,1.032788,1.032788,1.032788,31072,21.135296,6.339606,56.957466,153841,2,0,6,47.895786,133.2471,-187.44478,37.71391,66.90978,-0.031020937,-0.12993045,0.019120034,18667726,7,2343,0.012428034,174
7000079000082,36000700003057,7000079000082,7000079000000,36,1.5036365,-1,7000079000083,7000079000026,7000079000082,-1,21,2.2377074,1.549182,2.2377074,31078,22.174671,6.8090687,55.449074,153816,2,0,6,33.26953,126.93335,10.4378,26.292446,53.1505,-0.12996754,0.12220322,-0.15557712,18670146,7,3057,0.017203314,150
7000079000083,36000700000200,7000079000084,7000079000000,36,1.5036365,7000079000084,-1,7000079000026,7000079000027,7000079000088,23,0.0,0.0,0.0,31078,21.82584,7.0945525,55.808956,153822,2,0,6,-202.26605,7.9792333,-102.49108,52.593365,80.78687,-0.012200717,0.064521335,0.082485765,18667680,7,200,0.007379943,906
7000079000084,35000700000200,7000079000084,7000079000000,35,1.6302707,-1,-1,7000079000083,7000079000028,7000079000071,23,0.0,0.0,0.0,31078,21.926958,7.05139,55.84452,153822,2,0,6,-126.376976,131.43692,-23.01872,42.997635,60.978962,0.06657452,0.14560926,0.024515303,18667644,7,200,0.012288076,344
7000079000085,40000700000211,7000079000099,7000079000000,40,1.0778745,7000079000086,7000079000100,7000079000022,7000079000023,-1,21,0.0,0.0,0.0,31078,22.315401,6.9974895,55.274628,153818,2,0,6,-3.2670672,-82.959076,-190.54544,35.314606,76.17151,-0.05625951,-0.0523568,0.02110377,18666087,7,211,0.008490059,211
7000079000086,39000700000238,7000079000099,7000079000000,39,1.173417,7000079000087,-1,7000079000085,7000079000024,-1,20,0.0,0.0,0.0,31078,22.306215,7.029981,55.389736,153818,2,0,6,60.596855,-48.74569,-207.50664,32.451492,69.95423,-0.059563052,-0.1129691,-0.0026891734,18665873,7,238,0.009053527,571
7000079000087,38000700000221,7000079000099,7000079000000,38,1.2758462,7000079000088,-1,7000079000086,7000079000025,7000079000116,26,0.0,0.0,0.0,31078,22.248629,7.064076,55.504326,153818,2,0,6,131.6317,-23.260141,-221.14586,34.215824,68.683716,0.015891004,-0.07634409,0.030813849,18665873,7,221,0.012628765,243
7000079000088,36000700000201,7000079000099,7000079000000,36,1.5036365,7000079000089,-1,7000079000087,7000079000027,-1,21,0.0,0.0,0.0,31078,21.958311,7.0509033,55.76854,153822,2,0,6,392.91107,58.687405,-270.40915,40.28287,74.77954,0.13355881,-0.049918067,-0.01075943,18666136,7,201,0.007350216,863
7000079000089,35000700000202,7000079000099,7000079000000,35,1.6302707,7000079000090,-1,7000079000088,7000079000028,-1,20,0.0,0.0,0.0,31078,21.71529,7.0086155,55.881943,153822,2,0,6,432.97882,82.77218,-106.44116,48.23333,81.33265,0.11527981,-0.06247384,0.0062667863,18665873,7,202,0.0067229923,709
7000079000090,34000700000195,7000079000099,7000079000000,34,1.766336,7000079000091,-1,7000079000089,7000079000029,7000079000105,29,0.0,0.0,0.0,31078,21.503365,6.976066,55.92418,153822,2,0,6,302.86197,77.503586,-55.72668,47.948917,92.4684,0.035845462,-0.086953245,0.011549015,18665868,7,195,0.009100114,322
7000079000091,33000700001051,7000079000099,7000079000000,33,1.9126327,7000079000092,-1,7000079000090,7000079000091,-1,24,3.5286925,3.098364,3.5286925,31073,21.341787,6.9503784,55.963486,153815,2,0,6,243.8233,66.06516,-67.77904,31.204983,60.99571,0.013364474,0.06243638,0.17889766,18664317,7,1051,0.014553183,669
7000079000092,32000700002581,7000079000099,7000079000000,32,2.0700274,7000079000093,-1,7000079000091,7000079000092,-1,37,2.4098387,2.2377074,2.4098387,31073,21.186745,6.883853,55.986378,153815,2,0,6,209.63994,38.751625,-56.561123,39.91994,71.02718,0.003917267,-0.021739746,0.030047607,18665873,7,2581,0.015366199,739
7000079000093,31000700002564,7000079000099,7000079000000,31,2.2394855,7000079000094,-1,7000079000092,7000079000093,-1,34,2.4959044,2.2377074,2.4959044,31073,21.079842,6.863898,56.027348,153815,2,0,6,184.82861,28.23924,-60.261974,38.480923,68.60592,0.01239914,-0.021975597,-0.048600007,18665874,7,2564,0.014268253,441
7000079000094,30000700002138,7000079000099,7000079000000,30,2.422044,7000079000095,-1,7000079000093,7000079000094,-1,37,2.3237731,2.3237731,2.3237731,31073,21.02412,6.848721,56.06858,153815,2,0,6,166.22034,21.215551,-68.347946,40.79339,78.021965,-0.0013363231,-0.0784827,0.0018610666,18665163,7,2138,0.01346306,652
7000079000095,29000700002094,7000079000099,7000079000000,29,2.6188614,7000079000096,-1,7000079000094,7000079000095,-1,38,2.4098387,2.4098387,3.2704954,31073,20.88671,6.8570485,56.12386,153815,2,0,6,153.57767,16.929567,-65.213394,43.219154,75.707504,0.0072626527,-0.11436762,-0.065810576,18664317,7,2094,0.017950645,93
7000079000096,28000700002156,7000079000099,7000079000000,28,2.8311827,7000079000097,-1,7000079000095,7000079000096,-1,37,2.6680357,2.6680357,2.7541015,31073,20.858177,6.8468976,56.154587,153815,2,0,6,140.6994,12.9810705,-64.27388,49.81377,80.527374,0.0104046855,-0.19450624,-0.10129942,18665163,7,2156,0.011971741,620
7000079000097,27000700001981,7000079000099,7000079000000,27,3.060419,7000079000098,-1,7000079000096,7000079000097,-1,32,2.7541015,2.7541015,2.7541015,31073,20.762848,6.8434978,56.18463,153815,2,0,6,137.6197,3.984456,-75.18018,50.658104,89.39085,0.06114789,0.01688932,0.088810064,18665873,7,1981,0.008962823,273
7000079000098,26000700002073,7000079000099,7000079000000,26,3.3080978,7000079000099,-1,7000079000097,7000079000098,-1,33,2.065576,2.065576,2.1516418,31073,20.663614,6.83781,56.229702,153815,2,0,6,123.362976,10.294807,-71.33322,46.06078,78.96092,0.05418906,-0.059023462,0.012165464,18665873,7,2073,0.011138839,144
7000079000099,25000700002228,7000079000099,7000079000000,25,3.575905,-1,-1,7000079000098,7000079000099,-1,28,2.065576,2.065576,2.065576,31073,20.592402,6.8374047,56.27783,153815,2,0,6,117.942795,3.2507994,-70.86041,45.17768,79.31546,0.006775657,-0.0074027106,0.047138806,18665873,7,2228,0.010470684,105
7000079000100,40000700000210,7000079000111,7000079000000,40,1.0778745,7000079000101,-1,7000079000022,7000079000023,7000079000085,21,0.0,0.0,0.0,31078,22.273779,6.8905787,55.586773,153818,2,0,6,-12.090347,-45.908558,-98.14893,30.332563,65.15819,0.08439301,-0.11482206,-0.14311941,18672891,7,210,0.011365323,216
7000079000101,39000700000237,7000079000111,7000079000000,39,1.173417,7000079000102,-1,7000079000100,7000079000024,7000079000086,23,0.0,0.0,0.0,31078,22.261189,6.9283133,55.619255,153818,2,0,6,54.91483,-82.7852,-40.26497,29.656128,58.195114,-0.010398591,-0.042873114,-0.096392766,18672890,7,237,0.01413445,610
7000079000102,38000700000223,7000079000111,7000079000000,38,1.2758462,7000079000103,-1,7000079000101,7000079000025,-1,21,0.0,0.0,0.0,31078,22.206266,6.999391,55.617584,153818,2,0,6,136.41289,-105.94538,0.56919754,34.764008,67.71494,-0.014220319,-0.13284516,-0.07775431,18667753,7,223,0.009088685,907
7000079000103,36000700000199,7000079000111,7000079000000,36,1.5036365,7000079000104,-1,7000079000102,7000079000027,7000079000083,32,0.0,0.0,0.0,31078,21.955599,7.120293,55.626015,153818,2,0,6,296.5623,-80.9704,-59.056347,39.815918,71.23084,-0.036293376,0.056666546,0.18640415,18672883,7,199,0.013352141,554
7000079000104,35000700000199,7000079000111,7000079000000,35,1.6302707,7000079000105,-1,7000079000103,7000079000028,7000079000084,23,0.0,0.0,0.0,31078,21.755442,7.128123,55.704178,153822,2,0,6,336.4123,14.525502,-165.83502,41.46043,77.47702,0.14023246,-0.08903302,0.038053025,18667492,7,199,0.0073995497,940
7000079000105,34000700000196,7000079000111,7000079000000,34,1.766336,7000079000106,-1,7000079000104,7000079000029,-1,27,0.0,0.0,0.0,31078,21.573065,7.0891423,55.84033,153822,2,0,6,267.4695,87.06961,-253.70627,40.68564,66.56561,0.1308456,-0.026448322,0.037286792,18667492,7,196,0.014631964,824
7000079000106,32000700002021,7000079000111,7000079000000,32,2.0700274,7000079000107,-1,7000079000105,7000079000106,-1,43,4.0450864,3.8729553,4.0450864,31073,21.354877,6.957489,56.139942,153815,2,0,6,160.2141,125.9149,-275.7998,48.126614,83.5248,0.26643562,0.064625286,-0.068053275,18672852,7,2021,0.014586768,440
7000079000107,31000700001981,7000079000111,7000079000000,31,2.2394855,7000079000108,-1,7000079000106,7000079000107,-1,44,3.098364,2.9262328,3.18443,31073,21.290915,6.868002,56.304874,153815,2,0,6,132.69165,113.68392,-260.62872,42.821167,74.05827,0.21336694,-0.086669296,-0.061704148,18672890,7,1981,0.0167809,122
7000079000108,30000700002034,7000079000111,7000079000000,30,2.422044,7000079000109,-1,7000079000107,7000079000108,-1,43,0.60245967,0.60245967,0.60245967,31073,21.166058,6.8612766,56.410294,153815,2,0,6,112.67648,108.44773,-243.45888,37.94985,65.83114,0.23325184,0.007729083,-0.03562484,18672883,7,2034,0.025468491,307
7000079000109,29000700002095,7000079000111,7000079000000,29,2.6188614,7000079000110,-1,7000079000108,7000079000109,-1,39,0.6885254,0.6885254,0.86065674,31073,21.178095,6.7378087,56.543427,153813,2,0,6,105.94192,105.61236,-231.77109,37.954384,57.25171,0.1796509,0.02671128,-0.08096468,18667524,7,2095,0.026378632,323
7000079000110,28000700003032,7000079000111,7000079000000,28,2.8311827,7000079000111,-1,7000079000109,7000079000110,-1,24,1.032788,0.774591,1.1188537,31072,21.053835,6.722953,56.7379,153841,2,0,6,103.75077,97.12768,-213.66461,37.973083,57.929405,0.3380912,0.18140046,-0.010307131,18667521,7,3032,0.01789623,33
7000079000111,26000700003174,7000079000111,7000079000000,26,3.3080978,-1,-1,7000079000110,7000079000111,-1,20,0.60245967,0.60245967,0.86065674,31072,21.031092,6.5821905,56.89361,153841,2,0,6,65.46437,101.17498,-201.56546,32.58143,54.464584,-0.02646788,-0.1610356,-0.06807719,18667522,7,3174,0.017481845,462
7000079000112,42000700000170,7000079000135,7000079000000,42,0.9054624,7000079000113,-1,7000079000020,7000079000021,-1,30,0.0,0.0,0.0,31078,22.051235,6.9356017,55.12362,153818,2,0,6,265.31433,55.543064,-72.43807,39.47129,74.92943,-0.09537221,0.0013050677,0.01381131,18545900,7,170,0.010668346,159
7000079000113,41000700000200,7000079000135,7000079000000,41,0.98870814,7000079000114,-1,7000079000112,7000079000022,-1,41,0.0,0.0,0.0,31078,21.953508,6.9147058,55.173653,153818,2,0,6,149.52322,20.057367,-129.72382,41.5175,84.37819,-0.2105135,-0.0346422,0.05279009,18545499,7,200,0.01133633,446
7000079000114,40000700000209,7000079000135,7000079000000,40,1.0778745,7000079000115,-1,7000079000113,7000079000023,7000079000100,45,0.0,0.0,0.0,31078,21.883108,6.9181013,55.258007,153818,2,0,6,73.23976,-16.254255,-189.96745,43.491436,85.251175,-0.1514246,-0.057173368,0.1243381,18545523,7,209,0.015268972,303
7000079000115,39000700000236,7000079000135,7000079000000,39,1.173417,7000079000116,-1,7000079000114,7000079000024,7000079000101,45,0.0,0.0,0.0,31078,21.880016,6.944053,55.37684,153818,2,0,6,-5.684749,-64.80834,-276.02472,45.57888,85.76313,-0.045442995,-0.098638006,0.11641096,18545515,7,236,0.012601089,534
7000079000116,38000700000222,7000079000135,7000079000000,38,1.2758462,7000079000117,-1,7000079000115,7000079000025,7000079000102,24,0.0,0.0,0.0,31078,21.914839,7.002084,55.580135,153818,2,0,6,-92.996086,-149.21643,-468.16537,66.09472,109.943306,-0.07533373,0.03568382,-0.028595595,18670259,7,222,0.0049847215,846
7000079000117,37000700000193,7000079000135,7000079000000,37,1.3857181,7000079000118,-1,7000079000116,7000079000026,-1,51,0.0,0.0,0.0,31078,21.986067,7.1272554,55.78068,153822,2,0,6,-120.68304,-210.55714,-262.218,55.62948,96.9213,0.13392578,0.121479295,-0.076882966,18670259,7,193,0.011221468,452
7000079000118,36000700001300,7000079000135,7000079000000,36,1.5036365,7000079000119,-1,7000079000117,7000079000118,-1,88,8.004107,7.659845,8.090173,31078,22.045925,7.231657,55.906925,153822,2,0,6,-83.62621,-149.51404,-203.63947,53.006863,103.61972,0.07726877,-0.10854362,-0.017521733,18545514,7,1300,0.018391192,595
7000079000119,35000700001297,7000079000135,7000079000000,35,1.6302707,7000079000120,-1,7000079000118,7000079000119,-1,85,7.573779,7.3155823,7.573779,31078,22.079943,7.3136277,56.019302,153822,2,0,6,-60.782276,-118.001656,-174.71698,48.95164,95.988464,-0.035409674,-0.11987236,-0.08179394,18670259,7,1297,0.01800144,281
7000079000120,34000700001306,7000079000135,7000079000000,34,1.766336,7000079000121,-1,7000079000119,7000079000120,-1,83,7.3155823,6.971319,7.4016476,31078,22.114094,7.3779387,56.125107,153822,2,0,6,-45.881332,-103.54297,-165.79504,52.565117,95.912224,-0.03638491,-0.013461218,-0.035251923,18545912,7,1306,0.017627412,64
7000079000121,33000700001246,7000079000135,7000079000000,33,1.9126327,7000079000122,-1,7000079000120,7000079000121,-1,84,6.885254,6.7131224,6.971319,31078,22.140263,7.4320884,56.22283,153822,2,0,6,-34.97552,-90.19148,-159.30083,51.571026,96.69576,0.00763861,0.020713838,0.01846556,18670259,7,1246,0.017593259,206
7000079000122,32000700001232,7000079000135,7000079000000,32,2.0700274,7000079000123,-1,7000079000121,7000079000122,-1,82,6.540991,6.36886,6.540991,31078,22.15157,7.4873757,56.310616,153822,2,0,6,-30.030027,-79.251854,-152.83513,53.165585,99.8325,-0.07629982,-0.046588678,0.07648466,18545908,7,1232,0.016807096,340
7000079000123,31000700001332,7000079000135,7000079000000,31,2.2394855,7000079000124,-1,7000079000122,7000079000123,-1,73,6.4549255,6.282794,6.540991,31078,22.182196,7.5183735,56.386093,153822,2,0,6,-28.880823,-71.015495,-147.46973,58.48541,103.15566,-0.07807691,-0.11445764,0.02175218,18545528,7,1332,0.014389009,648
7000079000124,30000700001172,7000079000135,7000079000000,30,2.422044,7000079000125,-1,7000079000123,7000079000124,-1,74,6.282794,6.1106625,6.36886,31078,22.208012,7.5548677,56.467518,153822,2,0,6,-22.935219,-68.51547,-140.54196,54.942936,99.50813,-0.0702632,-0.09793112,0.105104536,18545528,7,1172,0.016546039,846
7000079000125,29000700001123,7000079000135,7000079000000,29,2.6188614,7000079000126,-1,7000079000124,7000079000125,-1,74,6.282794,5.8524656,6.282794,31078,22.209427,7.589713,56.54702,153822,2,0,6,-19.85374,-63.63224,-134.75328,53.98185,97.478714,-0.025053093,-0.034072753,0.07526951,18545515,7,1123,0.015441425,745
7000079000126,28000700001082,7000079000135,7000079000000,28,2.8311827,7000079000127,-1,7000079000125,7000079000126,-1,72,5.3360715,4.991809,5.594269,31078,22.223911,7.617593,56.63214,153822,2,0,6,-15.806724,-58.70038,-128.78442,53.24366,94.620094,-0.054512758,0.0037725475,0.092609696,18545912,7,1082,0.01695588,277
7000079000127,27000700001003,7000079000135,7000079000000,27,3.060419,7000079000128,-1,7000079000126,7000079000127,-1,70,4.5614805,4.3032837,5.1639404,31079,22.227606,7.6659036,56.72246,153850,2,0,6,-11.564972,-55.090115,-129.72487,51.852577,93.90647,-0.07436613,-0.029816767,0.049541544,18545472,7,1003,0.0170283,956
7000079000128,26000700000921,7000079000135,7000079000000,26,3.3080978,7000079000129,-1,7000079000127,7000079000128,-1,69,4.131152,3.8729553,4.991809,31079,22.211958,7.7038064,56.775196,153850,2,0,6,-8.652601,-50.604897,-121.549934,52.53961,94.549774,0.008251889,-0.0631546,0.055095635,18545523,7,921,0.017099049,994
7000079000129,25000700000834,7000079000135,7000079000000,25,3.575905,7000079000130,-1,7000079000128,7000079000129,-1,67,4.131152,4.0450864,4.6475463,31079,22.254171,7.7307124,56.820297,153850,2,0,6,-12.356957,-45.469635,-112.5733,57.18105,101.84156,0.09587692,0.006939885,0.075934164,18545912,7,834,0.01416413,27
7000079000130,24000700000865,7000079000135,7000079000000,24,3.8656828,7000079000131,-1,7000079000129,7000079000130,-1,57,4.8196774,4.8196774,4.905743,31079,22.246466,7.7513146,56.897686,153850,2,0,6,-16.67295,-44.23452,-105.32646,64.431625,110.315414,0.1127142,0.052700732,0.011670171,18545524,7,865,0.010795349,332
7000079000131,23000700000739,7000079000135,7000079000000,23,4.1794686,7000079000132,-1,7000079000130,7000079000131,-1,56,4.0450864,4.0450864,4.217218,31079,22.280416,7.773804,56.956627,153850,2,0,6,-10.555753,-37.077377,-102.394356,58.676514,101.1067,-0.016528158,-0.029761981,0.012933777,18545523,7,739,0.011077093,276
7000079000132,22000700000717,7000079000135,7000079000000,22,4.5195556,7000079000133,-1,7000079000131,7000079000132,-1,49,2.840167,2.840167,2.9262328,31079,22.25174,7.7728004,57.01621,153850,2,0,6,-5.114505,-34.256184,-97.60872,56.58338,102.37681,0.009157456,-0.046431527,0.02792373,18545523,7,717,0.008828903,551
7000079000133,21000700001054,7000079000135,7000079000000,21,4.888449,7000079000134,-1,7000079000132,7000079000133,-1,29,2.4959044,2.4098387,2.5819702,31079,22.253727,7.7774205,57.0659,153850,2,0,6,5.8797646,-25.126123,-95.14645,56.330463,103.25252,0.12476468,0.0014035199,-0.07513421,18545521,7,1054,0.0069048847,389
7000079000134,20000700000743,7000079000135,7000079000000,20,5.2888336,7000079000135,-1,7000079000133,7000079000134,-1,33,2.1516418,2.1516418,2.4959044,31079,22.23383,7.78307,57.114124,153850,2,0,6,6.9639096,-30.198282,-89.50074,48.474075,93.10382,0.1110005,0.056404646,-0.055640023,18545523,7,743,0.009216452,98
7000079000135,19000700000767,7000079000135,7000079000000,19,5.7238646,-1,-1,7000079000134,7000079000135,-1,27,1.2049193,1.2049193,1.3770508,31079,22.212551,7.7911477,57.124348,153850,2,0,6,8.314391,-25.602411,-84.66192,48.950172,86.7375,0.18493523,-3.963675E-4,-0.049240675,18545515,7,767,0.008203726,136
7000079000136,45000700000223,7000079000204,7000079000000,45,0.6871088,7000079000137,-1,7000079000017,7000079000018,-1,145,0.0,0.0,0.0,31078,22.2207,7.0653486,55.107803,153818,2,0,6,63.86657,26.697262,-216.02882,81.93553,139.70477,-0.011302898,-0.013801992,0.05732212,18668110,7,223,0.015799705,8
7000079000137,44000700000224,7000079000204,7000079000000,44,0.75503564,7000079000138,-1,7000079000136,7000079000019,-1,107,0.0,0.0,0.0,31078,22.194942,7.054636,55.183773,153818,2,0,6,73.42448,27.281477,-79.35016,76.32584,128.00932,0.1251529,0.073484436,-0.10477922,18668258,7,224,0.013159354,496
7000079000138,43000700000188,7000079000204,7000079000000,43,0.8276991,7000079000139,-1,7000079000137,7000079000020,-1,114,0.0,0.0,0.0,31078,22.16362,7.0384727,55.179276,153818,2,0,6,59.893127,45.00251,164.4296,94.40367,147.83348,0.21126716,0.1956339,-0.2203762,18668258,7,188,0.010964895,9
7000079000139,42000700000169,7000079000204,7000079000000,42,0.9054624,7000079000140,-1,7000079000138,7000079000021,7000079000112,219,0.0,0.0,0.0,31078,22.181463,6.9671984,55.104218,153818,2,0,6,-83.70613,175.76549,58.067604,99.64496,162.48932,0.13732274,0.45549256,-0.28770477,18668040,7,169,0.016477505,801
7000079000140,41000700000199,7000079000204,7000079000000,41,0.98870814,7000079000141,-1,7000079000139,7000079000022,7000079000113,308,0.0,0.0,0.0,31078,22.228426,6.880639,55.093098,153818,2,0,6,-75.223434,156.55669,-24.721653,105.57623,175.62512,0.04420057,0.8161153,-0.41395238,18668092,7,199,0.018899007,866
7000079000141,40000700000207,7000079000171,7000079000000,40,1.0778745,7000079000142,7000079000172,7000079000140,7000079000023,7000079000172,426,0.0,0.0,0.0,31078,22.260113,6.7952127,55.08928,153816,2,0,6,-68.877426,136.44736,-70.071396,96.180786,151.55725,0.28019592,1.4843392,-0.69079417,18668156,7,207,0.03725582,595
7000079000142,39000700000387,7000079000171,7000079000000,39,1.173417,7000079000143,-1,7000079000141,7000079000142,7000079000173,634,63.258266,60.073837,63.086136,31078,22.30187,6.719496,55.13725,153816,2,0,6,-60.555195,121.92164,-93.71349,110.58775,166.01787,0.4226741,1.9583404,-0.48479134,18668156,7,387,0.044428147,105
7000079000143,38000700000352,7000079000171,7000079000000,38,1.2758462,7000079000144,-1,7000079000142,7000079000143,-1,693,60.073837,57.233673,60.073837,31078,22.292788,6.684278,55.20291,153816,2,0,6,-49.049965,115.48202,-105.92957,112.04907,183.80974,0.36889395,1.9593692,-0.8690907,18668156,7,352,0.038695835,354
7000079000144,37000700000334,7000079000171,7000079000000,37,1.3857181,7000079000145,-1,7000079000143,7000079000144,7000079000174,521,56.63121,53.016453,56.88941,31078,22.321436,6.6357393,55.318745,153816,2,0,6,-19.302776,95.43346,-122.12299,98.13939,156.80226,0.09021169,1.3343077,-0.4794775,18667670,7,334,0.041665904,802
7000079000145,36000700000327,7000079000171,7000079000000,36,1.5036365,7000079000146,-1,7000079000144,7000079000145,7000079000175,489,39.76234,36.319714,41.397587,31078,22.321005,6.608247,55.385548,153816,2,0,6,0.4276866,89.96868,-114.541145,88.39157,150.16827,0.009115845,1.323009,-0.37323704,18667670,7,327,0.042800605,866
7000079000146,35000700000332,7000079000171,7000079000000,35,1.6302707,7000079000147,-1,7000079000145,7000079000146,7000079000176,432,30.122986,28.573803,30.381182,31078,22.323269,6.5703793,55.4652,153816,2,0,6,10.676784,88.43053,-105.577515,86.33669,153.59523,0.04374786,0.86147153,-0.30956775,18667670,7,332,0.035302456,703
7000079000147,34000700000432,7000079000171,7000079000000,34,1.766336,7000079000148,-1,7000079000146,7000079000147,-1,365,27.196753,26.163963,27.62708,31078,22.318449,6.5362616,55.521004,153816,2,0,6,13.118787,84.46898,-108.005356,86.63465,148.65742,0.03892533,0.82076675,-0.5170585,18668162,7,432,0.030703153,889
7000079000148,33000700000397,7000079000171,7000079000000,33,1.9126327,7000079000149,-1,7000079000147,7000079000148,-1,368,27.799212,25.905767,29.176262,31078,22.300728,6.4842577,55.591366,153816,2,0,6,14.210716,89.62448,-110.54086,80.45021,138.82983,-0.01086013,0.76540095,-0.32164422,18668213,7,397,0.036918283,243
7000079000149,32000700000360,7000079000171,7000079000000,32,2.0700274,7000079000150,-1,7000079000148,7000079000149,-1,367,26.938555,25.819702,28.22954,31078,22.298304,6.4381046,55.67335,153820,2,0,6,14.502474,89.36014,-112.4936,82.788124,142.15611,0.03148755,0.7937495,-0.55892026,18668217,7,360,0.035710942,168
7000079000150,31000700000322,7000079000171,7000079000000,31,2.2394855,7000079000151,-1,7000079000149,7000079000150,-1,383,28.487738,26.766424,29.778723,31078,22.283745,6.389781,55.75049,153820,2,0,6,17.495754,90.61498,-113.67307,90.36124,149.69835,-0.013662416,0.73953223,-0.53515065,18668217,7,322,0.03523199,713
7000079000151,30000700000246,7000079000171,7000079000000,30,2.422044,7000079000152,-1,7000079000150,7000079000151,-1,410,26.25003,24.959045,27.196753,31078,22.235373,6.36776,55.812256,153820,2,0,6,19.925934,88.03898,-123.96162,96.24619,151.11,-0.10466138,1.0839887,-0.41149396,18668212,7,246,0.034557838,417
7000079000152,29000700000286,7000079000168,7000079000000,29,2.6188614,7000079000153,7000079000169,7000079000151,7000079000152,-1,305,26.422161,25.561504,27.885277,31078,22.190187,6.3064866,55.86025,153820,2,0,6,33.318115,87.80182,-107.38791,99.68027,155.29108,-0.54082114,0.5216888,-0.15828638,18669954,7,286,0.025937911,593
7000079000153,28000700000286,7000079000168,7000079000000,28,2.8311827,7000079000154,-1,7000079000152,7000079000153,-1,279,19.364777,18.418055,20.741827,31078,22.149195,6.2095037,55.901672,153820,2,0,6,31.740988,85.96631,-109.08337,96.41682,144.13289,-0.5153538,0.5032841,-0.11253321,18668210,7,286,0.025951907,319
7000079000154,27000700000242,7000079000164,7000079000000,27,3.060419,7000079000155,7000079000165,7000079000153,7000079000154,7000079000165,227,14.286901,13.340179,15.750018,31078,22.147816,6.1434207,55.956932,153820,2,0,6,23.512926,79.72474,-78.90908,79.401535,132.17287,-0.121504776,0.1575651,-0.3161996,18668192,7,242,0.026492605,917
7000079000155,26000700000362,7000079000164,7000079000000,26,3.3080978,7000079000156,-1,7000079000154,7000079000155,-1,158,12.049194,11.5328,12.73772,31078,22.149126,6.103285,55.978294,153820,2,0,6,13.825652,77.70682,-69.69687,81.034386,130.08081,0.10132097,-0.053197462,-0.1153119,18669954,7,362,0.018218886,662
7000079000156,25000700000360,7000079000164,7000079000000,25,3.575905,7000079000157,-1,7000079000155,7000079000156,-1,128,10.327881,9.983618,10.672143,31078,22.128939,6.0588207,55.998463,153820,2,0,6,0.49510476,60.218998,-83.06156,75.92792,126.90847,-0.052995004,-0.10757808,-0.09780982,18668192,7,360,0.016182093,940
7000079000157,24000700000412,7000079000164,7000079000000,24,3.8656828,7000079000158,-1,7000079000156,7000079000157,-1,103,7.573779,7.573779,7.659845,31078,22.12971,6.016483,56.038857,153820,2,0,6,0.47555506,56.303535,-75.97441,73.65004,121.31516,0.12720443,-0.2704874,0.063598834,18668192,7,412,0.014071363,403
7000079000158,23000700000361,7000079000164,7000079000000,23,4.1794686,7000079000159,-1,7000079000157,7000079000158,-1,95,4.905743,4.8196774,5.0778747,31078,22.123524,5.986101,56.0893,153820,2,0,6,4.729914,45.797012,-81.53052,66.142204,110.56395,-0.07047087,-0.09668904,0.012266923,18668207,7,361,0.016112411,839
7000079000159,22000700000505,7000079000164,7000079000000,22,4.5195556,7000079000160,-1,7000079000158,7000079000159,-1,65,3.098364,3.0122986,3.3565612,31078,22.140896,5.9602036,56.12684,153820,2,0,6,4.7062593,46.471317,-71.58416,57.457394,99.86917,-0.112574436,-0.19256534,-0.021206781,18669954,7,505,0.013649777,33
7000079000160,21000700000588,7000079000164,7000079000000,21,4.888449,7000079000161,-1,7000079000159,7000079000160,-1,49,2.6680357,2.6680357,3.0122986,31078,22.14076,5.9331203,56.144993,153820,2,0,6,8.070041,47.747124,-71.23887,53.197296,95.14253,-0.09696315,-0.11499076,0.069880165,18668171,7,588,0.010661546,338
7000079000161,20000700000666,7000079000164,7000079000000,20,5.2888336,7000079000162,-1,7000079000160,7000079000161,-1,36,2.6680357,2.6680357,2.6680357,31078,22.17169,5.9068537,56.182865,153820,2,0,6,2.8399498,36.620037,-84.93161,65.591095,109.10443,-0.04207428,0.051871408,0.027163798,18669959,7,666,0.006562767,419
7000079000162,19000700000586,7000079000164,7000079000000,19,5.7238646,7000079000163,-1,7000079000161,7000079000162,-1,32,2.4098387,2.4098387,2.6680357,31078,22.185404,5.8873014,56.236324,153820,2,0,6,8.370893,40.398125,-85.07683,58.114483,100.272514,-0.042573392,-0.009336975,9.9013625E-5,18668171,7,586,0.0066719684,515
7000079000163,18000700000436,7000079000164,7000079000000,18,6.1968336,7000079000164,-1,7000079000162,7000079000163,-1,31,2.1516418,2.1516418,2.1516418,31078,22.185411,5.8639755,56.303555,153820,2,0,6,16.774176,38.41182,-92.26841,54.312332,98.6867,0.012950482,-0.039083216,0.049486797,18668218,7,436,0.00713839,772
7000079000164,17000700000494,7000079000164,7000079000000,17,6.7115865,-1,-1,7000079000163,7000079000164,-1,24,1.8934448,1.8934448,1.8934448,31077,22.186647,5.8273726,56.318333,153806,2,0,6,9.652556,47.170673,-97.046265,51.030445,87.38995,-0.08113481,-0.11790659,0.041282512,18668192,7,494,0.006807698,740
7000079000165,27000700000243,7000079000168,7000079000000,27,3.060419,7000079000166,-1,7000079000153,7000079000154,-1,29,0.0,0.0,0.0,31078,22.126682,6.2734175,55.977936,153820,2,0,6,40.719437,65.17897,-243.44582,41.975952,57.521076,-0.31790677,0.23936674,0.63963646,18667761,7,243,0.025414325,755
7000079000166,26000700000867,7000079000168,7000079000000,26,3.3080978,7000079000167,-1,7000079000165,7000079000166,-1,43,1.3770508,1.3770508,1.3770508,31078,22.435253,6.1361427,56.224285,153820,2,0,6,50.04813,122.551956,-237.13217,42.975113,80.481895,-0.015948981,-0.18879338,0.024401551,18668088,7,867,0.022649547,505
7000079000167,25000700002601,7000079000168,7000079000000,25,3.575905,7000079000168,-1,7000079000166,7000079000167,-1,24,1.6352477,1.6352477,1.7213135,31078,22.518398,6.17698,56.383453,153821,2,0,6,-30.982107,-15.660404,-184.32529,39.878708,74.67733,-0.012061938,0.0048666657,-0.06574701,18670054,7,2601,0.009579251,266
7000079000168,24000700002344,7000079000168,7000079000000,24,3.8656828,-1,-1,7000079000167,7000079000168,-1,24,1.8073791,1.8073791,1.8934448,31078,22.527773,6.1788554,56.50456,153821,2,0,6,-28.114397,-6.101322,-177.17429,38.009075,79.0656,-0.0188203,-0.027584746,-0.057688743,18670117,7,2344,0.009722578,506
7000079000169,29000700002038,7000079000171,7000079000000,29,2.6188614,7000079000170,-1,7000079000151,7000079000169,-1,30,2.4959044,2.4959044,2.4959044,31078,22.356428,6.1416383,55.91783,153820,2,0,6,-86.09819,40.42305,-238.73537,39.12615,74.58216,-0.09425485,0.1376718,-0.027433757,18670146,7,2038,0.013033138,681
7000079000170,28000700001344,7000079000171,7000079000000,28,2.8311827,7000079000171,-1,7000079000169,7000079000170,-1,37,2.840167,2.7541015,2.840167,31078,22.408524,6.133225,56.044018,153820,2,0,6,-67.60913,5.1849885,-228.6759,40.97328,73.81265,0.055202518,0.041755624,-0.026931975,18670146,7,1344,0.013976632,929
7000079000171,27000700001330,7000079000171,7000079000000,27,3.060419,-1,-1,7000079000170,7000079000171,-1,29,3.098364,2.840167,3.5286925,31078,22.466967,6.1668696,56.1657,153821,2,0,6,-56.45164,-16.768652,-224.96123,44.551983,76.649086,0.041637916,-0.08089497,-0.062386893,18670045,7,1330,0.009800552,792
7000079000172,40000700000208,7000079000204,7000079000000,40,1.0778745,7000079000173,-1,7000079000140,7000079000023,7000079000114,48,0.0,0.0,0.0,31078,22.258726,6.8325825,55.158085,153816,2,0,6,-33.943005,87.16575,-92.39942,76.271255,125.86042,-0.017991688,-0.014093649,0.036750864,18668295,7,208,0.0059590912,341
7000079000173,39000700000388,7000079000204,7000079000000,39,1.173417,7000079000174,-1,7000079000172,7000079000142,-1,57,0.0,0.0,0.0,31078,22.274715,6.782452,55.205753,153816,2,0,6,1.0610914,126.812,-61.291725,71.264046,117.124626,-0.07274848,-0.058641765,0.15538792,18668092,7,388,0.008693551,480
7000079000174,37000700000335,7000079000204,7000079000000,37,1.3857181,7000079000175,-1,7000079000173,7000079000144,-1,79,0.0,0.0,0.0,31078,22.358778,6.579715,55.227333,153816,2,0,6,-164.35585,187.84367,-83.71832,70.932846,122.82822,-0.16254517,-0.14528929,0.10126632,18668092,7,335,0.01004478,890
7000079000175,36000700000328,7000079000204,7000079000000,36,1.5036365,7000079000176,-1,7000079000174,7000079000145,-1,121,0.0,0.0,0.0,31078,22.44243,6.484091,55.28232,153816,2,0,6,-149.55762,154.04169,-144.77365,71.04516,123.73675,-0.22581428,0.015123915,0.07886221,18668351,7,328,0.016155373,558
7000079000176,35000700000333,7000079000204,7000079000000,35,1.6302707,7000079000177,-1,7000079000175,7000079000146,-1,156,0.0,0.0,0.0,31078,22.520926,6.408333,55.38621,153817,2,0,6,-123.06403,125.024666,-169.63503,74.73338,130.06767,-0.34270853,-0.05511201,0.07264271,18668351,7,333,0.019530587,669
7000079000177,34000700000636,7000079000204,7000079000000,34,1.766336,7000079000178,-1,7000079000176,7000079000177,-1,188,16.696741,16.180346,17.2992,31078,22.59397,6.338583,55.48161,153817,2,0,6,-101.68377,113.9405,-179.77118,73.155624,135.25552,-0.27827543,-0.06784278,-0.12072653,18668252,7,636,0.020964783,251
7000079000178,33000700000641,7000079000204,7000079000000,33,1.9126327,7000079000179,-1,7000079000177,7000079000178,-1,191,16.524609,15.405755,17.643463,31078,22.644924,6.276831,55.583057,153817,2,0,6,-83.69714,98.86955,-185.52972,70.01589,124.19475,-0.27838638,-0.0995406,-0.09526468,18668196,7,641,0.024219995,431
7000079000179,32000700000575,7000079000204,7000079000000,32,2.0700274,7000079000180,-1,7000079000178,7000079000179,-1,191,17.12707,15.922149,17.213135,31078,22.659046,6.2290487,55.66714,153821,2,0,6,-68.104355,95.25343,-181.24239,75.72061,127.0047,-0.1388155,-0.364856,0.055605184,18668298,7,575,0.02399362,704
7000079000180,31000700000576,7000079000204,7000079000000,31,2.2394855,7000079000181,-1,7000079000179,7000079000180,-1,182,15.836083,15.405755,16.008215,31078,22.716066,6.1809325,55.785522,153821,2,0,6,-57.955536,90.59034,-177.19235,90.835434,150.49457,-0.21269771,-0.29498836,0.03399264,18668252,7,576,0.016860396,152
7000079000181,30000700000505,7000079000204,7000079000000,30,2.422044,7000079000182,-1,7000079000180,7000079000181,-1,175,12.909851,12.909851,13.51231,31078,22.760738,6.1038365,55.921154,153821,2,0,6,-46.60791,79.09863,-176.10822,74.97066,121.6564,-0.32156911,-0.2597419,0.07154068,18668351,7,505,0.024007829,752
7000079000182,29000700000566,7000079000196,7000079000000,29,2.6188614,7000079000183,7000079000197,7000079000181,7000079000182,7000079000197,100,6.6270566,6.4549255,6.971319,31078,22.820158,6.0290465,56.015797,153821,2,0,6,-42.436558,99.98883,-170.85872,61.68556,108.46128,-0.15496017,-0.26436633,-0.09416393,18668266,7,566,0.017655473,822
7000079000183,28000700001142,7000079000196,7000079000000,28,2.8311827,7000079000184,-1,7000079000182,7000079000183,-1,63,5.8524656,5.8524656,5.9385314,31078,22.843103,5.967447,56.09994,153821,2,0,6,-60.011707,110.73712,-160.21674,63.241642,119.97046,0.009647658,0.06016173,-0.19958787,18668252,7,1142,0.009463266,30
7000079000184,27000700000490,7000079000196,7000079000000,27,3.060419,7000079000185,-1,7000079000183,7000079000184,7000079000199,56,4.991809,4.8196774,5.3360715,31078,22.879522,5.9126635,56.199306,153821,2,0,6,-49.094337,99.09744,-157.50409,58.764126,107.07473,0.0547018,-0.019391054,-0.07705217,18668298,7,490,0.010388093,697
7000079000185,26000700001006,7000079000196,7000079000000,26,3.3080978,7000079000186,-1,7000079000184,7000079000185,-1,56,5.3360715,5.1639404,5.3360715,31077,22.917597,5.8508396,56.294456,153807,2,0,6,-42.05514,85.415054,-153.8236,59.244682,108.70904,0.093167864,-0.025016323,-0.098276734,18668346,7,1006,0.009222225,792
7000079000186,25000700000991,7000079000196,7000079000000,25,3.575905,7000079000187,-1,7000079000185,7000079000186,-1,50,4.3893495,4.3893495,4.3893495,31077,22.9147,5.7940516,56.384117,153807,2,0,6,-43.98677,74.40776,-157.34198,57.87203,104.641815,0.03434473,-0.0075116693,-0.20571846,18668253,7,991,0.010115818,187
7000079000187,24000700001000,7000079000196,7000079000000,24,3.8656828,7000079000188,-1,7000079000186,7000079000187,-1,49,3.442627,3.442627,3.8729553,31077,22.928617,5.765353,56.489487,153807,2,0,6,-35.532635,72.04922,-149.0957,52.076385,97.83494,0.029253962,0.0020303414,-0.13998128,18668260,7,1000,0.009766907,283
7000079000188,23000700000761,7000079000196,7000079000000,23,4.1794686,7000079000189,-1,7000079000187,7000079000188,-1,55,2.4959044,2.4959044,3.098364,31077,23.006767,5.721268,56.546455,153807,2,0,6,-19.132313,70.582466,-138.20686,55.272552,89.44076,0.08833931,0.17077276,-0.13696487,18668345,7,761,0.013111003,535
7000079000189,22000700000578,7000079000196,7000079000000,22,4.5195556,7000079000190,-1,7000079000188,7000079000189,-1,60,3.9590209,3.8729553,4.0450864,31077,22.975117,5.6992826,56.63117,153807,2,0,6,-13.374075,63.54103,-128.90028,61.023613,103.95916,0.14357173,0.15129408,-0.13243671,18668260,7,578,0.011113647,684
7000079000190,21000700000374,7000079000196,7000079000000,21,4.888449,7000079000191,-1,7000079000189,7000079000190,-1,68,3.7868896,3.7868896,3.8729553,31076,22.990055,5.660823,56.69839,153835,2,0,6,-7.3007855,59.762367,-133.66098,64.30205,112.35431,0.06608424,0.050577916,-0.08997325,18668260,7,374,0.010961668,227
7000079000191,20000700000439,7000079000196,7000079000000,20,5.2888336,7000079000192,-1,7000079000190,7000079000191,-1,51,3.7868896,3.7868896,3.7868896,31076,22.978077,5.621494,56.775135,153835,2,0,6,-10.11973,52.90863,-117.58109,64.30721,114.11705,0.036658403,0.04903591,-0.042890746,18668363,7,439,0.008553409,439
7000079000192,19000700000350,7000079000196,7000079000000,19,5.7238646,7000079000193,-1,7000079000191,7000079000192,-1,48,3.7008238,3.7008238,3.7868896,31076,22.97983,5.601517,56.8226,153835,2,0,6,-1.5132936,51.807686,-117.53474,71.211586,123.01297,0.062941544,0.11015241,0.034190472,18668408,7,350,0.007381041,379
7000079000193,18000700000296,7000079000196,7000079000000,18,6.1968336,7000079000194,-1,7000079000192,7000079000193,-1,43,3.3565612,3.3565612,3.442627,31076,22.990017,5.5667977,56.877754,153835,2,0,6,4.974432,49.01035,-110.23616,64.06434,114.14992,0.063281275,0.1253004,0.058220383,18668257,7,296,0.006686626,111
7000079000194,17000700000275,7000079000196,7000079000000,17,6.7115865,7000079000195,-1,7000079000193,7000079000194,-1,35,2.840167,2.840167,2.9262328,31076,22.998547,5.515341,56.94031,153835,2,0,6,2.758153,66.825485,-124.926735,71.47296,122.83556,0.019253425,0.03383203,-0.0062173475,18668351,7,275,0.004732497,909
7000079000195,16000700000204,7000079000196,7000079000000,16,7.272188,7000079000196,-1,7000079000194,7000079000195,-1,31,2.6680357,2.6680357,2.6680357,31076,23.010023,5.489324,57.00559,153835,2,0,6,4.256902,67.54245,-123.37126,75.75287,129.95164,0.022274768,0.004953695,-0.029131614,18668265,7,204,0.003672398,665
7000079000196,15000700000177,7000079000196,7000079000000,15,7.8832035,-1,-1,7000079000195,7000079000196,-1,25,1.549182,1.549182,1.549182,31076,23.004757,5.477995,57.07358,153835,2,0,6,15.185758,63.005356,-121.24954,64.54659,107.06223,0.012019613,-0.039419707,-0.020129403,18668374,7,177,0.004476723,616
7000079000197,29000700000567,7000079000204,7000079000000,29,2.6188614,7000079000198,-1,7000079000181,7000079000182,-1,37,0.0,0.0,0.0,31078,22.73283,6.118586,55.94688,153821,2,0,6,-17.562819,46.629967,-150.68332,57.573174,99.28166,-0.051779486,-0.036916748,0.09839199,18668096,7,567,0.009162265,49
7000079000198,28000700000990,7000079000204,7000079000000,28,2.8311827,7000079000199,-1,7000079000197,7000079000198,-1,68,6.1106625,5.9385314,6.196728,31078,22.743576,6.086319,56.05161,153821,2,0,6,-7.9943266,58.014305,-168.77289,56.592857,96.576935,-0.20976053,-0.22811702,-0.061577734,18668096,7,990,0.014263648,413
7000079000199,27000700000489,7000079000204,7000079000000,27,3.060419,7000079000200,-1,7000079000198,7000079000184,-1,68,0.0,0.0,0.0,31078,22.720676,6.054637,56.130646,153821,2,0,6,1.8440797,68.408,-177.72462,56.6796,97.68441,-0.11237341,-0.12360757,0.035634708,18668101,7,489,0.014228378,206
7000079000200,26000700000759,7000079000204,7000079000000,26,3.3080978,7000079000201,-1,7000079000199,7000079000200,-1,77,6.282794,6.282794,6.282794,31078,22.708893,6.027421,56.228558,153821,2,0,6,12.424604,71.3404,-178.90845,64.70858,102.75847,-0.16412811,-0.013190612,0.0056107906,18668096,7,759,0.014867548,93
7000079000201,25000700000640,7000079000204,7000079000000,25,3.575905,7000079000202,-1,7000079000200,7000079000201,-1,82,6.6270566,6.6270566,7.4016476,31078,22.723429,5.9641056,56.33198,153821,2,0,6,21.132357,73.61727,-187.55121,77.8706,121.84508,-0.13926522,0.02930891,-0.029116774,18674951,7,640,0.011943836,625
7000079000202,24000700000520,7000079000204,7000079000000,24,3.8656828,7000079000203,-1,7000079000201,7000079000202,-1,83,5.1639404,5.1639404,5.594269,31078,22.691736,5.937756,56.419014,153821,2,0,6,23.246307,79.72655,-186.34378,68.706696,106.76241,-0.12306757,-0.16866244,-0.0018141995,18668355,7,520,0.015037973,548
7000079000203,23000700000589,7000079000204,7000079000000,23,4.1794686,7000079000204,-1,7000079000202,7000079000203,-1,60,2.1516418,2.1516418,2.1516418,31077,22.73455,5.846648,56.55406,153807,2,0,6,36.910618,92.3082,-204.56929,52.732994,84.743355,-0.06270935,-0.14054373,-0.041164152,18674943,7,589,0.019353582,993
7000079000204,22000700001450,7000079000204,7000079000000,22,4.5195556,-1,-1,7000079000203,7000079000204,-1,23,1.7213135,1.7213135,1.8073791,31077,22.732477,5.7942243,56.63752,153807,2,0,6,23.130398,93.0254,-184.3387,47.39071,79.03807,0.036002327,-0.1075997,0.11001386,18668096,7,1450,0.009299031,258
7000079000205,58000700003559,7000079000215,7000079000000,58,0.11588337,7000079000206,-1,7000079000003,7000079000205,-1,22,1.9795104,1.2049193,1.2909851,31001,22.638666,6.974371,54.242676,152063,2,0,6,-41.277508,177.98158,-0.9804824,19.410738,46.527554,-0.17482616,0.07724709,-0.04334071,18669393,7,3559,0.020517796,242
7000079000206,57000700002580,7000079000215,7000079000000,57,0.14438343,7000079000207,-1,7000079000205,7000079000206,-1,23,1.9795104,1.2049193,1.8073791,31001,22.64541,6.9240246,54.241314,152063,2,0,6,-32.279667,168.73866,-9.2753525,21.019653,46.782898,-0.112597644,0.13565361,-0.046826478,18669098,7,2580,0.021661088,244
7000079000207,56000700003022,7000079000215,7000079000000,56,0.17489761,7000079000208,-1,7000079000206,7000079000207,-1,23,1.9795104,1.549182,1.8073791,31001,22.648375,6.878402,54.240746,152063,2,0,6,-25.55896,161.19641,-16.41853,22.376228,49.800568,-0.08984495,0.14390248,-0.04887005,18669098,7,3022,0.018584296,836
7000079000208,55000700003474,7000079000215,7000079000000,55,0.20754863,7000079000209,-1,7000079000207,7000079000208,-1,22,1.8934448,1.6352477,1.6352477,31001,22.657055,6.833555,54.248314,152061,2,0,6,-18.716316,152.71661,-23.140554,23.890629,49.027092,-0.06957579,0.18986788,-0.06085533,18669393,7,3474,0.019299896,854
7000079000209,54000700003535,7000079000215,7000079000000,54,0.24246909,7000079000210,-1,7000079000208,7000079000209,-1,21,2.2377074,1.8073791,1.8934448,31001,22.65536,6.7767243,54.254776,152061,2,0,6,-14.427301,147.98392,-28.172432,27.931253,57.512627,-0.124475025,0.11296019,-0.03407363,18668892,7,3535,0.013469329,89
7000079000210,53000700003325,7000079000215,7000079000000,53,0.2798018,7000079000211,-1,7000079000209,7000079000210,-1,22,2.065576,1.6352477,1.8073791,31001,22.658382,6.721933,54.266285,152061,2,0,6,-7.364303,136.85942,-35.836967,26.23065,52.05717,-0.050357755,0.052428503,0.07481931,18668892,7,3325,0.01749865,78
7000079000211,52000700003635,7000079000215,7000079000000,52,0.31970343,7000079000212,-1,7000079000210,7000079000211,-1,22,2.2377074,1.6352477,1.9795104,31001,22.658669,6.679004,54.275658,152061,2,0,6,-3.5320773,131.21118,-36.670418,28.31919,54.544846,-0.11410479,0.08149775,-0.010818734,18668892,7,3635,0.017107189,309
7000079000212,51000700003750,7000079000215,7000079000000,51,0.36234027,7000079000213,-1,7000079000211,7000079000212,-1,23,1.9795104,1.8073791,1.9795104,31001,22.66709,6.6327353,54.275845,152061,2,0,6,2.1144876,123.807434,-39.748962,25.042757,50.26673,-0.049448445,0.1637594,-0.02983399,18668888,7,3750,0.017579522,358
7000079000213,50000700004016,7000079000215,7000079000000,50,0.40789944,7000079000214,-1,7000079000212,7000079000213,-1,22,1.8934448,1.549182,1.8934448,31001,22.672512,6.591573,54.29593,152061,2,0,6,4.4924173,117.90161,-45.665165,23.731834,49.258972,-0.107741706,0.07862118,-0.01667515,18669393,7,4016,0.020590596,765
7000079000214,49000700004299,7000079000215,7000079000000,49,0.45657724,7000079000215,-1,7000079000213,7000079000214,-1,20,1.7213135,1.2909851,1.549182,31001,22.658918,6.537891,54.304245,152061,2,0,6,4.703696,110.51894,-50.259804,27.508211,54.588383,-0.07142652,0.032767255,3.382402E-4,18668888,7,4299,0.016512726,280
7000079000215,48000700004193,7000079000215,7000079000000,48,0.5085914,-1,-1,7000079000214,7000079000215,-1,21,1.549182,1.2049193,1.549182,31001,22.66542,6.4949894,54.328968,152061,2,0,6,10.407775,108.28066,-54.233902,27.103052,53.92951,-0.10418088,0.08974083,0.017337354,18668888,7,4193,0.014509664,418
7000079000216,62000700000252,7000079000264,7000079000000,62,0.019932542,7000079000217,-1,7000079000000,7000079000001,-1,21,0.0,0.0,0.0,31001,22.457924,7.2954326,54.141945,152062,2,0,6,56.35492,53.388992,-138.72151,25.893423,50.34693,0.045512363,-0.020061925,-6.859861E-4,18545462,7,252,0.017708266,280
7000079000217,61000700000244,7000079000264,7000079000000,61,0.041403063,7000079000218,-1,7000079000216,7000079000002,-1,38,0.0,0.0,0.0,31001,22.449808,7.28635,54.183544,152062,2,0,6,64.068924,68.64648,-167.87332,35.157406,57.44428,-0.07504817,0.2956212,-0.10369891,18545462,7,244,0.025212573,268
7000079000218,60000700000296,7000079000264,7000079000000,60,0.064493395,7000079000219,-1,7000079000217,7000079000003,-1,39,0.0,0.0,0.0,31001,22.438993,7.264565,54.24001,152062,2,0,6,74.23198,93.14923,-230.20709,40.11954,62.509293,-0.04806986,0.29569197,-0.13417412,18546022,7,296,0.020879598,0
7000079000219,59000700000235,7000079000264,7000079000000,59,0.08928783,7000079000220,-1,7000079000218,7000079000004,-1,35,0.0,0.0,0.0,31001,22.41742,7.2427044,54.309032,152062,2,0,6,71.68615,121.54148,-328.12006,50.343773,77.511086,0.049883384,0.12561528,-0.13072494,18698945,7,235,0.011964071,387
7000079000220,57000700000244,7000079000264,7000079000000,57,0.14438343,7000079000221,-1,7000079000219,7000079000006,-1,39,0.0,0.0,0.0,31001,22.42649,7.2032266,54.557148,152062,2,0,6,-166.75848,-83.80055,-465.2998,53.85149,82.51707,0.113364056,-0.050034154,-0.033010792,18698945,7,244,0.012802642,852
7000079000221,56000700000253,7000079000264,7000079000000,56,0.17489761,7000079000222,-1,7000079000220,7000079000007,-1,119,0.0,0.0,0.0,31001,22.471655,7.2313366,54.668198,152063,2,0,6,-143.77232,-128.55772,-325.57333,60.341103,101.07613,0.15080433,-0.40734902,-0.022809403,18546022,7,253,0.023715364,234
7000079000222,55000700000307,7000079000264,7000079000000,55,0.20754863,7000079000223,-1,7000079000221,7000079000008,-1,142,0.0,0.0,0.0,31078,22.51333,7.276024,54.758007,153819,2,0,6,-119.14395,-123.516235,-268.04773,58.414883,102.99275,0.02570969,-0.43989486,0.15844347,18670322,7,307,0.028290655,108
7000079000223,54000700000247,7000079000264,7000079000000,54,0.24246909,7000079000224,-1,7000079000222,7000079000009,-1,211,0.0,0.0,0.0,31078,22.55178,7.319325,54.839397,153819,2,0,6,-106.994835,-117.69295,-234.41882,59.994865,102.96789,-0.026168896,-0.08772592,0.34391302,18670322,7,247,0.037288085,15
7000079000224,53000700000686,7000079000264,7000079000000,53,0.2798018,7000079000225,-1,7000079000223,7000079000224,-1,280,29.950853,20.311499,26.336096,31078,22.580032,7.3483133,54.920517,153819,2,0,6,-95.29391,-106.11407,-210.72551,56.915287,103.42614,-0.003270448,-0.09450849,0.40219203,18670328,7,686,0.051934026,284
7000079000225,52000700000287,7000079000264,7000079000000,52,0.31970343,7000079000226,-1,7000079000224,7000079000011,-1,259,0.0,0.0,0.0,31078,22.622332,7.3965373,54.985992,153819,2,0,6,-87.85962,-92.9157,-195.84904,59.31505,100.11563,0.1256612,-0.18229,0.51794666,18546004,7,287,0.050513115,561
7000079000226,51000700000721,7000079000264,7000079000000,51,0.36234027,7000079000227,-1,7000079000225,7000079000226,-1,293,24.27052,17.557398,21.946747,31078,22.638382,7.4235206,55.062733,153819,2,0,6,-79.92805,-82.79694,-182.7375,58.318314,102.61774,0.24940704,-0.0040955106,0.6475412,18698945,7,721,0.05319008,660
7000079000227,50000700000753,7000079000264,7000079000000,50,0.40789944,7000079000228,-1,7000079000226,7000079000227,-1,285,24.184454,17.901659,22.118877,31078,22.65871,7.4565434,55.131363,153819,2,0,6,-68.67297,-78.78169,-176.75444,58.69434,103.024414,-0.08703766,-0.15073958,0.30617929,18669754,7,753,0.0525228,857
7000079000228,49000700000791,7000079000264,7000079000000,49,0.45657724,7000079000229,-1,7000079000227,7000079000228,-1,272,23.495928,18.245922,21.86068,31078,22.67363,7.4911213,55.20225,153819,2,0,6,-60.149094,-73.75755,-171.99457,58.513687,101.87977,-0.18525879,-0.19476712,0.053519964,18546004,7,791,0.05147034,159
7000079000229,48000700000761,7000079000264,7000079000000,48,0.5085914,7000079000230,-1,7000079000228,7000079000229,-1,275,24.184454,18.590185,21.602484,31078,22.698586,7.528873,55.28793,153819,2,0,6,-53.67223,-69.49679,-165.84995,60.60422,104.216354,-0.21590254,-0.23861459,-0.08263927,18669743,7,761,0.04803773,684
7000079000230,47000700000744,7000079000264,7000079000000,47,0.5641766,7000079000231,-1,7000079000229,7000079000230,-1,280,23.237732,18.418055,22.291008,31078,22.730057,7.5513787,55.367836,153819,2,0,6,-50.694077,-64.73055,-161.22144,61.96725,106.11852,-0.13415128,-0.2842723,-0.016956188,18670328,7,744,0.049227424,530
7000079000231,46000700000772,7000079000264,7000079000000,46,0.6235901,7000079000232,-1,7000079000230,7000079000231,-1,259,22.291008,18.67625,21.430351,31078,22.758226,7.59254,55.44765,153819,2,0,6,-47.23568,-57.83505,-153.14104,63.1782,106.55232,0.09141515,-0.29260036,0.0059059663,18669754,7,772,0.045560796,764
7000079000232,45000700000796,7000079000264,7000079000000,45,0.6871088,7000079000233,-1,7000079000231,7000079000232,-1,246,21.516418,18.934448,20.655762,31078,22.778023,7.617625,55.51118,153819,2,0,6,-44.484543,-54.955624,-149.79352,66.11769,110.151276,0.106307305,-0.43843892,0.13759945,18669751,7,796,0.03911557,517
7000079000233,44000700000826,7000079000264,7000079000000,44,0.75503564,7000079000234,-1,7000079000232,7000079000233,-1,236,19.622972,18.159857,18.934448,31078,22.780674,7.643233,55.5756,153819,2,0,6,-41.18905,-53.29443,-143.02173,68.57426,114.53514,0.06570983,-0.41860345,0.063396946,18669751,7,826,0.03451939,460
7000079000234,43000700000853,7000079000264,7000079000000,43,0.8276991,7000079000235,-1,7000079000233,7000079000234,-1,209,17.47133,16.524609,17.385265,31078,22.791414,7.672445,55.638603,153819,2,0,6,-37.0651,-49.921116,-141.07294,65.87517,111.37359,0.16590334,-0.61905795,0.095859736,18669747,7,853,0.03255531,590
7000079000235,42000700000859,7000079000264,7000079000000,42,0.9054624,7000079000236,-1,7000079000234,7000079000235,-1,200,16.438543,12.393456,16.266413,31078,22.800896,7.681204,55.695374,153823,2,0,6,-36.666374,-48.192482,-141.55212,59.117855,96.328415,0.13144585,-0.659755,0.07728735,18669743,7,859,0.04111569,641
7000079000236,41000700000880,7000079000264,7000079000000,41,0.98870814,7000079000237,-1,7000079000235,7000079000236,-1,202,12.565588,9.983618,12.049194,31078,22.813442,7.7074738,55.761353,153823,2,0,6,-33.391495,-42.180573,-137.92311,51.50906,89.98257,0.22935915,-0.56669617,0.09415377,18669754,7,880,0.04934513,522
7000079000237,40000700000977,7000079000252,7000079000000,40,1.0778745,7000079000238,7000079000253,7000079000236,7000079000237,7000079000253,123,9.467224,8.004107,9.381158,31078,22.793964,7.7047234,55.81896,153823,2,0,6,-15.704644,-33.16468,-128.39235,50.015892,84.46733,0.076979645,-0.37343377,0.26375556,18669751,7,977,0.033914417,265
7000079000238,39000700001223,7000079000252,7000079000000,39,1.173417,7000079000239,-1,7000079000237,7000079000238,-1,114,8.434436,7.1434507,8.262304,31078,22.803392,7.7278433,55.87937,153823,2,0,6,-12.868407,-27.315922,-129.07547,51.467003,84.04493,0.24342431,-0.12279455,0.09232112,18669751,7,1223,0.031835213,470
7000079000239,38000700001170,7000079000252,7000079000000,38,1.2758462,7000079000240,-1,7000079000238,7000079000239,-1,116,7.4877133,6.282794,7.4877133,31078,22.77339,7.7486563,55.963444,153823,2,0,6,-14.913079,-23.86971,-123.98145,48.941925,82.53247,0.08837184,-0.060463477,0.14873046,18670311,7,1170,0.034015372,864
7000079000240,37000700001144,7000079000252,7000079000000,37,1.3857181,7000079000241,-1,7000079000239,7000079000240,-1,110,6.885254,6.4549255,6.971319,31078,22.783812,7.786851,56.019672,153823,2,0,6,-14.877378,-20.828016,-126.361244,48.556347,83.543755,0.087823555,-0.15907745,0.11349267,18670311,7,1144,0.031367775,995
7000079000241,36000700001226,7000079000252,7000079000000,36,1.5036365,7000079000242,-1,7000079000240,7000079000241,-1,101,5.9385314,5.7664,6.024597,31078,22.782608,7.80515,56.13396,153823,2,0,6,-16.927906,-13.4771,-123.97235,51.106293,82.39817,0.03859892,-0.2006524,0.31277096,18669752,7,1226,0.02809017,86
7000079000242,35000700001271,7000079000252,7000079000000,35,1.6302707,7000079000243,-1,7000079000241,7000079000242,-1,92,5.4221373,4.905743,5.4221373,30873,22.805567,7.825505,56.208923,154701,2,0,6,-21.533684,-8.917366,-120.85678,54.353485,86.283936,0.031541713,-0.29392868,0.33129162,18669743,7,1271,0.026832815,778
7000079000243,34000700001389,7000079000252,7000079000000,34,1.766336,7000079000244,-1,7000079000242,7000079000243,-1,74,4.991809,4.6475463,4.991809,30873,22.822704,7.8272614,56.259506,154701,2,0,6,-21.794754,-0.18714674,-117.88123,50.92502,82.10436,0.10907096,-0.21972671,0.48560593,18669754,7,1389,0.025954464,80
7000079000244,33000700001393,7000079000252,7000079000000,33,1.9126327,7000079000245,-1,7000079000243,7000079000244,-1,72,3.3565612,2.840167,3.5286925,31078,22.86003,7.811014,56.291786,153823,2,0,6,-21.400208,3.360707,-110.37044,46.349323,74.483635,0.09171947,-0.18630497,0.5340264,18545466,7,1393,0.029436238,818
7000079000245,32000700002690,7000079000250,7000079000000,32,2.0700274,7000079000246,7000079000251,7000079000244,7000079000245,-1,32,1.9795104,1.8934448,1.9795104,31078,22.900784,7.7761054,56.33744,153823,2,0,6,-50.9377,32.89973,-93.92238,34.638725,71.64673,0.08481528,-0.056979973,0.030727692,18670323,7,2690,0.017646264,555
7000079000246,31000700003902,7000079000250,7000079000000,31,2.2394855,7000079000247,-1,7000079000245,7000079000246,-1,20,1.549182,1.549182,1.6352477,31078,22.91744,7.7465696,56.392097,153823,2,0,6,-43.216816,42.628536,-91.47734,34.772873,68.28341,0.07840131,-0.014110483,-0.06032457,18669758,7,3902,0.009469445,254
7000079000247,30000700003817,7000079000250,7000079000000,30,2.422044,7000079000248,-1,7000079000246,7000079000247,-1,21,1.7213135,1.6352477,1.7213135,31078,22.95022,7.7370076,56.451645,153823,2,0,6,-40.022636,32.678654,-101.775475,30.48693,64.34704,0.0108441925,0.017381636,-0.0024488803,18669758,7,3817,0.011077256,425
7000079000248,29000700003207,7000079000250,7000079000000,29,2.6188614,7000079000249,-1,7000079000247,7000079000248,-1,23,1.8073791,1.8073791,1.8934448,31078,22.956009,7.7143736,56.517635,153823,2,0,6,-37.41557,30.442204,-101.89923,37.46872,67.50478,0.008253213,0.030266821,0.014294514,18670317,7,3207,0.011372791,262
7000079000249,28000700003388,7000079000250,7000079000000,28,2.8311827,7000079000250,-1,7000079000248,7000079000249,-1,21,1.8073791,1.8073791,1.9795104,31078,22.978598,7.694149,56.57762,153823,2,0,6,-41.02296,27.016415,-100.44773,38.4453,72.5899,0.09131078,-0.03420029,0.02481684,18670317,7,3388,0.008426035,75
7000079000250,27000700003269,7000079000250,7000079000000,27,3.060419,-1,-1,7000079000249,7000079000250,-1,20,1.4631164,1.4631164,1.4631164,31078,22.998732,7.6889477,56.63477,153823,2,0,6,-36.48629,25.499538,-100.177,34.330505,66.15368,0.11215292,-0.005802499,-5.7508086E-4,18670317,7,3269,0.01031334,480
7000079000251,32000700002765,7000079000252,7000079000000,32,2.0700274,7000079000252,-1,7000079000244,7000079000251,-1,29,2.065576,2.065576,2.2377074,31078,22.769222,7.7610435,56.387943,153823,2,0,6,11.958779,-19.42308,-120.233475,32.530666,61.80914,-0.04803522,-0.25512037,0.0419924,18545466,7,2765,0.016189093,474
7000079000252,31000700003125,7000079000252,7000079000000,31,2.2394855,-1,-1,7000079000251,7000079000252,-1,25,1.2909851,1.2049193,1.4631164,31078,22.794374,7.777073,56.44426,153823,2,0,6,2.9248543,-20.746334,-106.37372,31.333866,58.77485,-0.15503299,-0.18803085,0.08353589,18545420,7,3125,0.013929329,154
7000079000253,40000700000978,7000079000264,7000079000000,40,1.0778745,7000079000254,-1,7000079000236,7000079000237,-1,38,0.0,0.0,0.0,31078,22.972733,7.7634053,55.91762,153823,2,0,6,-76.07771,-48.26294,-149.41733,35.100536,63.65569,0.22480135,0.061044022,-0.07825071,18545977,7,978,0.019161848,468
7000079000254,39000700002685,7000079000264,7000079000000,39,1.173417,7000079000255,-1,7000079000253,7000079000254,-1,36,3.5286925,3.098364,3.442627,31078,23.004278,7.784988,55.996185,153823,2,0,6,-67.30699,-46.503963,-137.41815,39.73783,77.22809,0.17056672,-0.0409843,-0.03709146,18545977,7,2685,0.016589139,558
7000079000255,38000700002737,7000079000264,7000079000000,38,1.2758462,7000079000256,-1,7000079000254,7000079000255,-1,38,3.18443,3.0122986,3.18443,31078,23.028711,7.8004794,56.07839,153823,2,0,6,-61.577553,-42.971,-127.98521,37.70463,71.11717,0.2528331,-0.027696224,-0.016695142,18545977,7,2737,0.014891112,719
7000079000256,37000700002599,7000079000264,7000079000000,37,1.3857181,7000079000257,-1,7000079000255,7000079000256,-1,40,2.840167,2.5819702,2.840167,30873,23.062536,7.8282123,56.140396,154701,2,0,6,-53.640713,-42.30109,-122.49065,36.62463,72.89268,0.16661005,-0.037653808,-0.055800464,18545977,7,2599,0.023170056,737
7000079000257,36000700002849,7000079000264,7000079000000,36,1.5036365,7000079000258,-1,7000079000256,7000079000257,-1,36,2.4959044,2.3237731,2.5819702,30873,23.092075,7.840003,56.204308,154701,2,0,6,-48.1662,-39.321846,-112.98414,34.729725,64.594154,0.112870164,-0.1140649,-0.019194795,18545977,7,2849,0.019350156,796
7000079000258,35000700002655,7000079000264,7000079000000,35,1.6302707,7000079000259,-1,7000079000257,7000079000258,-1,39,2.4098387,2.1516418,2.4959044,30873,23.096094,7.8764224,56.28303,154701,2,0,6,-39.552273,-32.743397,-114.97781,34.590885,64.05027,0.02030875,-0.23163514,0.12131288,18545998,7,2655,0.020257406,150
7000079000259,34000700002601,7000079000264,7000079000000,34,1.766336,7000079000260,-1,7000079000258,7000079000259,-1,34,2.6680357,1.8934448,2.6680357,30873,23.109016,7.891853,56.343468,154701,2,0,6,-28.770184,-39.06353,-100.97834,33.80344,65.44729,0.06039426,-0.05786911,0.05497613,18545998,7,2601,0.02170064,28
7000079000260,33000700002259,7000079000264,7000079000000,33,1.9126327,7000079000261,-1,7000079000259,7000079000260,-1,40,2.065576,2.065576,2.065576,30873,23.115763,7.9151025,56.389027,154701,2,0,6,-27.823547,-43.78786,-102.57366,36.939636,66.81759,0.09662586,-0.017384201,-0.111297235,18545998,7,2259,0.021397928,460
7000079000261,32000700002958,7000079000264,7000079000000,32,2.0700274,7000079000262,-1,7000079000260,7000079000261,-1,27,2.4098387,2.3237731,2.4098387,30873,23.141006,7.9234595,56.450478,154701,2,0,6,-19.651863,-39.83561,-95.79212,34.086414,66.57093,0.13352698,-0.0872808,-0.105172925,18546010,7,2958,0.013951109,714
7000079000262,31000700003028,7000079000264,7000079000000,31,2.2394855,7000079000263,-1,7000079000261,7000079000262,-1,30,1.8934448,1.8934448,1.8934448,30873,23.142586,7.938769,56.491844,154701,2,0,6,-24.100471,-38.022514,-87.22277,41.931793,68.120926,0.13173497,-0.031839956,-0.019209888,18546010,7,3028,0.0155567005,389
7000079000263,30000700002186,7000079000264,7000079000000,30,2.422044,7000079000264,-1,7000079000262,7000079000263,-1,38,2.3237731,2.3237731,2.3237731,30873,23.168774,7.9999456,56.549877,154701,2,0,6,-20.018366,-41.3608,-85.39907,41.989113,74.184395,0.14412066,0.026814422,-0.10402467,18545994,7,2186,0.0140670715,556
7000079000264,29000700002209,7000079000264,7000079000000,29,2.6188614,-1,-1,7000079000263,7000079000264,-1,37,1.8073791,1.6352477,1.8073791,30873,23.17789,8.014309,56.57917,154701,2,0,6,-21.788736,-35.82723,-82.484375,40.288464,66.65404,0.0049704053,-0.0064822356,0.078076094,18546010,7,2209,0.017109301,947