haloID,subHaloID,lastProgenitorId,treeId,snapNum,redshift,firstProgenitorId,nextProgenitorId,descendantId,firstHaloInFOFgroupId,nextHaloInFOFgroupId,np,m_Mean200,m_Crit200,m_TopHat,phKey,x,y,z,zIndex,ix,iy,iz,velX,velY,velZ,velDisp,vMax,spinX,spinY,spinZ,mostBoundID,fileNr,subhaloIndex,halfmassRadius,random
7000095000000,63000700000291,7000095000189,7000095000000,63,0.0,7000095000001,-1,-1,7000095000000,-1,2074,192.78711,133.57393,165.93462,29819,19.3442,24.979515,36.68773,144655,2,2,4,56.915375,-13.512457,-236.00299,112.25901,201.31755,1.879409,-0.6258015,-0.3365227,17858118,7,291,0.10483767,591
7000095000001,62000700000280,7000095000189,7000095000000,62,0.019932542,7000095000002,-1,7000095000000,7000095000001,-1,2126,192.09857,129.78703,165.76248,29819,19.332783,24.982203,36.729164,144655,2,2,4,59.355873,-13.909528,-236.36043,112.4147,204.92006,1.6263332,-0.24303089,0.25176883,17857336,7,280,0.109265886,345
7000095000002,61000700000273,7000095000189,7000095000000,61,0.041403063,7000095000003,-1,7000095000001,7000095000002,7000095000191,2164,191.58218,131.68048,164.38544,29819,19.324148,24.983807,36.783546,144655,2,2,4,57.22771,-13.6830015,-240.43321,112.35052,206.37772,2.2436187,-0.7165651,-0.13375983,17857617,7,273,0.11104894,69
7000095000003,60000700000323,7000095000189,7000095000000,60,0.064493395,7000095000004,-1,7000095000002,7000095000003,7000095000192,2089,192.78711,130.3895,161.54526,29819,19.313417,24.984444,36.841347,144655,2,2,4,57.554863,-12.979882,-241.41566,112.41659,204.59467,2.100559,-0.66655195,0.03543097,17857901,7,323,0.11031701,372
7000095000004,59000700000271,7000095000189,7000095000000,59,0.08928783,7000095000005,-1,7000095000003,7000095000004,7000095000193,2182,194.93875,127.80752,161.02887,29819,19.295132,24.994493,36.90391,144655,2,2,4,57.50175,-12.3094225,-243.0403,109.9209,201.38052,1.9202954,-1.0624931,-0.13445392,17857901,7,271,0.11954891,837
7000095000005,58000700000262,7000095000169,7000095000000,58,0.11588337,7000095000006,7000095000170,7000095000004,7000095000005,7000095000194,2083,196.0576,126.17227,159.65182,29819,19.282064,25.003736,36.9613,144655,2,2,4,55.858746,-10.647779,-242.91978,111.41114,201.82903,1.6174258,-1.3252399,0.20692067,17857617,7,262,0.11219874,47
7000095000006,57000700000262,7000095000169,7000095000000,57,0.14438343,7000095000007,-1,7000095000005,7000095000006,7000095000195,2126,193.81989,124.1067,162.66412,29819,19.266079,25.009476,37.027164,144655,2,2,4,58.63937,-11.463155,-243.85934,112.34833,202.96704,1.7376354,-0.69368273,-0.14634457,17858154,7,262,0.11214951,900
7000095000007,56000700000284,7000095000169,7000095000000,56,0.17489761,7000095000008,-1,7000095000006,7000095000007,7000095000196,2108,193.0453,130.3895,167.39774,29819,19.25437,25.004335,37.092304,144655,2,2,4,58.519352,-10.661176,-247.02385,115.36889,205.88637,1.3863537,-0.6007688,0.120915756,17858152,7,284,0.111055285,203
7000095000008,55000700000333,7000095000167,7000095000000,55,0.20754863,7000095000009,7000095000168,7000095000007,7000095000008,7000095000168,2118,193.3035,128.92638,170.84036,29820,19.233839,25.013552,37.163925,144683,2,2,4,58.983425,-12.450735,-242.01797,117.86061,205.8418,0.94621664,-0.52266103,0.071791284,17858152,7,333,0.10717662,509
7000095000009,54000700000281,7000095000129,7000095000000,54,0.24246909,7000095000010,7000095000130,7000095000008,7000095000009,7000095000130,2068,191.84038,140.97557,176.09036,29820,19.21541,25.002499,37.243435,144683,2,2,4,63.70333,-12.8661,-245.1451,119.66511,201.91608,1.067181,-0.21040547,0.26272392,17858152,7,281,0.10251179,708
7000095000010,53000700000326,7000095000129,7000095000000,53,0.2798018,7000095000011,-1,7000095000009,7000095000010,7000095000198,2024,187.2789,146.74197,174.62724,29820,19.19391,24.994345,37.334217,144683,2,2,4,68.19337,-9.062439,-249.99963,121.69182,207.44421,1.2401203,-0.69625324,0.27689302,17858152,7,326,0.09902781,53
7000095000011,52000700000320,7000095000129,7000095000000,52,0.31970343,7000095000012,-1,7000095000010,7000095000011,7000095000199,2023,185.47153,139.59853,172.992,29820,19.174816,24.989563,37.42355,144683,2,2,4,67.49372,-10.68633,-248.23662,129.4102,219.93707,1.5662938,-0.9576715,0.1204052,17858109,7,320,0.090252526,230
7000095000012,51000700000323,7000095000129,7000095000000,51,0.36234027,7000095000013,-1,7000095000011,7000095000012,7000095000132,1902,176.2625,140.71738,164.90182,29820,19.142244,24.976728,37.51921,144683,2,2,4,69.68923,-5.8256288,-254.91054,122.467705,204.21268,1.6691188,-1.0177089,-0.02692449,17858109,7,323,0.09410002,467
7000095000013,50000700000305,7000095000108,7000095000000,50,0.40789944,7000095000014,7000095000109,7000095000012,7000095000013,7000095000133,1765,170.66823,130.21736,160.34035,29820,19.118,24.970709,37.62171,144683,2,2,4,71.676414,3.085868,-259.95538,121.68134,209.90515,1.296886,-0.48209625,-0.18399604,17858109,7,305,0.08565098,354
7000095000014,49000700000314,7000095000108,7000095000000,49,0.45657724,7000095000015,-1,7000095000013,7000095000014,7000095000134,1718,151.30345,118.0821,139.59853,29820,19.081654,24.962809,37.72792,144683,2,2,4,70.843376,2.436296,-262.80115,124.93411,214.43195,1.615137,-0.32773787,-0.1339413,17858123,7,314,0.0791595,613
7000095000015,48000700000315,7000095000108,7000095000000,48,0.5085914,7000095000016,-1,7000095000014,7000095000015,7000095000111,1601,137.79114,113.60669,130.56163,29820,19.062723,24.942675,37.829075,144683,2,2,4,70.974,1.7050761,-264.62866,120.3608,204.89874,1.0954701,-0.39968583,-0.056048863,17857989,7,315,0.07694675,509
7000095000016,47000700000308,7000095000094,7000095000000,47,0.5641766,7000095000017,7000095000095,7000095000015,7000095000016,7000095000136,1493,129.27065,105.08618,121.26653,29820,19.03782,24.931139,37.92781,144683,2,2,4,73.95169,5.0363297,-261.95203,119.93562,204.20735,1.0368663,-0.5606967,-0.2463413,17859094,7,308,0.07119261,452
7000095000017,46000700000335,7000095000081,7000095000000,46,0.6235901,7000095000018,7000095000082,7000095000016,7000095000017,7000095000096,1325,119.54522,100.524704,112.659966,29820,18.998678,24.918703,38.042458,144683,2,2,4,75.923134,5.5528107,-254.98083,117.13709,203.06407,1.3672167,0.14716811,-0.63640505,17858152,7,335,0.06390801,904
7000095000018,45000700000351,7000095000081,7000095000000,45,0.6871088,7000095000019,-1,7000095000017,7000095000018,7000095000083,1146,109.13127,94.24191,105.77471,29820,18.972742,24.912249,38.145367,144687,2,2,4,80.103745,2.8495727,-254.48033,123.211334,210.68098,0.7788095,0.09775345,-0.7135774,17857332,7,351,0.052235227,528
7000095000019,44000700000336,7000095000079,7000095000000,44,0.75503564,7000095000020,7000095000080,7000095000018,7000095000019,7000095000098,1102,99.061584,89.16403,96.13535,29820,18.938345,24.91046,38.258446,144687,2,2,4,79.890656,2.269588,-250.7572,122.03436,209.90889,1.1781281,0.051986746,-0.72846514,17857332,7,336,0.04863135,330
7000095000020,43000700000289,7000095000079,7000095000000,43,0.8276991,7000095000021,-1,7000095000019,7000095000020,7000095000099,1073,92.60666,83.139435,90.19682,29820,18.906584,24.910316,38.38538,144687,2,2,4,81.257225,1.830861,-246.84601,113.83086,201.59433,1.3190324,0.2804645,-0.6073319,17857332,7,289,0.049975075,591
7000095000021,42000700000309,7000095000066,7000095000000,42,0.9054624,7000095000022,7000095000067,7000095000020,7000095000021,7000095000067,939,82.19272,73.844345,80.29927,29820,18.852438,24.911272,38.50758,144687,2,2,4,82.98222,9.247368,-250.75761,111.36089,194.9405,0.7842164,-0.003220218,-0.05866751,17857332,7,309,0.048982605,925
7000095000022,41000700000383,7000095000066,7000095000000,41,0.98870814,7000095000023,-1,7000095000021,7000095000022,-1,822,76.68451,71.17631,76.25418,29820,18.813547,24.90683,38.633064,144687,2,2,4,85.15606,5.370355,-246.12033,112.35795,198.5514,0.5285805,-0.036105767,0.27548978,17858109,7,383,0.039487816,748
7000095000023,40000700000371,7000095000066,7000095000000,40,1.0778745,7000095000024,-1,7000095000022,7000095000023,-1,836,73.67222,69.54106,73.67222,29820,18.763477,24.905144,38.77016,144687,2,2,4,88.67172,4.1635504,-243.39987,116.61665,201.33212,0.59185266,-0.043055378,0.17583507,17857337,7,371,0.040933028,470
7000095000024,39000700000361,7000095000066,7000095000000,39,1.173417,7000095000025,-1,7000095000023,7000095000024,-1,807,72.725494,69.79926,72.55336,29820,18.705833,24.905382,38.901062,144687,2,2,4,86.94873,7.0466056,-236.30751,116.64866,201.11243,0.36329165,-0.05936036,0.001423234,17858141,7,361,0.037609678,466
7000095000025,38000700000334,7000095000066,7000095000000,38,1.2758462,7000095000026,-1,7000095000024,7000095000025,-1,813,71.34844,67.30335,71.34844,29820,18.664715,24.908411,39.033325,144687,2,2,4,84.704,7.607097,-232.72252,114.220764,195.81725,0.47521836,-0.030450301,0.051403154,17857588,7,334,0.039642517,133
7000095000026,37000700000296,7000095000066,7000095000000,37,1.3857181,7000095000027,-1,7000095000025,7000095000026,-1,763,70.05746,66.01237,70.40172,29735,18.617744,24.906584,39.1634,146443,2,2,4,86.39121,3.5253646,-230.84175,115.04303,194.70963,0.45636973,-0.072179265,0.0280686,17858124,7,296,0.03797672,924
7000095000027,36000700000308,7000095000066,7000095000000,36,1.5036365,7000095000028,-1,7000095000026,7000095000027,-1,730,65.75417,63.688595,66.27057,29735,18.577148,24.877453,39.285004,146443,2,2,4,85.4334,0.90504736,-229.36493,123.05337,202.34569,0.34449208,-0.067044094,0.101961374,17858124,7,308,0.03367824,26
7000095000028,35000700000316,7000095000066,7000095000000,35,1.6302707,7000095000029,-1,7000095000027,7000095000028,-1,676,63.86073,60.934494,64.29105,29735,18.525915,24.88514,39.41168,146442,2,2,4,85.31812,-1.0874058,-220.5165,120.54793,200.8414,0.33333167,-0.07780389,0.009257613,17857335,7,316,0.03176327,586
7000095000029,34000700000277,7000095000066,7000095000000,34,1.766336,7000095000030,-1,7000095000028,7000095000029,-1,699,60.934494,58.86892,61.881218,29735,18.482868,24.877617,39.55013,146442,2,2,4,83.30364,1.4476337,-217.91946,118.257225,200.05367,0.4347091,0.033518437,0.14395235,17858109,7,277,0.034629956,120
7000095000030,33000700000244,7000095000066,7000095000000,33,1.9126327,7000095000031,-1,7000095000029,7000095000030,-1,721,60.418102,58.352524,61.79515,29735,18.449371,24.882421,39.67221,146442,2,2,4,74.91569,-1.8946698,-214.40991,117.26693,194.29097,0.4060318,-0.11202103,0.4956997,17858109,7,244,0.035590757,559
7000095000031,32000700000222,7000095000066,7000095000000,32,2.0700274,7000095000032,-1,7000095000030,7000095000031,-1,724,63.258266,60.159904,64.89352,29735,18.402092,24.886082,39.801796,146442,2,2,4,72.462234,-5.74136,-209.44809,123.54864,200.27766,0.5458964,-0.22555985,0.3888512,17858164,7,222,0.035259496,757
7000095000032,31000700000203,7000095000055,7000095000000,31,2.2394855,7000095000033,7000095000056,7000095000031,7000095000032,7000095000056,633,61.536957,61.10663,62.483677,29735,18.362705,24.884176,39.896057,146442,2,2,4,71.24902,-2.0095918,-188.82812,131.74196,206.45908,0.5454427,-0.0788052,0.3235578,17858140,7,203,0.030521223,23
7000095000033,30000700000190,7000095000055,7000095000000,30,2.422044,7000095000034,-1,7000095000032,7000095000033,-1,629,55.68449,54.393505,56.45908,29735,18.310955,24.878199,39.987923,146442,2,2,4,67.82161,-2.807697,-201.74623,137.41232,220.13708,0.47175062,-0.44506222,0.4635171,17857911,7,190,0.024956897,869
7000095000034,29000700000156,7000095000055,7000095000000,29,2.6188614,7000095000035,-1,7000095000033,7000095000034,7000095000057,543,43.54923,41.913982,45.270542,29735,18.253164,24.883072,40.087513,146446,2,2,4,90.04051,1.6940242,-192.92552,118.25501,198.34393,0.5400634,0.038746934,0.4058735,17858140,7,156,0.026753899,228
7000095000035,28000700000181,7000095000055,7000095000000,28,2.8311827,7000095000036,-1,7000095000034,7000095000035,-1,452,33.393482,32.44676,34.42627,29735,18.181673,24.902216,40.214188,146446,2,2,4,91.27057,-2.1357074,-186.46638,110.40563,181.22017,0.5744035,0.11369798,0.36364627,17858133,7,181,0.025632916,363
7000095000036,27000700000163,7000095000055,7000095000000,27,3.060419,7000095000037,-1,7000095000035,7000095000036,-1,430,29.43446,28.745934,30.81151,29735,18.118042,24.926447,40.339855,146446,2,2,4,88.23941,-6.482438,-183.80081,109.37494,187.60959,0.44326243,0.026627686,0.32471964,17858109,7,163,0.02466899,735
7000095000037,26000700000158,7000095000051,7000095000000,26,3.3080978,7000095000038,7000095000052,7000095000036,7000095000037,-1,355,29.090197,28.745934,29.778723,29735,18.076584,24.94352,40.433292,146446,2,2,4,86.33162,-15.821669,-173.11525,114.58361,189.55347,0.30101043,-0.064129844,0.36206582,17858109,7,158,0.019258404,673
7000095000038,25000700000140,7000095000051,7000095000000,25,3.575905,7000095000039,-1,7000095000037,7000095000038,-1,343,27.110687,27.02462,28.22954,29735,18.021528,24.937384,40.50964,146446,2,2,4,83.501884,-11.316541,-164.99048,112.950584,187.28754,0.37417415,0.03851371,0.3332077,17857312,7,140,0.018483175,418
7000095000039,24000700000124,7000095000051,7000095000000,24,3.8656828,7000095000040,-1,7000095000038,7000095000039,-1,297,25.303307,25.04511,26.336096,29735,17.998018,24.915945,40.5888,146446,2,2,4,82.44402,-1.651537,-159.23933,113.83657,189.42657,0.37741134,0.12712838,0.2432473,17858117,7,124,0.015433656,13
7000095000040,23000700000110,7000095000051,7000095000000,23,4.1794686,7000095000041,-1,7000095000039,7000095000040,-1,274,22.979534,22.893469,23.495928,29735,17.95089,24.89626,40.67211,146446,2,2,4,82.27448,2.5102355,-154.68108,118.88937,191.42914,0.15582469,0.15631598,0.07495048,17858117,7,110,0.015039552,528
7000095000041,22000700000117,7000095000051,7000095000000,22,4.5195556,7000095000042,-1,7000095000040,7000095000041,-1,228,19.536907,19.364777,19.795105,29735,17.901703,24.895647,40.780983,146446,2,2,4,81.0318,-2.17096,-152.35199,110.537636,190.23885,0.23079163,0.14594682,0.0632995,17858157,7,117,0.013270314,163
7000095000042,21000700000076,7000095000051,7000095000000,21,4.888449,7000095000043,-1,7000095000041,7000095000042,-1,239,14.200836,14.200836,14.200836,29735,17.857792,24.925756,40.87894,146446,2,2,4,75.354416,-1.9964346,-158.07085,106.25537,182.84383,0.14870055,0.09592873,0.016229665,17858150,7,76,0.01588746,883
7000095000043,20000700000106,7000095000049,7000095000000,20,5.2888336,7000095000044,7000095000050,7000095000042,7000095000043,-1,148,9.122961,9.122961,10.758209,29735,17.837519,24.954815,40.945305,146446,1,2,4,58.98695,-17.87278,-145.83531,88.05325,147.82213,0.108179115,0.07365856,-0.102695934,17857887,7,106,0.01374631,2
7000095000044,19000700000055,7000095000049,7000095000000,19,5.7238646,7000095000045,-1,7000095000043,7000095000044,-1,171,7.1434507,7.1434507,7.4016476,29728,17.791096,24.954914,41.018047,146474,1,2,4,63.37789,11.730852,-152.96849,80.41121,139.31699,0.38752046,0.027808154,0.06268501,17858163,7,55,0.017231438,984
7000095000045,18000700000076,7000095000049,7000095000000,18,6.1968336,7000095000046,-1,7000095000044,7000095000045,-1,103,6.4549255,6.4549255,6.7131224,29728,17.76631,24.916225,41.10446,146474,1,2,4,69.02607,2.3437374,-133.31546,86.26522,145.67354,0.08586668,0.03497213,-0.24794488,17858163,7,76,0.009172872,317
7000095000046,17000700000086,7000095000049,7000095000000,17,6.7115865,7000095000047,-1,7000095000045,7000095000046,-1,74,6.1106625,6.1106625,6.282794,29728,17.725058,24.905329,41.18968,146474,1,2,4,59.710606,-5.7014065,-147.4462,92.57198,146.62302,0.09834831,0.0426894,-0.04213743,17858145,7,86,0.00726946,871
7000095000047,16000700000092,7000095000049,7000095000000,16,7.272188,7000095000048,-1,7000095000046,7000095000047,-1,50,4.131152,4.131152,4.5614805,29728,17.721472,24.916487,41.23697,146474,1,2,4,45.79693,0.94410634,-150.53119,89.39464,141.99942,0.043144625,-0.06407598,-0.04131378,17858141,7,92,0.00539567,378
7000095000048,15000700000086,7000095000049,7000095000000,15,7.8832035,7000095000049,-1,7000095000047,7000095000048,-1,39,2.1516418,2.1516418,2.1516418,29728,17.686619,24.894478,41.309803,146474,1,2,4,56.367783,1.2350987,-137.36397,69.99682,123.39057,0.050686773,-0.02882839,-0.09593456,17858150,7,86,0.0051503303,655
7000095000049,14000700000129,7000095000049,7000095000000,14,8.549912,-1,-1,7000095000048,7000095000049,-1,21,1.2049193,1.2049193,1.2049193,29728,17.658733,24.890646,41.39955,146474,1,2,4,50.149513,17.359476,-154.49321,48.89448,92.01095,0.0318212,-0.022812383,-0.021910975,17858132,7,129,0.005574904,458
7000095000050,20000700000495,7000095000051,7000095000000,20,5.2888336,7000095000051,-1,7000095000042,7000095000050,-1,30,1.9795104,1.7213135,2.065576,29735,17.89376,24.656227,40.907192,146446,2,2,4,79.28049,127.68463,-184.9652,46.1876,76.11458,-0.06828101,0.008857526,-0.03450756,17857589,7,495,0.011091509,483
7000095000051,18000700000549,7000095000051,7000095000000,18,6.1968336,-1,-1,7000095000050,7000095000051,-1,28,1.2049193,1.2049193,1.2049193,29728,17.807533,24.542395,41.092274,146474,1,2,4,80.30568,86.90407,-179.037,58.572422,84.372925,-0.035228282,0.013751065,-0.092711985,17857585,7,549,0.009286364,983
7000095000052,26000700001402,7000095000055,7000095000000,26,3.3080978,7000095000053,-1,7000095000036,7000095000052,-1,27,0.0,0.0,0.0,29735,18.176682,24.604856,40.330044,146446,2,2,4,30.77161,83.57763,-170.85521,33.131752,60.61187,-0.14357571,0.048722986,0.03291972,17857417,7,1402,0.01869943,731
7000095000053,25000700001457,7000095000055,7000095000000,25,3.575905,7000095000054,-1,7000095000052,7000095000053,-1,25,1.8934448,1.8073791,2.4098387,29735,18.171816,24.566353,40.432774,146446,2,2,4,26.137352,67.486465,-166.3106,42.297962,64.527664,-0.13744277,0.026885789,-0.029255513,17857417,7,1457,0.012698623,452
7000095000054,24000700001070,7000095000055,7000095000000,24,3.8656828,7000095000055,-1,7000095000053,7000095000054,-1,25,2.5819702,2.5819702,2.5819702,29735,18.124388,24.502914,40.49698,146446,2,2,4,14.011818,65.01451,-165.56693,54.82517,74.31206,-0.17412324,0.019457962,0.08882864,17857543,7,1070,0.009774207,481
7000095000055,23000700001360,7000095000055,7000095000000,23,4.1794686,-1,-1,7000095000054,7000095000055,-1,24,0.9467224,0.9467224,1.1188537,29735,18.158848,24.499512,40.600456,146446,2,2,4,30.353174,63.59509,-152.5149,49.212063,64.89311,-0.0655939,-0.012707348,0.11709604,17857520,7,1360,0.013396471,410
7000095000056,31000700000204,7000095000066,7000095000000,31,2.2394855,7000095000057,-1,7000095000031,7000095000032,-1,36,0.0,0.0,0.0,29735,18.288326,24.869751,39.801815,146442,2,2,4,44.61742,-35.952,-380.55603,60.79546,93.945076,-0.0049200794,-0.0060435496,0.071931146,17857251,7,204,0.009152656,557
7000095000057,29000700000157,7000095000066,7000095000000,29,2.6188614,7000095000058,-1,7000095000056,7000095000034,-1,46,0.0,0.0,0.0,29735,18.401136,24.934568,40.238586,146446,2,2,4,-122.120605,-27.230577,-273.44537,61.201897,101.99307,0.0072685503,0.0013244427,0.06838575,17857247,7,157,0.009103126,989
7000095000058,28000700001091,7000095000066,7000095000000,28,2.8311827,7000095000059,-1,7000095000057,7000095000058,-1,64,5.7664,5.7664,5.7664,29735,18.464193,24.960848,40.38748,146446,2,2,4,-85.09385,-7.4696145,-232.34491,63.24794,106.89785,0.022210998,0.093569815,0.0870295,17857251,7,1091,0.011427404,294
7000095000059,27000700001066,7000095000066,7000095000000,27,3.060419,7000095000060,-1,7000095000058,7000095000059,-1,65,4.4754148,4.4754148,4.733612,29735,18.517859,24.946972,40.51445,146446,2,2,4,-66.81837,-5.922925,-208.3013,55.880516,94.381424,-0.019742033,0.07129468,0.10172193,17857251,7,1066,0.014312015,8
7000095000060,26000700001148,7000095000066,7000095000000,26,3.3080978,7000095000061,-1,7000095000059,7000095000060,-1,55,3.8729553,3.8729553,3.9590209,29735,18.563358,24.919592,40.60602,146447,2,2,4,-58.06088,-2.3445885,-194.01694,59.871975,101.64816,-0.09881766,-0.014536709,-0.098852865,17857260,7,1148,0.011752345,238
7000095000061,25000700001131,7000095000066,7000095000000,25,3.575905,7000095000062,-1,7000095000060,7000095000061,-1,50,3.3565612,3.3565612,3.7008238,29735,18.602125,24.926977,40.68768,146447,2,2,4,-54.761345,9.223612,-183.24062,55.490356,92.00421,-0.06342239,0.09224685,0.061502345,17857193,7,1131,0.012256983,616
7000095000062,24000700001316,7000095000066,7000095000000,24,3.8656828,7000095000063,-1,7000095000061,7000095000062,-1,39,2.2377074,2.2377074,2.4098387,29735,18.648844,24.926903,40.790714,146447,2,2,4,-49.80727,6.113033,-176.3225,53.63249,84.76598,-0.00431281,0.074893065,0.025636882,17857193,7,1316,0.010668514,607
7000095000063,23000700001225,7000095000066,7000095000000,23,4.1794686,7000095000064,-1,7000095000062,7000095000063,-1,37,3.098364,3.098364,3.18443,29735,18.65104,24.937222,40.90755,146447,2,2,4,-42.4589,2.0664096,-167.93704,61.97135,99.56171,0.055227987,0.05725696,0.048538547,17857253,7,1225,0.0071363198,220
7000095000064,22000700001169,7000095000066,7000095000000,22,4.5195556,7000095000065,-1,7000095000063,7000095000064,-1,33,2.5819702,2.5819702,2.6680357,29735,18.649225,24.924477,41.014286,146447,2,2,4,-43.04463,1.6313266,-164.40915,60.954967,91.33872,-0.0025438701,0.040176865,0.034732666,17857253,7,1169,0.008023942,677
7000095000065,21000700001177,7000095000066,7000095000000,21,4.888449,7000095000066,-1,7000095000064,7000095000065,-1,28,1.8073791,1.8073791,1.9795104,29728,18.704304,24.91888,41.087746,146475,2,2,4,-35.794533,4.5291038,-166.4382,48.409363,87.17548,0.065923244,0.07794003,0.08309013,17857204,7,1177,0.008670279,593
7000095000066,20000700001196,7000095000066,7000095000000,20,5.2888336,-1,-1,7000095000065,7000095000066,-1,23,0.516394,0.516394,0.6885254,29728,18.707087,24.906506,41.161293,146475,2,2,4,-37.065125,7.080671,-167.63007,38.061115,67.71222,0.030402482,0.023877166,0.019254617,17857235,7,1196,0.010138157,903
7000095000067,42000700000310,7000095000079,7000095000000,42,0.9054624,7000095000068,-1,7000095000020,7000095000021,-1,31,0.0,0.0,0.0,29820,19.080643,24.763544,38.526573,144687,2,2,4,-163.11963,53.704266,-263.1881,40.582794,71.56659,0.004564092,0.11410117,-0.095513195,17863775,7,310,0.011601494,199
7000095000068,41000700002356,7000095000079,7000095000000,41,0.98870814,7000095000069,-1,7000095000067,7000095000068,-1,44,3.098364,2.9262328,3.098364,29820,19.158867,24.735722,38.666214,144687,2,2,4,-127.85098,44.97602,-257.8099,36.91321,75.44745,-0.15666535,0.20388123,-0.071579404,17863715,7,2356,0.016187554,529
7000095000069,40000700002814,7000095000079,7000095000000,40,1.0778745,7000095000070,-1,7000095000068,7000095000069,-1,38,3.3565612,2.9262328,3.2704954,29820,19.208025,24.72332,38.81449,144687,2,2,4,-111.740265,37.40542,-250.68422,36.280735,66.0595,-0.17241006,0.19993614,-0.05867524,17863775,7,2814,0.017557168,755
7000095000070,39000700002994,7000095000079,7000095000000,39,1.173417,7000095000071,-1,7000095000069,7000095000070,-1,35,3.098364,2.6680357,3.098364,29820,19.280306,24.71271,38.961308,144687,2,2,4,-93.86605,30.444231,-243.44681,33.58155,61.97247,-0.13067636,0.013331835,0.010781314,17864074,7,2994,0.021842135,545
7000095000071,38000700003091,7000095000079,7000095000000,38,1.2758462,7000095000072,-1,7000095000070,7000095000071,-1,33,2.840167,2.7541015,2.840167,29820,19.307219,24.682812,39.05672,144687,2,2,4,-82.736145,30.257504,-235.611,31.057022,61.987423,-0.124743596,0.10597701,-0.08579386,17863713,7,3091,0.020383025,896
7000095000072,37000700002331,7000095000079,7000095000000,37,1.3857181,7000095000073,-1,7000095000071,7000095000072,-1,46,2.840167,2.4098387,2.840167,29735,19.372879,24.66304,39.208656,146443,2,2,4,-79.01367,28.416462,-234.86816,31.925047,62.295944,-0.24968977,0.093809724,-0.03197949,17864077,7,2331,0.024690656,92
7000095000073,36000700002574,7000095000079,7000095000000,36,1.5036365,7000095000074,-1,7000095000072,7000095000073,-1,41,2.9262328,2.6680357,2.9262328,29735,19.396864,24.660673,39.30975,146443,2,2,4,-74.22747,29.299973,-230.607,37.296207,63.51356,-0.16433093,-0.10916359,0.016912444,17864077,7,2574,0.020400062,168
7000095000074,35000700003016,7000095000079,7000095000000,35,1.6302707,7000095000075,-1,7000095000073,7000095000074,-1,32,2.840167,2.7541015,2.840167,29735,19.427147,24.64505,39.4676,146443,2,2,4,-68.636154,32.475964,-228.26447,39.79167,76.27664,0.028288087,-0.1109208,-0.076266214,17864017,7,3016,0.012216611,509
7000095000075,34000700002748,7000095000079,7000095000000,34,1.766336,7000095000076,-1,7000095000074,7000095000075,-1,36,2.840167,2.5819702,2.840167,29735,19.460663,24.59662,39.60419,146443,2,2,4,-66.59664,29.856844,-219.77524,41.47912,66.41816,-0.014315535,-0.20860912,-0.09323627,17863710,7,2748,0.01828985,510
7000095000076,33000700002913,7000095000079,7000095000000,33,1.9126327,7000095000077,-1,7000095000075,7000095000076,-1,33,2.5819702,2.4959044,2.6680357,29735,19.503647,24.587343,39.70019,146443,2,2,4,-62.863285,32.931217,-216.32333,38.16278,67.98598,-0.007822427,-0.15897828,-0.0311389,17863713,7,2913,0.016071696,861
7000095000077,32000700003086,7000095000079,7000095000000,32,2.0700274,7000095000078,-1,7000095000076,7000095000077,-1,30,1.7213135,1.6352477,1.8073791,29735,19.51742,24.555124,39.807224,146443,2,2,4,-60.944313,30.65229,-212.64899,37.529713,61.14659,-0.06958968,-0.1603681,-0.018637873,17863711,7,3086,0.016599169,561
7000095000078,31000700003863,7000095000079,7000095000000,31,2.2394855,7000095000079,-1,7000095000077,7000095000078,-1,22,1.4631164,1.3770508,1.549182,29736,19.58872,24.555216,39.93495,146498,2,2,4,-59.740692,31.916506,-196.94322,34.851116,59.31341,-0.1228286,-0.19408879,0.021444382,17863775,7,3863,0.013457597,675
7000095000079,30000700002894,7000095000079,7000095000000,30,2.422044,-1,-1,7000095000078,7000095000079,-1,30,1.2909851,1.2909851,1.3770508,29736,19.590126,24.518383,40.04458,146502,2,2,4,-63.161304,28.347958,-196.34222,32.131054,58.320663,0.0029505354,-0.23344211,-0.042617366,17863774,7,2894,0.018489044,515
7000095000080,44000700000338,7000095000081,7000095000000,44,0.75503564,7000095000081,-1,7000095000018,7000095000019,-1,23,0.0,0.0,0.0,29820,18.94133,25.102686,38.461765,144687,2,2,4,156.0675,-144.88548,-293.5985,33.02625,49.897396,-0.016086416,-0.2672687,0.02710442,17858313,7,338,0.01920579,838
7000095000081,43000700000292,7000095000081,7000095000000,43,0.8276991,-1,-1,7000095000080,7000095000020,-1,20,0.0,0.0,0.0,29820,18.870722,25.178532,38.591583,144687,2,2,4,165.54974,-131.72247,-253.64488,35.366463,57.18549,-0.029414896,-0.17052001,0.05461546,17858246,7,292,0.015374065,127
7000095000082,46000700000337,7000095000094,7000095000000,46,0.6235901,7000095000083,-1,7000095000016,7000095000017,-1,22,0.0,0.0,0.0,29820,18.890133,25.037325,38.04406,144683,2,2,4,162.36612,-180.95973,-367.1062,28.646753,60.205105,0.031457797,0.0017721938,0.036101144,17856680,7,337,0.0139586115,351
7000095000083,45000700000352,7000095000094,7000095000000,45,0.6871088,7000095000084,-1,7000095000082,7000095000018,-1,22,0.0,0.0,0.0,29820,18.834736,25.118494,38.223156,144687,2,2,4,106.623245,-147.24815,-359.05676,25.082338,54.48077,0.072999544,0.06593232,0.04358264,17856680,7,352,0.018508527,110
7000095000084,44000700001976,7000095000094,7000095000000,44,0.75503564,7000095000085,-1,7000095000083,7000095000084,-1,26,3.7868896,2.840167,3.7008238,29820,18.781532,25.182938,38.38802,144687,2,2,4,74.55348,-114.68093,-347.8945,33.03568,61.452835,0.067935206,0.026883762,0.07418943,17856673,7,1976,0.015464167,720
7000095000085,43000700000291,7000095000094,7000095000000,43,0.8276991,7000095000086,-1,7000095000084,7000095000020,7000095000081,45,0.0,0.0,0.0,29820,18.754759,25.235062,38.554157,144687,2,2,4,37.178555,-86.12202,-344.07138,33.46023,65.503784,0.20375548,0.12963909,0.41751644,17856673,7,291,0.023346812,631
7000095000086,42000700001592,7000095000094,7000095000000,42,0.9054624,7000095000087,-1,7000095000085,7000095000086,-1,21,6.1106625,5.4221373,6.1106625,29820,18.74127,25.273352,38.73409,144687,2,2,4,26.793776,-80.62634,-335.83798,32.601402,60.54796,0.11920147,-0.024142256,-0.061437882,17854934,7,1592,0.011222359,466
7000095000087,40000700001519,7000095000094,7000095000000,40,1.0778745,7000095000088,-1,7000095000086,7000095000087,-1,22,2.4098387,2.2377074,2.4098387,29735,18.724234,25.343803,39.063553,146443,2,2,4,15.632094,-43.79558,-304.29,27.946144,55.326397,0.079017654,0.11456449,0.18105552,17856673,7,1519,0.0145106325,374
7000095000088,39000700002531,7000095000094,7000095000000,39,1.173417,7000095000089,-1,7000095000087,7000095000088,-1,29,2.4959044,2.065576,2.3237731,29735,18.734993,25.352434,39.23593,146443,2,2,4,2.4327831,-24.35895,-310.15775,35.848114,68.731125,-0.056593686,0.19436452,0.33819586,17856646,7,2531,0.013708077,426
7000095000089,38000700003327,7000095000094,7000095000000,38,1.2758462,7000095000090,-1,7000095000088,7000095000089,-1,26,2.2377074,1.8934448,2.2377074,29735,18.73994,25.368656,39.398823,146443,2,2,4,-1.8036466,-10.277685,-303.14102,30.166565,60.552475,-0.08054511,0.15989253,0.14616546,17856641,7,3327,0.015524361,394
7000095000090,37000700002886,7000095000094,7000095000000,37,1.3857181,7000095000091,-1,7000095000089,7000095000090,-1,27,1.7213135,1.7213135,1.7213135,29735,18.757477,25.384771,39.559856,146443,2,2,4,3.080588,-4.065668,-298.96942,30.974459,56.041557,-0.15950432,0.14441323,0.18964003,17856649,7,2886,0.017974325,103
7000095000091,36000700003472,7000095000094,7000095000000,36,1.5036365,7000095000092,-1,7000095000090,7000095000091,-1,26,1.1188537,1.1188537,1.1188537,29732,18.749966,25.415562,39.74552,146457,2,2,4,7.3071003,2.1118307,-294.7152,29.943724,55.25731,-0.23512511,0.16031463,0.19926168,17856645,7,3472,0.02859601,787
7000095000092,35000700003352,7000095000094,7000095000000,35,1.6302707,7000095000093,-1,7000095000091,7000095000092,-1,27,0.6885254,0.6885254,0.6885254,29735,18.725838,25.340935,39.8766,146443,2,2,4,10.332812,5.4866304,-288.36282,32.420406,53.46836,-0.1306135,0.15666416,0.105809845,17856641,7,3352,0.024265613,71
7000095000093,34000700003390,7000095000094,7000095000000,34,1.766336,7000095000094,-1,7000095000092,7000095000093,-1,27,1.1188537,0.6885254,1.2909851,29735,18.734188,25.331661,40.055637,146447,2,2,4,12.136325,9.0151415,-283.2907,24.942842,51.56002,-0.13531503,0.16056946,0.092174396,17856649,7,3390,0.02204783,798
7000095000094,33000700003163,7000095000094,7000095000000,33,1.9126327,-1,-1,7000095000093,7000095000094,-1,26,1.3770508,1.2049193,1.3770508,29735,18.739155,25.336407,40.235455,146447,2,2,4,11.410491,11.081382,-273.78546,24.17561,53.323784,-0.12581615,0.17692007,0.07789368,17856641,7,3163,0.019140292,567
7000095000095,47000700000310,7000095000108,7000095000000,47,0.5641766,7000095000096,-1,7000095000015,7000095000016,-1,34,0.0,0.0,0.0,29820,18.928938,25.040976,38.063995,144683,2,2,4,102.63994,-147.8936,-430.179,34.951256,56.822533,-0.13228235,-0.123677015,0.44750482,17854888,7,310,0.023598334,113
7000095000096,46000700000336,7000095000108,7000095000000,46,0.6235901,7000095000097,-1,7000095000095,7000095000017,7000095000082,53,0.0,0.0,0.0,29820,18.882668,25.117962,38.251266,144687,2,2,4,69.53522,-122.272285,-397.8426,38.593563,60.74325,-0.3227818,-0.041586358,0.35352418,17854882,7,336,0.03451979,238
7000095000097,45000700001132,7000095000108,7000095000000,45,0.6871088,7000095000098,-1,7000095000096,7000095000097,-1,91,8.262304,6.024597,7.3155823,29820,18.85578,25.198122,38.42584,144687,2,2,4,60.17249,-105.101974,-376.00174,40.005707,64.89614,-0.32036895,-0.034503505,0.37568465,17854888,7,1132,0.043242745,658
7000095000098,44000700000337,7000095000108,7000095000000,44,0.75503564,7000095000099,-1,7000095000097,7000095000019,7000095000080,82,0.0,0.0,0.0,29820,18.86166,25.230398,38.630577,144687,2,2,4,45.572643,-101.462364,-352.46234,44.366524,76.96889,-0.20586196,0.13792051,0.3817239,17858818,7,337,0.029403258,9
7000095000099,43000700000290,7000095000108,7000095000000,43,0.8276991,7000095000100,-1,7000095000098,7000095000020,7000095000085,81,0.0,0.0,0.0,29820,18.849844,25.324953,38.808117,144687,2,2,4,37.56872,-93.20091,-334.20508,47.530746,69.62101,-0.34618506,0.13428849,0.34875542,17854999,7,290,0.03553889,697
7000095000100,42000700001360,7000095000108,7000095000000,42,0.9054624,7000095000101,-1,7000095000099,7000095000100,-1,89,6.196728,5.0778747,5.7664,29820,18.853378,25.347944,39.00373,144687,2,2,4,36.47988,-90.62079,-318.6993,48.94626,73.78589,-0.36428392,0.11338509,0.23611806,17858808,7,1360,0.03553555,449
7000095000101,41000700001509,7000095000108,7000095000000,41,0.98870814,7000095000102,-1,7000095000100,7000095000101,-1,83,7.573779,4.5614805,7.4877133,29735,18.811779,25.369123,39.111076,146443,2,2,4,37.520863,-85.732925,-306.85046,45.38661,74.727036,-0.35881394,0.14217733,0.25841093,17854899,7,1509,0.034204707,849
7000095000102,40000700001510,7000095000108,7000095000000,40,1.0778745,7000095000103,-1,7000095000101,7000095000102,-1,84,4.905743,3.9590209,4.905743,29732,18.764553,25.410006,39.2452,146457,2,2,4,34.512833,-83.24755,-292.04962,42.992256,67.91654,-0.34994197,0.18798265,0.28321525,17854893,7,1510,0.03745639,983
7000095000103,39000700001981,7000095000108,7000095000000,39,1.173417,7000095000104,-1,7000095000102,7000095000103,-1,54,3.9590209,3.442627,3.9590209,29732,18.76426,25.486292,39.41279,146457,2,2,4,35.790886,-91.81785,-277.69858,41.78634,67.14439,-0.026183002,0.020583974,-0.090672605,17858935,7,1981,0.023393812,716
7000095000104,38000700002365,7000095000108,7000095000000,38,1.2758462,7000095000105,-1,7000095000103,7000095000104,-1,45,3.5286925,3.0122986,3.5286925,29732,18.729624,25.529966,39.549324,146457,2,2,4,27.350431,-86.56175,-271.2257,38.38211,63.903572,0.08113985,-0.20663548,0.04249031,17854899,7,2365,0.023096342,777
7000095000105,37000700002489,7000095000108,7000095000000,37,1.3857181,7000095000106,-1,7000095000104,7000095000105,-1,40,3.442627,3.0122986,3.442627,29732,18.72832,25.573872,39.717297,146457,2,2,4,28.134113,-81.89785,-261.19333,37.305187,64.11822,0.101271056,-0.07675565,0.016128635,17854898,7,2489,0.019979687,486
7000095000106,36000700002834,7000095000108,7000095000000,36,1.5036365,7000095000107,-1,7000095000105,7000095000106,-1,34,2.4098387,2.3237731,2.4098387,29732,18.723873,25.62885,39.851116,146457,2,2,4,30.341135,-81.78207,-256.1205,36.225067,63.32972,-0.085066475,-0.014357966,0.08055935,17854893,7,2834,0.017368007,263
7000095000107,35000700002648,7000095000108,7000095000000,35,1.6302707,7000095000108,-1,7000095000106,7000095000107,-1,39,2.2377074,2.065576,2.2377074,29732,18.715015,25.66545,40.00865,146457,2,2,4,28.59185,-73.010704,-242.756,34.215115,59.80774,-0.10992427,0.13929829,-0.10071109,17854899,7,2648,0.021641897,84
7000095000108,34000700003118,7000095000108,7000095000000,34,1.766336,-1,-1,7000095000107,7000095000108,-1,30,1.2909851,1.2909851,1.2909851,29732,18.706633,25.693066,40.19015,146461,2,2,4,31.901747,-74.14058,-241.93323,33.65073,60.86861,-0.13026437,0.016347425,0.033128027,17854887,7,3118,0.025485924,9
7000095000109,50000700000307,7000095000129,7000095000000,50,0.40789944,7000095000110,-1,7000095000012,7000095000013,-1,42,0.0,0.0,0.0,29820,19.051964,25.07821,37.763466,144683,2,2,4,11.589714,-238.52347,-274.30557,30.29383,56.063004,0.23290229,-0.2317336,0.06600186,17859313,7,307,0.036338918,593
7000095000110,49000700000316,7000095000129,7000095000000,49,0.45657724,7000095000111,-1,7000095000109,7000095000014,-1,36,0.0,0.0,0.0,29820,19.055006,25.161144,37.866673,144683,2,2,4,3.5268018,-210.43427,-235.3964,34.718422,66.03235,0.20431644,-0.14618598,0.054741383,17859313,7,316,0.022414822,607
7000095000111,48000700000316,7000095000129,7000095000000,48,0.5085914,7000095000112,-1,7000095000110,7000095000015,-1,42,0.0,0.0,0.0,29820,19.06072,25.245146,37.970036,144683,2,2,4,-2.1549215,-185.4292,-203.26617,40.571198,69.42541,0.3339611,-0.13929328,0.120194934,17859235,7,316,0.020936692,379
7000095000112,47000700001793,7000095000129,7000095000000,47,0.5641766,7000095000113,-1,7000095000111,7000095000112,-1,50,5.2500057,3.9590209,4.991809,29820,19.059992,25.320778,38.072258,144683,2,2,4,-1.9209645,-160.26811,-185.77452,36.616356,64.07573,0.39675406,-0.336671,0.21071231,17859314,7,1793,0.026500799,983
7000095000113,46000700001928,7000095000129,7000095000000,46,0.6235901,7000095000114,-1,7000095000112,7000095000113,-1,48,4.5614805,3.5286925,4.3032837,29820,19.05845,25.385447,38.161568,144687,2,2,4,-1.2391912,-142.53413,-181.5104,33.26832,57.911495,0.43863487,-0.06727021,0.10080539,17859235,7,1928,0.028329821,84
7000095000114,45000700002009,7000095000129,7000095000000,45,0.6871088,7000095000115,-1,7000095000113,7000095000114,-1,54,3.8729553,2.6680357,3.442627,29821,19.050198,25.45203,38.248676,144701,2,2,4,1.9002004,-126.43304,-176.18988,34.101345,59.488377,0.43189472,-0.24649428,0.26535547,17859235,7,2009,0.035792567,607
7000095000115,44000700002060,7000095000129,7000095000000,44,0.75503564,7000095000116,-1,7000095000114,7000095000115,-1,55,2.7541015,2.065576,2.5819702,29821,19.046234,25.511694,38.34061,144701,2,2,4,7.9702625,-112.35977,-173.3632,35.04154,58.616497,0.32255572,-0.21260083,0.24077556,17859456,7,2060,0.038310282,186
7000095000116,43000700003845,7000095000126,7000095000000,43,0.8276991,7000095000117,7000095000127,7000095000115,7000095000116,-1,23,2.2377074,2.1516418,2.1516418,29821,19.036167,25.572687,38.450344,144701,2,2,4,1.3295957,-118.304535,-191.07578,32.21916,62.98954,-0.013418401,-0.004758574,-0.06951712,17859235,7,3845,0.013232263,243
7000095000117,42000700003670,7000095000126,7000095000000,42,0.9054624,7000095000118,-1,7000095000116,7000095000117,-1,24,2.3237731,2.3237731,2.3237731,29821,19.02205,25.621769,38.55071,144701,2,2,4,5.6085253,-112.92259,-186.60034,29.283405,53.988667,0.031854004,0.003179287,-0.045353975,17859313,7,3670,0.017222855,148
7000095000118,41000700003865,7000095000126,7000095000000,41,0.98870814,7000095000119,-1,7000095000117,7000095000118,-1,23,2.1516418,1.9795104,2.065576,29821,19.018204,25.67299,38.633823,144701,2,2,4,9.381424,-103.96275,-180.82503,26.140427,52.446533,-0.015312346,-0.010155892,-0.07124142,17859310,7,3865,0.018094145,564
7000095000119,40000700003475,7000095000126,7000095000000,40,1.0778745,7000095000120,-1,7000095000118,7000095000119,-1,28,2.4098387,1.8934448,2.4098387,29821,19.019325,25.743746,38.726982,144701,2,2,4,18.584993,-100.725555,-178.90059,31.686785,64.40067,0.12068601,0.0012420982,0.030593546,17859314,7,3475,0.014961925,716
7000095000120,39000700003646,7000095000126,7000095000000,39,1.173417,7000095000121,-1,7000095000119,7000095000120,-1,25,2.1516418,2.065576,2.1516418,29821,19.023039,25.804674,38.823086,144701,2,2,4,20.505178,-93.18163,-172.79018,36.27925,66.205315,0.05456823,-0.056764495,0.12703498,17859313,7,3646,0.012810595,494
7000095000121,38000700003639,7000095000126,7000095000000,38,1.2758462,7000095000122,-1,7000095000120,7000095000121,-1,25,2.1516418,2.065576,2.1516418,29821,19.005014,25.851063,38.917133,144701,2,2,4,22.370003,-87.96883,-169.5271,28.920185,56.840508,0.046660203,-0.0768491,0.079850666,17859310,7,3639,0.016753951,998
7000095000122,37000700003470,7000095000126,7000095000000,37,1.3857181,7000095000123,-1,7000095000121,7000095000122,-1,27,2.2377074,2.065576,2.2377074,29821,18.982891,25.88225,39.013493,144701,2,2,4,27.746588,-84.1674,-169.16858,30.23862,63.256557,0.040780637,-0.0030239124,0.09900473,17859339,7,3470,0.019675955,127
7000095000123,36000700003473,7000095000126,7000095000000,36,1.5036365,7000095000124,-1,7000095000122,7000095000123,-1,27,2.065576,1.7213135,2.065576,29732,18.956154,25.917446,39.097794,146457,2,2,4,31.90813,-78.99958,-164.45479,34.131294,63.080387,0.020104347,0.04955706,0.048944846,17859339,7,3473,0.018913288,420
7000095000124,35000700003353,7000095000126,7000095000000,35,1.6302707,7000095000125,-1,7000095000123,7000095000124,-1,29,2.1516418,2.065576,2.2377074,29732,18.938753,25.967299,39.194225,146457,2,2,4,31.299824,-77.87464,-161.5939,37.427845,64.27072,0.069593035,0.09598451,0.014401642,17859235,7,3353,0.013441098,605
7000095000125,34000700003486,7000095000126,7000095000000,34,1.766336,7000095000126,-1,7000095000124,7000095000125,-1,27,2.3237731,1.9795104,2.3237731,29732,18.923565,26.037012,39.294163,146457,2,2,4,30.792591,-76.147865,-157.48112,40.489883,67.629425,0.07641932,0.08973314,0.04955893,17859310,7,3486,0.012807701,147
7000095000126,33000700003559,7000095000126,7000095000000,33,1.9126327,-1,-1,7000095000125,7000095000126,-1,25,1.8934448,1.8934448,1.8934448,29732,18.914246,26.090164,39.389484,146457,2,2,4,38.49425,-75.097916,-153.60587,38.797806,71.86776,0.003329228,0.06290479,-0.023201866,17859313,7,3559,0.013605638,972
7000095000127,43000700003550,7000095000129,7000095000000,43,0.8276991,7000095000128,-1,7000095000115,7000095000127,-1,20,2.065576,1.8073791,2.065576,29821,19.052845,25.57872,38.322346,144701,2,2,4,-0.23455976,-84.950294,-148.78584,30.094677,50.980007,-0.08513778,-0.04542931,0.16298293,17859127,7,3550,0.022024969,223
7000095000128,41000700004112,7000095000129,7000095000000,41,0.98870814,7000095000129,-1,7000095000127,7000095000128,-1,23,1.1188537,0.9467224,1.1188537,29821,19.074574,25.633509,38.502163,144701,2,2,4,13.469784,-73.22391,-157.95367,31.651283,43.703762,-0.12540166,-0.21970586,0.13192351,17859639,7,4112,0.025967544,643
7000095000129,40000700003954,7000095000129,7000095000000,40,1.0778745,-1,-1,7000095000128,7000095000129,-1,23,0.86065674,0.86065674,0.86065674,29821,19.087914,25.66977,38.577293,144701,2,2,4,17.381079,-67.60409,-159.60114,27.68271,41.647255,-0.11926918,-0.19941185,0.13264391,17859639,7,3954,0.028065288,387
7000095000130,54000700000282,7000095000167,7000095000000,54,0.24246909,7000095000131,-1,7000095000008,7000095000009,7000095000169,29,0.0,0.0,0.0,29820,19.092295,24.908579,37.38383,144683,2,2,4,-79.9795,-63.538177,-141.63571,31.845621,51.64109,-0.005801476,0.17954406,-0.036241513,17860261,7,282,0.024232343,330
7000095000131,53000700000328,7000095000167,7000095000000,53,0.2798018,7000095000132,-1,7000095000130,7000095000010,-1,27,0.0,0.0,0.0,29820,19.134594,24.922848,37.42716,144683,2,2,4,-139.70325,-91.43521,-83.9193,47.128613,75.65421,-0.04232207,0.14012729,0.06728814,17860261,7,328,0.009544146,449
7000095000132,51000700000324,7000095000167,7000095000000,51,0.36234027,7000095000133,-1,7000095000131,7000095000012,-1,35,0.0,0.0,0.0,29820,19.211206,25.043625,37.42321,144683,2,2,4,56.06378,-175.99657,-3.3476317,40.444267,66.2314,0.16089787,0.2047954,0.3282525,17859416,7,324,0.016644025,785
7000095000133,50000700000306,7000095000167,7000095000000,50,0.40789944,7000095000134,-1,7000095000132,7000095000013,7000095000109,98,0.0,0.0,0.0,29820,19.192852,25.10208,37.439167,144683,2,2,4,69.52926,-144.20154,-60.420937,45.91588,77.33118,0.35260567,-0.27118507,0.7035025,17859454,7,306,0.03439047,613
7000095000134,49000700000315,7000095000167,7000095000000,49,0.45657724,7000095000135,-1,7000095000133,7000095000014,7000095000110,133,0.0,0.0,0.0,29820,19.168747,25.157225,37.457783,144683,2,2,4,83.42415,-127.39898,-85.490265,50.197903,79.9035,0.5915585,-0.60760975,0.61280906,17859442,7,315,0.044557918,329
7000095000135,48000700001071,7000095000167,7000095000000,48,0.5085914,7000095000136,-1,7000095000134,7000095000135,-1,135,12.393456,10.241815,12.13526,29820,19.120316,25.18893,37.507256,144683,2,2,4,86.764824,-116.83793,-101.16625,51.8238,83.93331,0.6229517,-0.59668654,0.6086102,17873749,7,1071,0.038271718,536
7000095000136,47000700000309,7000095000167,7000095000000,47,0.5641766,7000095000137,-1,7000095000135,7000095000016,7000095000095,130,0.0,0.0,0.0,29820,19.061502,25.231344,37.556595,144683,2,2,4,87.58261,-110.85733,-113.39691,54.830555,88.50623,0.4332971,-0.64346534,0.67182636,17859394,7,309,0.032380506,362
7000095000137,46000700001055,7000095000167,7000095000000,46,0.6235901,7000095000138,-1,7000095000136,7000095000137,-1,147,11.016406,9.295093,10.069683,29820,19.041958,25.306015,37.61323,144683,2,2,4,90.14074,-99.649536,-120.269394,52.767868,87.652306,0.5020563,-0.731853,0.59530586,17860013,7,1055,0.03579128,491
7000095000138,45000700001176,7000095000156,7000095000000,45,0.6871088,7000095000139,7000095000157,7000095000137,7000095000138,7000095000157,75,9.725421,6.971319,9.122961,29820,19.01786,25.335182,37.65528,144683,2,2,4,80.248886,-68.7511,-104.396904,43.546486,80.38456,0.064075306,-0.059119597,-0.102672845,17859403,7,1176,0.023599435,335
7000095000139,44000700001193,7000095000156,7000095000000,44,0.75503564,7000095000140,-1,7000095000138,7000095000139,-1,121,6.4549255,6.024597,6.4549255,29820,18.986437,25.370022,37.713383,144683,2,2,4,84.05529,-90.519745,-132.75117,46.247726,77.16273,0.34806013,-0.656565,0.83360744,17860320,7,1193,0.04189121,740
7000095000140,43000700001670,7000095000156,7000095000000,43,0.8276991,7000095000141,-1,7000095000139,7000095000140,-1,71,6.1106625,5.2500057,6.024597,29821,18.946716,25.404442,37.78472,144697,2,2,4,90.08883,-60.502502,-122.792274,42.51238,72.45344,-0.04043683,0.021030895,-0.16576742,17860269,7,1670,0.02767674,821
7000095000141,42000700001135,7000095000156,7000095000000,42,0.9054624,7000095000142,-1,7000095000140,7000095000141,7000095000159,80,5.680334,4.991809,5.680334,29821,18.88847,25.42066,37.840534,144697,2,2,4,87.54418,-63.9259,-130.89476,44.280025,78.060684,0.03564439,-0.07931491,0.10741189,17859407,7,1135,0.025624918,874
7000095000142,41000700001772,7000095000156,7000095000000,41,0.98870814,7000095000143,-1,7000095000141,7000095000142,-1,68,4.905743,4.5614805,4.8196774,29821,18.855963,25.444893,37.887794,144697,2,2,4,92.58009,-57.235737,-133.1123,42.94163,78.608864,-0.015730435,0.049855694,-0.2006157,17859407,7,1772,0.021136016,171
7000095000143,40000700001819,7000095000156,7000095000000,40,1.0778745,7000095000144,-1,7000095000142,7000095000143,-1,65,4.5614805,3.7868896,4.5614805,29821,18.810314,25.470459,37.94162,144697,2,2,4,93.18918,-54.726395,-136.14374,38.736057,71.53897,-0.13537122,-0.024889413,-0.17835382,17859656,7,1819,0.027398083,428
7000095000144,39000700001894,7000095000156,7000095000000,39,1.173417,7000095000145,-1,7000095000143,7000095000144,-1,63,4.4754148,3.5286925,4.4754148,29821,18.770967,25.496881,38.02617,144697,2,2,4,87.88794,-54.197037,-136.75331,36.871696,68.397766,-0.15906662,0.0968476,-0.12602124,17860320,7,1894,0.029573297,277
7000095000145,38000700002100,7000095000156,7000095000000,38,1.2758462,7000095000146,-1,7000095000144,7000095000145,-1,52,3.9590209,3.7868896,3.9590209,29821,18.72496,25.526854,38.100563,144701,2,2,4,86.83457,-51.86342,-134.48509,36.983425,69.519684,-0.15439475,-0.08652047,-0.042631872,17860272,7,2100,0.022479853,177
7000095000146,37000700002244,7000095000156,7000095000000,37,1.3857181,7000095000147,-1,7000095000145,7000095000146,-1,47,3.9590209,3.9590209,3.9590209,29821,18.66867,25.549038,38.178837,144701,2,2,4,87.842606,-51.76236,-136.25287,45.999573,78.259056,-0.10292859,-0.030172758,-0.010461614,17860320,7,2244,0.016945992,37
7000095000147,36000700002209,7000095000156,7000095000000,36,1.5036365,7000095000148,-1,7000095000146,7000095000147,-1,50,4.131152,4.0450864,4.131152,29821,18.61629,25.57419,38.259422,144701,2,2,4,87.790855,-50.378716,-136.9044,48.776085,80.89522,-0.08935301,-0.07462048,0.06307224,17860272,7,2209,0.01781998,491
7000095000148,35000700002334,7000095000156,7000095000000,35,1.6302707,7000095000149,-1,7000095000147,7000095000148,-1,46,3.7868896,3.2704954,3.7868896,29821,18.574589,25.604904,38.33151,144701,2,2,4,83.24621,-49.693707,-135.45238,42.556007,76.524376,-0.07227463,-0.011623685,-0.007440207,17860272,7,2334,0.018841563,499
7000095000149,34000700002195,7000095000156,7000095000000,34,1.766336,7000095000150,-1,7000095000148,7000095000149,-1,48,2.9262328,2.840167,3.098364,29821,18.543032,25.641247,38.41283,144700,2,2,4,83.135284,-53.16068,-137.10541,38.742973,71.719986,-0.017681185,0.035579283,0.07273537,17859662,7,2195,0.021539185,15
7000095000150,33000700002134,7000095000156,7000095000000,33,1.9126327,7000095000151,-1,7000095000149,7000095000150,-1,47,3.18443,2.9262328,3.18443,29821,18.484093,25.659807,38.479744,144700,2,2,4,81.4957,-49.036343,-137.48343,39.15417,72.22317,-0.02252297,0.026017519,0.13023752,17860312,7,2134,0.01763183,238
7000095000151,32000700002675,7000095000156,7000095000000,32,2.0700274,7000095000152,-1,7000095000150,7000095000151,-1,36,3.0122986,2.5819702,3.0122986,29821,18.441658,25.68783,38.55886,144700,2,2,4,84.34949,-47.908035,-137.72308,42.452778,75.983604,0.007745365,-0.056533746,0.025198126,17860320,7,2675,0.014239525,841
7000095000152,31000700002334,7000095000156,7000095000000,31,2.2394855,7000095000153,-1,7000095000151,7000095000152,-1,39,2.2377074,2.2377074,2.6680357,29821,18.39935,25.720234,38.628056,144700,2,2,4,82.98406,-41.83408,-132.60805,40.396824,68.729126,0.095224835,-0.044117965,0.08375423,17860320,7,2334,0.01774625,601
7000095000153,30000700002343,7000095000156,7000095000000,30,2.422044,7000095000154,-1,7000095000152,7000095000153,-1,38,2.840167,2.5819702,2.840167,29821,18.35272,25.749561,38.70348,144700,2,2,4,78.6622,-50.756935,-128.06741,44.06647,74.633415,0.009851498,-0.04866137,-0.022393977,17859407,7,2343,0.014665946,757
7000095000154,29000700002460,7000095000156,7000095000000,29,2.6188614,7000095000155,-1,7000095000153,7000095000154,-1,34,2.9262328,2.9262328,2.9262328,29821,18.28555,25.785547,38.78937,144700,2,2,4,77.4713,-49.777958,-125.19565,53.14889,84.983315,0.016532375,-0.017694414,0.010507256,17859662,7,2460,0.01022827,719
7000095000155,28000700002803,7000095000156,7000095000000,28,2.8311827,7000095000156,-1,7000095000154,7000095000155,-1,28,2.2377074,2.2377074,2.2377074,29821,18.223104,25.82716,38.86117,144700,2,2,4,81.02421,-51.66123,-129.68858,51.193745,79.81945,-0.00854181,-0.028166251,-0.0040898677,17859407,7,2803,0.010308735,238
7000095000156,27000700002883,7000095000156,7000095000000,27,3.060419,-1,-1,7000095000155,7000095000156,-1,25,1.549182,1.4631164,1.549182,29821,18.20534,25.878601,38.965954,144700,2,2,4,75.48746,-49.504147,-133.44342,43.87711,71.36685,0.08798702,-0.06849932,-0.003651814,17859407,7,2883,0.010250592,451
7000095000157,45000700001177,7000095000167,7000095000000,45,0.6871088,7000095000158,-1,7000095000137,7000095000138,-1,41,0.0,0.0,0.0,29820,18.946709,25.359718,37.703945,144683,2,2,4,96.21101,-147.3685,-166.80986,37.92522,72.513725,0.07622834,-0.0995494,0.11265396,17859443,7,1177,0.015655978,724
7000095000158,43000700002160,7000095000167,7000095000000,43,0.8276991,7000095000159,-1,7000095000157,7000095000158,-1,49,4.131152,3.2704954,4.131152,29821,18.856493,25.518644,37.861305,144697,2,2,4,73.19901,-129.75276,-161.37505,35.45858,67.96776,0.06558905,-0.09739904,0.060517717,17859398,7,2160,0.025309755,382
7000095000159,42000700001136,7000095000167,7000095000000,42,0.9054624,7000095000160,-1,7000095000158,7000095000141,-1,39,0.0,0.0,0.0,29821,18.819939,25.578999,37.938717,144697,2,2,4,68.6185,-123.94364,-161.61612,37.580338,73.15549,0.04232944,-0.05883976,0.01716784,17859398,7,1136,0.017159987,648
7000095000160,41000700001995,7000095000167,7000095000000,41,0.98870814,7000095000161,-1,7000095000159,7000095000160,-1,56,3.9590209,3.0122986,3.9590209,29821,18.786457,25.629091,38.032104,144697,2,2,4,61.36593,-118.14463,-160.33067,35.19027,67.41188,0.013871589,-0.03781496,0.13339481,17873749,7,1995,0.027359711,750
7000095000161,40000700002011,7000095000167,7000095000000,40,1.0778745,7000095000162,-1,7000095000160,7000095000161,-1,56,3.5286925,3.3565612,3.5286925,29821,18.755835,25.686481,38.132668,144701,2,2,4,60.25732,-110.85855,-158.17886,35.84935,64.58688,-0.0132255955,-0.079264954,0.22315674,17873749,7,2011,0.027068816,124
7000095000162,39000700002187,7000095000167,7000095000000,39,1.173417,7000095000163,-1,7000095000161,7000095000162,-1,52,3.7868896,3.18443,3.7008238,29821,18.728289,25.743404,38.223053,144701,2,2,4,55.66635,-107.39053,-154.80017,39.226654,72.02785,0.044008356,0.012596811,-0.010555979,17859398,7,2187,0.024559485,813
7000095000163,38000700002143,7000095000167,7000095000000,38,1.2758462,7000095000164,-1,7000095000162,7000095000163,-1,51,4.0450864,3.8729553,4.0450864,29821,18.698448,25.811285,38.29429,144701,2,2,4,53.65754,-102.820946,-151.81184,40.53033,72.99953,0.020106766,0.009748164,0.035008054,17859394,7,2143,0.020227827,484
7000095000164,37000700002330,7000095000167,7000095000000,37,1.3857181,7000095000165,-1,7000095000163,7000095000164,-1,46,4.0450864,3.7008238,4.0450864,29821,18.662365,25.881884,38.38483,144701,2,2,4,51.90126,-96.72882,-151.12724,50.967827,87.67166,0.088447556,-0.0073122624,-0.03738001,17859396,7,2330,0.012794576,827
7000095000165,36000700002524,7000095000167,7000095000000,36,1.5036365,7000095000166,-1,7000095000164,7000095000165,-1,42,3.18443,3.098364,3.18443,29821,18.6259,25.95091,38.45586,144701,2,2,4,48.625523,-94.105125,-153.5388,48.07945,77.794685,0.07325549,-0.023285497,-0.07963554,17859396,7,2524,0.014742618,689
7000095000166,35000700002414,7000095000167,7000095000000,35,1.6302707,7000095000167,-1,7000095000165,7000095000166,-1,44,1.3770508,1.2909851,1.3770508,29821,18.596941,26.01947,38.502132,144701,2,2,4,45.424446,-88.12383,-150.29167,37.077557,64.0475,0.06551843,0.03150553,-0.036230817,17859402,7,2414,0.029786527,177
7000095000167,34000700004355,7000095000167,7000095000000,34,1.766336,-1,-1,7000095000166,7000095000167,-1,20,0.0,0.0,0.0,29821,18.610579,25.951292,38.61283,144701,2,2,4,34.005257,-78.84984,-156.674,30.100983,39.826218,0.12008531,0.01901245,0.06281463,17859418,7,4355,0.026689695,484
7000095000168,55000700000334,7000095000169,7000095000000,55,0.20754863,7000095000169,-1,7000095000007,7000095000008,7000095000197,26,0.0,0.0,0.0,29820,19.25015,24.810038,37.121273,144683,2,2,4,158.63907,-11.1164665,-398.2789,30.043076,64.317764,0.21533284,-0.43499616,-0.01751258,17859314,7,334,0.024739062,333
7000095000169,54000700000283,7000095000169,7000095000000,54,0.24246909,-1,-1,7000095000168,7000095000009,-1,24,0.0,0.0,0.0,29820,19.190235,24.822485,37.24886,144683,2,2,4,165.08855,-62.21956,-412.6338,28.20149,51.862526,0.18298589,-0.46556625,0.060673896,17859314,7,283,0.019098932,703
7000095000170,58000700003346,7000095000187,7000095000000,58,0.11588337,7000095000171,7000095000188,7000095000004,7000095000170,-1,21,2.2377074,1.7213135,1.8934448,29820,19.16326,25.00231,37.27064,144683,2,2,4,86.57207,-124.80525,-365.19363,27.89276,57.824795,-0.07723056,-0.10996443,-0.085835636,17859329,7,3346,0.012949935,222
7000095000171,57000700003772,7000095000187,7000095000000,57,0.14438343,7000095000172,-1,7000095000170,7000095000171,-1,21,1.8073791,1.6352477,1.7213135,29820,19.143791,25.029078,37.363388,144683,2,2,4,79.70473,-125.94466,-350.09247,26.30409,50.385635,-0.07428183,-0.075312294,-0.09439859,17859329,7,3772,0.01698128,797
7000095000172,56000700003795,7000095000187,7000095000000,56,0.17489761,7000095000173,-1,7000095000171,7000095000172,-1,22,1.8073791,1.549182,1.6352477,29820,19.107265,25.07289,37.45555,144683,2,2,4,77.68836,-127.342125,-339.64056,25.695234,54.357655,-0.0501434,-0.15348545,-0.08071343,17859328,7,3795,0.018717632,865
7000095000173,55000700003640,7000095000187,7000095000000,55,0.20754863,7000095000174,-1,7000095000172,7000095000173,-1,22,1.9795104,1.3770508,1.7213135,29820,19.086105,25.1108,37.555576,144683,2,2,4,70.65846,-129.0672,-323.95636,23.193588,46.149544,-0.046091,-0.1348465,-0.08671952,17859323,7,3640,0.022797886,472
7000095000174,54000700003253,7000095000187,7000095000000,54,0.24246909,7000095000175,-1,7000095000173,7000095000174,-1,25,1.8934448,1.2909851,1.549182,29820,19.066095,25.146746,37.651257,144683,2,2,4,63.651073,-131.26254,-313.97415,17.83924,41.936245,-0.03397865,-0.042488303,-0.042747416,17859323,7,3253,0.030107444,152
7000095000175,53000700003384,7000095000187,7000095000000,53,0.2798018,7000095000176,-1,7000095000174,7000095000175,-1,24,1.9795104,1.032788,1.3770508,29820,19.048471,25.183678,37.75335,144683,2,2,4,56.948364,-132.03035,-299.54425,16.719448,39.253532,-0.013780233,-0.030607216,-0.066553555,17859328,7,3384,0.03573665,515
7000095000176,52000700003512,7000095000187,7000095000000,52,0.31970343,7000095000177,-1,7000095000175,7000095000176,-1,25,1.9795104,1.032788,1.4631164,29820,19.026142,25.24271,37.86251,144683,2,2,4,52.51369,-131.89767,-286.87537,18.650276,39.91695,0.044203244,0.0056874696,-0.051057518,17859331,7,3512,0.035489663,760
7000095000177,51000700003434,7000095000187,7000095000000,51,0.36234027,7000095000178,-1,7000095000176,7000095000177,-1,26,1.9795104,0.60245967,1.032788,29820,18.999527,25.299387,37.967228,144683,2,2,4,47.3822,-129.87506,-274.5054,19.503662,40.223766,0.01812491,0.008203574,-0.019477604,17859331,7,3434,0.042101197,690
7000095000178,50000700003133,7000095000187,7000095000000,50,0.40789944,7000095000179,-1,7000095000177,7000095000178,-1,27,2.065576,1.032788,1.549182,29820,19.004482,25.335249,38.060318,144683,2,2,4,43.538654,-127.36679,-263.5062,20.069061,42.44412,0.02628547,0.013599245,0.0058187735,17859331,7,3133,0.03359956,522
7000095000179,49000700003390,7000095000187,7000095000000,49,0.45657724,7000095000180,-1,7000095000178,7000095000179,-1,26,1.8934448,1.3770508,1.7213135,29820,18.991323,25.386467,38.15877,144687,2,2,4,38.586845,-124.79447,-254.38594,21.868143,42.38142,0.08052347,0.0012778202,-0.008483371,17859331,7,3390,0.03088952,150
7000095000180,48000700003216,7000095000187,7000095000000,48,0.5085914,7000095000181,-1,7000095000179,7000095000180,-1,27,1.9795104,1.6352477,1.8934448,29821,18.993177,25.442307,38.255608,144701,2,2,4,34.884995,-121.21391,-243.49304,24.55609,44.373154,0.084626436,0.031577032,0.0071037565,17859328,7,3216,0.030511584,96
7000095000181,47000700003531,7000095000187,7000095000000,47,0.5641766,7000095000182,-1,7000095000180,7000095000181,-1,26,1.7213135,1.3770508,1.549182,29821,18.986307,25.488722,38.353317,144701,2,2,4,33.9047,-117.759026,-234.02423,27.385279,42.7536,0.10150374,0.08980649,-0.022745656,17859326,7,3531,0.03010571,426
7000095000182,46000700003588,7000095000187,7000095000000,46,0.6235901,7000095000183,-1,7000095000181,7000095000182,-1,26,2.065576,1.8934448,1.9795104,29821,18.936426,25.524336,38.485012,144701,2,2,4,31.32453,-113.70499,-221.7716,29.643707,48.66843,0.11155652,0.09334262,-0.027197305,17859357,7,3588,0.027294233,865
7000095000183,45000700003518,7000095000187,7000095000000,45,0.6871088,7000095000184,-1,7000095000182,7000095000183,-1,26,2.2377074,1.8073791,2.065576,29821,18.91857,25.598124,38.595142,144701,2,2,4,30.553144,-110.99771,-214.63419,27.21667,48.124977,0.11719487,0.10234748,-0.038728245,17859331,7,3518,0.024727682,435
7000095000184,44000700003729,7000095000187,7000095000000,44,0.75503564,7000095000185,-1,7000095000183,7000095000184,-1,25,1.3770508,1.2909851,1.3770508,29821,18.946474,25.671185,38.68245,144701,2,2,4,30.62592,-106.64093,-206.34386,26.079643,44.50521,0.16526328,0.04570993,-0.022600655,17859331,7,3729,0.026024649,165
7000095000185,43000700003549,7000095000187,7000095000000,43,0.8276991,7000095000186,-1,7000095000184,7000095000185,-1,25,1.8934448,0.86065674,1.549182,29821,18.923935,25.71934,38.79713,144701,2,2,4,31.216228,-103.35326,-199.43768,23.545826,45.457214,0.1275927,0.022132887,-0.044011135,17859331,7,3549,0.027933383,228
7000095000186,41000700004004,7000095000187,7000095000000,41,0.98870814,7000095000187,-1,7000095000185,7000095000186,-1,22,0.9467224,0.86065674,0.86065674,29821,18.880785,25.81661,39.02282,144701,2,2,4,26.646477,-96.69086,-186.2376,24.889708,49.60755,0.026208675,0.137167,0.017046493,17859326,7,4004,0.032158636,684
7000095000187,40000700003841,7000095000187,7000095000000,40,1.0778745,-1,-1,7000095000186,7000095000187,-1,23,1.3770508,1.3770508,1.3770508,29732,18.87214,25.880898,39.10673,146457,2,2,4,28.01682,-92.05604,-183.21469,21.950594,46.06711,0.09312643,0.12154716,0.019685606,17859327,7,3841,0.024038453,653
7000095000188,58000700000264,7000095000189,7000095000000,58,0.11588337,7000095000189,-1,7000095000004,7000095000005,-1,26,0.0,0.0,0.0,29820,19.130932,24.872643,37.12568,144683,2,2,4,34.995255,-11.144603,-233.27628,27.763533,49.553314,0.0249389,0.14250366,0.005868823,17859451,7,264,0.063794814,858
7000095000189,57000700000264,7000095000189,7000095000000,57,0.14438343,-1,-1,7000095000188,7000095000006,-1,23,0.0,0.0,0.0,29820,19.116493,24.87357,37.19324,144683,2,2,4,24.739056,-21.14818,-226.11205,27.353193,50.491573,0.14479965,0.2575026,0.23834574,17859454,7,264,0.038593385,435