haloID,subHaloID,lastProgenitorId,treeId,snapNum,redshift,firstProgenitorId,nextProgenitorId,descendantId,firstHaloInFOFgroupId,nextHaloInFOFgroupId,np,m_Mean200,m_Crit200,m_TopHat,phKey,x,y,z,zIndex,ix,iy,iz,velX,velY,velZ,velDisp,vMax,spinX,spinY,spinZ,mostBoundID,fileNr,subhaloIndex,halfmassRadius,random
1000177000000,63000100000689,1000177000070,1000177000000,63,0.0,1000177000001,-1,-1,1000177000000,-1,483,43.377098,34.94266,40.70906,8144,23.977276,35.288784,4.3584137,70528,2,3,0,115.709755,-201.20058,185.46701,72.414856,141.46371,-0.20978057,-0.31591883,0.5084876,4666695,1,689,0.050709713,40
1000177000001,62000100000708,1000177000070,1000177000000,62,0.019932542,1000177000002,-1,1000177000000,1000177000001,-1,460,43.204967,34.5984,40.70906,8144,23.954144,35.325108,4.3244295,70528,2,3,0,118.51566,-204.38171,187.53326,73.74421,140.28053,-0.16864033,-0.70925194,0.30625182,4666443,1,708,0.04638192,189
1000177000002,61000100000701,1000177000070,1000177000000,61,0.041403063,1000177000003,-1,1000177000001,1000177000002,-1,476,43.1189,34.082005,39.848404,8144,23.932356,35.36939,4.282559,70528,2,3,0,116.513115,-205.03455,187.35248,75.284134,144.70302,-0.06882938,-0.52473706,0.5433059,4666443,1,701,0.046402972,911
1000177000003,60000100000691,1000177000070,1000177000000,60,0.064493395,1000177000004,-1,1000177000002,1000177000003,-1,454,42.860703,34.340202,39.245945,8144,23.905958,35.41411,4.233618,70528,2,3,0,117.56392,-209.1604,188.39171,74.884315,146.6134,-0.04452251,-0.6543725,0.19451326,4666714,1,691,0.045186967,983
1000177000004,59000100000647,1000177000070,1000177000000,59,0.08928783,1000177000005,-1,1000177000003,1000177000004,-1,446,42.258244,34.684467,38.55742,8144,23.878698,35.470867,4.191433,70528,2,3,0,115.242966,-210.65596,188.56006,74.25652,140.54904,-0.0075680898,-0.5559086,0.2839373,4666714,1,647,0.04426815,794
1000177000005,58000100000634,1000177000070,1000177000000,58,0.11588337,1000177000006,-1,1000177000004,1000177000005,-1,452,41.483654,34.25414,37.696762,8144,23.844158,35.52285,4.1399417,70528,2,3,0,114.48071,-211.27127,187.2951,70.94088,138.84734,-0.041341793,-0.6315917,0.2904953,4666432,1,634,0.044920865,470
1000177000006,57000100000651,1000177000070,1000177000000,57,0.14438343,1000177000007,-1,1000177000005,1000177000006,-1,443,40.96726,34.082005,37.52463,8144,23.81097,35.579327,4.097859,70528,2,3,0,113.27063,-213.8256,189.58943,72.69359,139.26836,-0.0046743047,-0.6124578,0.32838976,4665874,1,651,0.044377457,611
1000177000007,56000100000674,1000177000070,1000177000000,56,0.17489761,1000177000008,-1,1000177000006,1000177000007,-1,439,40.450867,33.393482,37.868896,8144,23.781635,35.64515,4.0434184,70528,2,3,0,113.08791,-215.07964,191.04962,75.97894,142.87247,-0.19468328,-0.529834,0.2562085,4665874,1,674,0.04133011,375
1000177000008,55000100000666,1000177000070,1000177000000,55,0.20754863,1000177000009,-1,1000177000007,1000177000008,-1,423,39.59021,32.877087,37.094303,8144,23.744896,35.706318,3.9848804,70528,2,3,0,110.61954,-217.15678,186.92012,76.030594,144.21046,-0.27856565,-0.32745433,0.19433181,4665874,1,666,0.038335405,824
1000177000009,54000100000686,1000177000070,1000177000000,54,0.24246909,1000177000010,-1,1000177000008,1000177000009,-1,409,39.245945,33.221348,36.40578,8144,23.711027,35.7793,3.9288132,70528,2,4,0,111.62812,-220.74739,188.23448,76.25962,144.85965,-0.10047149,-0.35332814,0.06601749,4665874,1,686,0.036586203,929
1000177000010,53000100000736,1000177000070,1000177000000,53,0.2798018,1000177000011,-1,1000177000009,1000177000010,-1,409,38.643486,32.877087,35.889385,8143,23.673592,35.856636,3.8668382,70308,2,4,0,109.4228,-221.58046,187.09781,75.03776,141.68329,-0.433182,-0.27705872,0.33161336,4665874,1,736,0.040898357,87
1000177000011,52000100000737,1000177000070,1000177000000,52,0.31970343,1000177000012,-1,1000177000010,1000177000011,-1,411,37.78283,33.135284,35.37299,8143,23.63108,35.934765,3.8032305,70308,2,4,0,106.26713,-222.63863,184.26736,74.05594,141.19647,-0.28013715,-0.40048593,0.21793675,4666691,1,737,0.039442997,532
1000177000012,51000100000715,1000177000070,1000177000000,51,0.36234027,1000177000013,-1,1000177000011,1000177000012,-1,402,37.43857,32.532825,34.42627,8143,23.589252,36.013966,3.7290514,70308,2,4,0,104.98502,-222.09126,182.41118,73.589935,138.41728,-0.30769607,-0.43031693,0.19472067,4666714,1,715,0.040044144,331
1000177000013,50000100000716,1000177000070,1000177000000,50,0.40789944,1000177000014,-1,1000177000012,1000177000013,-1,386,35.803318,31.586102,34.340202,8143,23.55844,36.092503,3.6588142,70308,2,4,0,101.39532,-222.89035,183.68372,76.881584,141.91518,-0.3181655,-0.40244013,0.22259025,4666983,1,716,0.036420587,657
1000177000014,49000100000699,1000177000070,1000177000000,49,0.45657724,1000177000015,-1,1000177000013,1000177000014,-1,384,35.02873,32.102497,34.25414,8143,23.51956,36.18533,3.5894115,70310,2,4,0,101.24985,-225.3297,183.46321,76.38618,143.93604,-0.31839955,-0.38507926,0.25333485,4666461,1,699,0.03733311,103
1000177000015,48000100000718,1000177000070,1000177000000,48,0.5085914,1000177000016,-1,1000177000014,1000177000015,-1,385,35.20086,31.758232,34.42627,8143,23.472322,36.273167,3.5105746,70310,2,4,0,99.9112,-228.51799,182.93561,73.32015,137.55705,-0.07902904,-0.4665055,0.094741,4666442,1,718,0.038645282,412
1000177000016,47000100000717,1000177000070,1000177000000,47,0.5641766,1000177000017,-1,1000177000015,1000177000016,-1,367,34.684467,31.155773,33.651676,8098,23.421734,36.373577,3.435878,69871,2,4,0,99.390175,-232.29166,181.76025,76.20785,138.28342,-0.20605366,-0.41980055,0.20716412,4666677,1,717,0.03738417,356
1000177000017,46000100000729,1000177000070,1000177000000,46,0.6235901,1000177000018,-1,1000177000016,1000177000017,-1,369,33.909874,30.63938,32.79102,8098,23.380838,36.47367,3.3415563,69871,2,4,0,95.3577,-232.8399,178.3189,82.28113,148.92715,-0.17899129,-0.44104725,0.23183367,4666702,1,729,0.03125294,814
1000177000018,45000100000734,1000177000070,1000177000000,45,0.6871088,1000177000019,-1,1000177000017,1000177000018,-1,365,33.135284,30.725445,32.274628,8098,23.335556,36.57875,3.262012,69871,2,4,0,94.82657,-234.35176,177.08568,79.880356,147.68431,-0.21866925,-0.46000105,0.21217251,4666691,1,734,0.03177039,819
1000177000019,44000100000767,1000177000070,1000177000000,44,0.75503564,1000177000020,-1,1000177000018,1000177000019,-1,353,32.532825,29.778723,31.672167,8098,23.284735,36.69787,3.1802616,69871,2,4,0,90.98422,-237.22975,175.04924,74.296104,134.72697,-0.06199483,-0.47256535,0.23023002,4666691,1,767,0.036687143,165
1000177000020,43000100000715,1000177000070,1000177000000,43,0.8276991,1000177000021,-1,1000177000019,1000177000020,-1,363,31.930365,28.22954,30.725445,8098,23.249472,36.817417,3.1019368,69871,2,4,0,87.70204,-234.92505,171.46602,73.71609,137.19688,-0.1436924,-0.6515063,0.10314826,4666948,1,715,0.036828052,788
1000177000021,42000100000710,1000177000070,1000177000000,42,0.9054624,1000177000022,-1,1000177000020,1000177000021,-1,360,30.036919,27.368883,29.864788,8098,23.198805,36.93393,3.0284092,69871,2,4,0,87.39466,-236.29709,173.0116,77.10561,143.19743,-0.22541735,-0.5067181,0.17210777,4666953,1,710,0.034494616,303
1000177000022,41000100000746,1000177000070,1000177000000,41,0.98870814,1000177000023,-1,1000177000021,1000177000022,-1,344,29.176262,27.110687,29.090197,8098,23.164877,37.06108,2.9328618,69871,2,4,0,84.053856,-237.44083,169.5157,78.02468,142.4386,-0.25035885,-0.5521851,0.14043668,4666476,1,746,0.03180359,823
1000177000023,40000100000705,1000177000070,1000177000000,40,1.0778745,1000177000024,-1,1000177000022,1000177000023,-1,340,29.26233,27.368883,29.090197,8097,23.131567,37.180847,2.8361347,69881,2,4,0,80.409035,-237.7464,163.70859,77.393074,138.95882,-0.0825924,-0.5856494,0.16067918,4666504,1,705,0.03357149,837
1000177000024,39000100000728,1000177000070,1000177000000,39,1.173417,1000177000025,-1,1000177000023,1000177000024,-1,322,28.918066,26.85249,28.659868,8097,23.090248,37.301025,2.7480083,69881,2,4,0,78.21291,-236.55533,159.32005,80.32472,142.84795,0.045048244,-0.5425137,0.112555966,4666504,1,728,0.029533133,443
1000177000025,38000100000696,1000177000070,1000177000000,38,1.2758462,1000177000026,-1,1000177000024,1000177000025,-1,313,28.401672,26.680359,28.401672,8097,23.039478,37.43821,2.6528876,69881,2,4,0,74.91846,-233.23352,153.4347,82.96354,146.21327,0.2147684,-0.788243,0.06727103,4666476,1,696,0.028156381,87
1000177000026,37000100000668,1000177000070,1000177000000,37,1.3857181,1000177000027,-1,1000177000025,1000177000026,-1,325,28.05741,26.422161,28.05741,8097,22.998007,37.56014,2.5597613,69881,2,4,0,75.14724,-231.19814,152.64626,80.80419,137.15216,0.013137198,-0.724116,0.19450375,4666700,1,668,0.0324599,895
1000177000027,36000100000637,1000177000070,1000177000000,36,1.5036365,1000177000028,-1,1000177000026,1000177000027,-1,306,27.282818,24.356585,27.454948,8097,22.937374,37.688274,2.4865103,69881,2,4,0,73.79813,-230.55804,147.1154,77.80089,136.95532,-0.078558646,-0.864492,0.07657761,4666988,1,637,0.031451043,805
1000177000028,35000100000693,1000177000064,1000177000000,35,1.6302707,1000177000029,1000177000065,1000177000027,1000177000028,-1,288,25.64757,24.872978,26.163963,8097,22.889778,37.814037,2.407674,69881,2,4,0,78.63624,-216.43074,131.45544,80.20641,135.74031,-0.5004227,-0.41256288,0.15957256,4666988,1,693,0.030513948,254
1000177000029,34000100000648,1000177000064,1000177000000,34,1.766336,1000177000030,-1,1000177000028,1000177000029,1000177000066,281,24.27052,23.237732,24.614782,8097,22.840458,37.93631,2.3269866,69881,2,4,0,72.65364,-218.50879,127.67248,89.647156,148.21309,-0.2095265,-0.7068511,0.0016372429,4666988,1,648,0.024515567,220
1000177000030,33000100000660,1000177000064,1000177000000,33,1.9126327,1000177000031,-1,1000177000029,1000177000030,-1,268,24.012321,23.66806,24.184454,8097,22.7909,38.05707,2.250155,69881,2,4,0,71.47339,-216.26888,120.222115,84.30818,142.45761,-0.6184045,-0.57152724,0.19840908,4666459,1,660,0.02603688,218
1000177000031,32000100000651,1000177000064,1000177000000,32,2.0700274,1000177000032,-1,1000177000030,1000177000031,-1,271,21.688549,19.450842,21.86068,8097,22.716091,38.18151,2.1636796,69883,2,4,0,72.77921,-206.89935,113.60274,73.80466,131.93231,-0.51321274,-0.2878594,0.19401687,4666701,1,651,0.0325405,452
1000177000032,31000100000606,1000177000056,1000177000000,31,2.2394855,1000177000033,1000177000057,1000177000031,1000177000032,1000177000057,218,18.50412,17.901659,18.67625,8097,22.659979,38.3231,2.084348,69883,2,4,0,89.67979,-212.48447,101.60126,78.61782,132.35506,-0.502653,0.28152436,0.3355533,4666710,1,606,0.026822383,517
1000177000033,30000100000632,1000177000056,1000177000000,30,2.422044,1000177000034,-1,1000177000032,1000177000033,-1,206,16.008215,15.663952,16.266413,8097,22.60333,38.37049,2.0503602,69883,2,4,0,83.94964,-212.82787,95.90187,90.857864,136.6788,-0.5154827,0.34007603,0.2803087,4666479,1,632,0.02170038,404
1000177000034,29000100000618,1000177000056,1000177000000,29,2.6188614,1000177000035,-1,1000177000033,1000177000034,-1,188,15.147558,14.71723,15.663952,8097,22.56161,38.571983,1.9665947,69883,2,4,0,84.69264,-204.29083,95.70193,86.30158,134.469,-0.38016263,0.30457312,0.19540145,4666146,1,618,0.021087812,932
1000177000035,28000100000844,1000177000045,1000177000000,28,2.8311827,1000177000036,1000177000046,1000177000034,1000177000035,-1,113,9.639355,9.381158,9.8975525,8102,22.511433,38.592705,1.9511794,69855,2,4,0,97.33104,-163.30246,91.95897,76.2575,134.20412,-0.28656,0.11123546,0.027454983,4666475,1,844,0.014170131,196
1000177000036,27000100000838,1000177000045,1000177000000,27,3.060419,1000177000037,-1,1000177000035,1000177000036,-1,104,8.176239,7.9180417,8.606567,8102,22.450068,38.70597,1.8970019,69854,2,4,0,96.65912,-166.94955,92.2918,69.51871,117.00475,-0.14656413,0.10192344,0.08111011,4666479,1,838,0.01507401,859
1000177000037,26000100000817,1000177000045,1000177000000,26,3.3080978,1000177000038,-1,1000177000036,1000177000037,-1,96,5.8524656,5.594269,6.024597,8102,22.39302,38.786247,1.8496716,69854,2,4,0,92.32734,-176.33174,80.6434,59.940945,105.11317,-0.28882667,0.14831525,-0.024735004,4666475,1,817,0.01786326,650
1000177000038,25000100001033,1000177000045,1000177000000,25,3.575905,1000177000039,-1,1000177000037,1000177000038,-1,65,4.6475463,4.6475463,4.905743,8102,22.356043,38.888187,1.7994621,69854,2,4,0,79.30851,-158.56142,79.955765,61.54218,105.57937,-0.03495341,0.11500453,-0.04420639,4666694,1,1033,0.011629153,360
1000177000039,24000100001037,1000177000045,1000177000000,24,3.8656828,1000177000040,-1,1000177000038,1000177000039,-1,56,4.8196774,4.8196774,4.991809,8102,22.31413,38.962948,1.7801938,69854,2,4,0,75.08659,-160.24998,77.23319,68.82821,113.67793,-0.03390314,0.0641207,0.012973248,4666693,1,1037,0.009826378,213
1000177000040,23000100000912,1000177000045,1000177000000,23,4.1794686,1000177000041,-1,1000177000039,1000177000040,-1,57,4.5614805,4.5614805,4.5614805,8102,22.27284,39.047527,1.7107416,69854,2,4,0,68.931946,-163.11935,74.763054,63.013233,109.128136,-0.07390437,0.14021224,-0.025129179,4666479,1,912,0.010465623,14
1000177000041,22000100000912,1000177000045,1000177000000,22,4.5195556,1000177000042,-1,1000177000040,1000177000041,-1,49,3.0122986,3.0122986,3.0122986,7769,22.250395,39.134174,1.6667552,70732,2,4,0,54.337482,-150.37337,68.12339,59.09306,97.63821,-0.049111534,0.069879636,0.09431276,4666475,1,912,0.009878337,493
1000177000042,21000100000945,1000177000045,1000177000000,21,4.888449,1000177000043,-1,1000177000041,1000177000042,-1,39,2.5819702,2.4959044,2.5819702,7769,22.210972,39.21541,1.6320989,70732,2,4,0,61.101513,-144.49454,73.58162,55.78276,99.36064,-0.12757829,-0.014358392,0.033884507,4666475,1,945,0.009272413,996
1000177000043,20000100000986,1000177000045,1000177000000,20,5.2888336,1000177000044,-1,1000177000042,1000177000043,-1,31,2.2377074,2.2377074,2.7541015,7769,22.18395,39.278374,1.5971296,70732,2,4,0,70.436745,-157.59126,60.70492,55.84175,92.34802,-0.011309197,0.022863233,-0.0064651766,4666475,1,986,0.007635832,878
1000177000044,19000100000621,1000177000045,1000177000000,19,5.7238646,1000177000045,-1,1000177000043,1000177000044,-1,36,1.8073791,1.8073791,2.2377074,7769,22.15401,39.352962,1.5795088,70732,2,4,0,63.505558,-146.9569,58.26453,54.97986,94.582,0.0059780004,0.08216217,0.04061034,4666475,1,621,0.009708712,780
1000177000045,18000100000999,1000177000045,1000177000000,18,6.1968336,-1,-1,1000177000044,1000177000045,-1,21,1.8073791,1.8073791,1.8073791,7769,22.108715,39.432922,1.5295393,70732,2,4,0,49.506886,-135.7094,65.16403,77.81182,124.99911,-0.061582327,0.11537162,-0.042509332,4666475,1,999,0.002964586,11
1000177000046,28000100001579,1000177000056,1000177000000,28,2.8311827,1000177000047,-1,1000177000034,1000177000046,-1,45,3.7868896,3.7868896,4.217218,8102,22.550486,38.763287,1.9182007,69855,2,4,0,13.733456,-294.23453,59.854755,61.836502,137.16609,0.07824986,0.10003442,0.02107985,4666953,1,1579,0.008870057,334
1000177000047,27000100001557,1000177000056,1000177000000,27,3.060419,1000177000048,-1,1000177000046,1000177000047,-1,44,4.3032837,4.0450864,4.4754148,8102,22.551798,38.92696,1.8803056,69855,2,4,0,19.191765,-270.10037,47.061085,48.836662,92.33804,0.15123788,0.14325038,-0.013829284,4666955,1,1557,0.010725318,189
1000177000048,26000100001606,1000177000056,1000177000000,26,3.3080978,1000177000049,-1,1000177000047,1000177000048,-1,43,3.3565612,3.098364,3.442627,7769,22.546188,39.065453,1.8573242,70733,2,4,0,17.639807,-245.98535,39.91457,48.20771,89.70434,0.08387022,0.08867611,0.11472794,4668913,1,1606,0.011409348,559
1000177000049,25000100002272,1000177000056,1000177000000,25,3.575905,1000177000050,-1,1000177000048,1000177000049,-1,30,2.4959044,2.4959044,2.4959044,7769,22.524904,39.20903,1.8454773,70733,2,4,0,23.289646,-242.85542,40.759697,53.312206,95.35016,0.040343933,-0.056979347,0.16779718,4666953,1,2272,0.007167612,825
1000177000050,24000100001698,1000177000056,1000177000000,24,3.8656828,1000177000051,-1,1000177000049,1000177000050,-1,36,2.4098387,2.4098387,2.4098387,7769,22.499615,39.36166,1.8107045,70733,2,4,0,26.698511,-227.0377,33.269157,53.196026,102.584335,0.070491545,0.05610721,0.015034805,4666952,1,1698,0.00905493,950
1000177000051,23000100001238,1000177000056,1000177000000,23,4.1794686,1000177000052,-1,1000177000050,1000177000051,-1,43,2.5819702,2.5819702,2.7541015,7769,22.479855,39.48359,1.8031198,70733,2,4,0,24.996664,-212.65265,33.76564,48.730213,90.92799,-0.12054125,0.05860249,-0.05598677,4666988,1,1238,0.011067774,239
1000177000052,22000100001215,1000177000056,1000177000000,22,4.5195556,1000177000053,-1,1000177000051,1000177000052,-1,38,2.5819702,2.5819702,2.5819702,7769,22.489634,39.59787,1.8009447,70733,2,4,0,24.410208,-205.27892,27.10903,55.118225,99.098274,0.02875257,0.034508366,-0.056968823,4666959,1,1215,0.009051867,677
1000177000053,21000100001356,1000177000056,1000177000000,21,4.888449,1000177000054,-1,1000177000052,1000177000053,-1,30,2.065576,2.065576,2.2377074,7769,22.499973,39.672615,1.7814269,70733,2,4,0,18.918526,-198.23619,23.251059,51.352882,96.795,-0.04574121,0.003465134,-0.053520825,4666974,1,1356,0.006602871,137
1000177000054,20000100001283,1000177000056,1000177000000,20,5.2888336,1000177000055,-1,1000177000053,1000177000054,-1,26,1.7213135,1.7213135,1.9795104,7769,22.473162,39.80353,1.7812327,70733,2,4,0,21.392822,-184.07053,13.798638,51.086124,93.47102,-0.044145655,0.0067487503,-0.029485287,4666960,1,1283,0.0064195725,780
1000177000055,19000100000979,1000177000056,1000177000000,19,5.7238646,1000177000056,-1,1000177000054,1000177000055,-1,27,1.032788,1.032788,1.032788,7769,22.489101,39.831547,1.7511314,70733,2,4,0,20.206707,-178.0702,12.57711,49.164513,91.22029,-0.051777203,-0.025450489,-0.026285322,4668913,1,979,0.009159679,82
1000177000056,18000100000900,1000177000056,1000177000000,18,6.1968336,-1,-1,1000177000055,1000177000056,-1,23,1.6352477,1.6352477,1.7213135,7769,22.450737,39.969334,1.7470657,70732,2,4,0,19.360899,-162.15036,16.519108,50.059807,93.02135,-0.06760586,-0.033653058,-0.05471787,4666963,1,900,0.0065730633,288
1000177000057,31000100000607,1000177000064,1000177000000,31,2.2394855,1000177000058,-1,1000177000031,1000177000032,-1,44,0.0,0.0,0.0,8097,22.87533,38.229073,2.148156,69883,2,4,0,-19.526136,-177.5069,140.13467,45.004864,80.86591,-0.020948015,-0.08321794,-0.15148816,4666665,1,607,0.013339007,832
1000177000058,30000100002038,1000177000064,1000177000000,30,2.422044,1000177000059,-1,1000177000057,1000177000058,-1,47,2.840167,2.5819702,3.6147583,8097,22.821,38.356274,2.0675294,69883,2,4,0,2.50208,-180.89806,140.62346,44.408463,77.4865,0.013722243,-0.066460684,-0.14866567,4666585,1,2038,0.019420575,455
1000177000059,29000100001867,1000177000064,1000177000000,29,2.6188614,1000177000060,-1,1000177000058,1000177000059,-1,48,3.9590209,3.9590209,3.9590209,8097,22.857805,38.460125,2.0230746,69883,2,4,0,18.52986,-182.67943,140.11272,45.44566,83.222984,0.03312684,-0.029210934,-0.18670242,4666463,1,1867,0.016131798,183
1000177000060,28000100001428,1000177000064,1000177000000,28,2.8311827,1000177000061,-1,1000177000059,1000177000060,-1,60,3.9590209,3.7008238,4.3032837,8102,22.867281,38.561787,1.9123738,69855,2,4,0,21.29066,-180.37677,142.23415,50.602505,89.841995,0.2004889,-0.16895713,-0.08549024,4666673,1,1428,0.015013271,52
1000177000061,27000100001426,1000177000064,1000177000000,27,3.060419,1000177000062,-1,1000177000060,1000177000061,-1,56,4.3893495,4.3032837,4.6475463,8102,22.84569,38.680138,1.8413918,69855,2,4,0,28.31305,-184.92126,138.95197,54.795536,90.88799,0.17245483,-0.17176394,-0.042503413,4666583,1,1426,0.013861066,647
1000177000062,26000100001714,1000177000064,1000177000000,26,3.3080978,1000177000063,-1,1000177000061,1000177000062,-1,43,3.442627,3.3565612,3.5286925,8102,22.793734,38.784996,1.7674265,69855,2,4,0,30.733181,-182.57187,136.69583,57.540417,88.10369,0.15118906,-0.13571288,-0.056981433,4666585,1,1714,0.012000667,635
1000177000063,25000100001488,1000177000064,1000177000000,25,3.575905,1000177000064,-1,1000177000062,1000177000063,-1,45,2.7541015,2.5819702,2.9262328,8102,22.793854,38.878613,1.6828024,69855,2,4,0,38.695457,-167.17952,122.56869,50.36636,84.85534,0.12536345,-0.19993758,-0.1107257,4666671,1,1488,0.012729295,16
1000177000064,24000100001367,1000177000064,1000177000000,24,3.8656828,-1,-1,1000177000063,1000177000064,-1,43,2.1516418,1.032788,2.5819702,8102,22.790829,38.956547,1.6160985,69855,2,4,0,42.44978,-169.1408,120.179405,46.634567,82.87404,0.17533304,-0.21346413,-0.09396828,4666585,1,1367,0.014288246,907
1000177000065,35000100003068,1000177000070,1000177000000,35,1.6302707,1000177000066,-1,1000177000027,1000177000065,-1,28,2.3237731,2.1516418,2.3237731,8097,23.049498,37.91229,2.4844837,69881,2,4,0,-7.9018855,-291.0301,213.65492,32.31838,60.560333,0.24571745,-0.21762656,0.062721096,15016175,1,3068,0.018230548,768
1000177000066,34000100000649,1000177000070,1000177000000,34,1.766336,1000177000067,-1,1000177000065,1000177000029,-1,20,0.0,0.0,0.0,8097,23.052423,38.087337,2.348879,69883,2,4,0,18.851618,-282.20367,215.66228,30.27073,64.144264,0.054658074,-0.17280208,0.006197855,15016048,1,649,0.010452981,396
1000177000067,33000100003977,1000177000070,1000177000000,33,1.9126327,1000177000068,-1,1000177000066,1000177000067,-1,22,1.3770508,1.2909851,1.549182,8097,23.061632,38.259552,2.210838,69883,2,4,0,31.12196,-264.37454,217.98793,29.812323,52.079147,0.083706655,-0.1477299,0.1086462,15016190,1,3977,0.0174242,263
1000177000068,32000100004223,1000177000070,1000177000000,32,2.0700274,1000177000069,-1,1000177000067,1000177000068,-1,21,1.032788,1.032788,1.032788,8097,23.000505,38.358376,2.0972722,69883,2,4,0,41.372955,-248.55782,216.90385,29.142647,51.03474,0.12207582,-0.108014375,0.091349445,15016190,1,4223,0.015632583,227
1000177000069,31000100003626,1000177000070,1000177000000,31,2.2394855,1000177000070,-1,1000177000068,1000177000069,-1,25,1.032788,1.032788,1.032788,8097,22.971085,38.500202,1.9922924,69883,2,4,0,51.434307,-238.45888,209.3958,27.100954,51.631866,0.08367463,-0.14712434,0.18594071,15016048,1,3626,0.01928642,316
1000177000070,30000100003889,1000177000070,1000177000000,30,2.422044,-1,-1,1000177000069,1000177000070,-1,22,0.86065674,0.86065674,0.86065674,8102,22.92802,38.63629,1.8588394,69855,2,4,0,57.25182,-229.31854,207.80643,27.082064,51.639484,0.19744872,-0.057739433,0.20747505,15016118,1,3889,0.018189073,343
