haloID,subHaloID,lastProgenitorId,treeId,snapNum,redshift,firstProgenitorId,nextProgenitorId,descendantId,firstHaloInFOFgroupId,nextHaloInFOFgroupId,np,m_Mean200,m_Crit200,m_TopHat,phKey,x,y,z,zIndex,ix,iy,iz,velX,velY,velZ,velDisp,vMax,spinX,spinY,spinZ,mostBoundID,fileNr,subhaloIndex,halfmassRadius,random
1000083000000,63000100000513,1000083000149,1000083000000,63,0.0,1000083000001,-1,-1,1000083000000,1000083000150,1507,142.1805,97.68454,117.565704,6764,26.913761,60.129562,27.009144,97967,3,6,3,512.2017,-11.498299,-212.91045,101.30345,193.7035,-0.7073933,1.8533683,0.5957624,4109270,1,513,0.082899235,227
1000083000001,62000100000508,1000083000149,1000083000000,62,0.019932542,1000083000002,-1,1000083000000,1000083000001,1000083000151,1487,140.71738,97.168144,118.68456,6764,26.819937,60.14002,27.055313,97967,3,6,3,510.78848,-11.146809,-216.66173,100.56595,188.26266,-0.8320156,2.019262,0.40174037,4109436,1,508,0.080363736,52
1000083000002,61000100000525,1000083000149,1000083000000,61,0.041403063,1000083000003,-1,1000083000001,1000083000002,1000083000152,1408,137.79114,97.7706,116.70505,6764,26.710278,60.13884,27.1025,97967,2,6,3,507.80823,-8.766589,-217.04019,103.56177,197.40092,-0.6210756,2.1087215,0.33277428,4109436,1,525,0.07527993,150
1000083000003,60000100000502,1000083000149,1000083000000,60,0.064493395,1000083000004,-1,1000083000002,1000083000003,1000083000153,1359,135.20917,98.20093,116.44685,6764,26.594831,60.143806,27.145714,97967,2,6,3,506.22525,-7.462855,-221.93326,103.81898,196.92795,-0.92602885,2.3212826,0.52026474,4109254,1,502,0.0715114,444
1000083000004,59000100000465,1000083000149,1000083000000,59,0.08928783,1000083000005,-1,1000083000003,1000083000004,1000083000154,1348,133.4018,97.59847,115.15587,6764,26.470087,60.143936,27.198874,97967,2,6,3,502.93893,-4.2827277,-222.76134,104.628075,193.72343,-1.1250341,2.23813,0.2975514,4109254,1,465,0.070273064,516
1000083000005,58000100000457,1000083000149,1000083000000,58,0.11588337,1000083000006,-1,1000083000004,1000083000005,1000083000155,1309,131.42229,98.71732,115.15587,6764,26.341154,60.145542,27.25725,97966,2,6,3,493.97156,1.0742553,-222.21596,105.163506,193.51865,-0.8047968,1.9830735,0.16611467,4109254,1,457,0.070174865,760
1000083000006,57000100000453,1000083000149,1000083000000,57,0.14438343,1000083000007,-1,1000083000005,1000083000006,1000083000156,1243,128.49605,98.5452,115.672264,6764,26.208408,60.14546,27.318201,97966,2,6,3,491.9432,4.3751783,-222.72821,106.968155,192.24583,-0.77331305,2.1662226,0.4184092,4109436,1,453,0.062793106,270
1000083000007,56000100000471,1000083000149,1000083000000,56,0.17489761,1000083000008,-1,1000083000006,1000083000007,1000083000157,1261,127.118996,98.0288,116.016525,6771,26.06496,60.149208,27.384438,98186,2,6,3,491.6409,8.882731,-223.02516,110.37614,200.77768,-0.8149538,2.3527963,0.44792408,15573870,1,471,0.061736237,921
1000083000008,55000100000442,1000083000149,1000083000000,55,0.20754863,1000083000009,-1,1000083000007,1000083000008,1000083000158,1275,126.000145,98.0288,115.84439,6771,25.920397,60.14469,27.451975,98186,2,6,3,480.4803,15.805936,-222.3083,109.63075,197.15475,-0.6850134,2.168232,-0.104277685,15573870,1,442,0.062530056,341
1000083000009,54000100000475,1000083000149,1000083000000,54,0.24246909,1000083000010,-1,1000083000008,1000083000009,1000083000159,1269,124.1067,98.71732,114.897675,6771,25.772278,60.139164,27.518003,98186,2,6,3,482.70728,20.26103,-222.26921,106.21692,192.52284,-0.83560216,2.4784937,0.40802887,4109270,1,475,0.06463997,244
1000083000010,53000100000499,1000083000149,1000083000000,53,0.2798018,1000083000011,-1,1000083000009,1000083000010,1000083000160,1261,122.81571,96.30749,115.0698,6771,25.606045,60.12933,27.593746,98186,2,6,3,477.25595,26.527634,-219.16026,106.4882,190.85927,-0.88771766,2.524705,0.41389388,4109123,1,499,0.066308066,150
1000083000011,52000100000494,1000083000106,1000083000000,52,0.31970343,1000083000012,1000083000107,1000083000010,1000083000011,1000083000161,1202,120.147675,93.63945,111.971436,6771,25.444878,60.118927,27.673285,98186,2,6,3,471.34955,35.777798,-219.84332,106.71691,195.06377,-0.77332157,2.223844,0.090181604,4109123,1,494,0.061404902,639
1000083000012,51000100000494,1000083000106,1000083000000,51,0.36234027,1000083000013,-1,1000083000011,1000083000012,1000083000162,1197,115.84439,91.40174,106.463234,6768,25.280066,60.102436,27.750565,98179,2,6,3,467.36127,42.275906,-217.02826,107.24526,197.11653,-0.6376036,2.4171023,0.051731903,4109436,1,494,0.061078347,938
1000083000013,50000100000487,1000083000106,1000083000000,50,0.40789944,1000083000014,-1,1000083000012,1000083000013,1000083000163,1131,109.303406,90.36896,101.98782,6768,25.096996,60.087387,27.839184,98179,2,6,3,463.4566,49.01355,-211.78967,106.10315,194.00166,-0.58908784,2.4151092,-0.19942835,4109129,1,487,0.057649896,812
1000083000014,49000100000495,1000083000106,1000083000000,49,0.45657724,1000083000015,-1,1000083000013,1000083000014,-1,1099,104.914055,90.799286,100.43864,6768,24.903507,60.064743,27.925592,98179,2,6,3,455.35574,54.82338,-211.71458,109.12124,193.76479,-0.5497141,2.3665416,-0.6047893,15573866,1,495,0.057131656,613
1000083000015,48000100000502,1000083000106,1000083000000,48,0.5085914,1000083000016,-1,1000083000014,1000083000015,1000083000110,1055,103.70914,92.5206,100.094376,6768,24.708525,60.0425,28.008041,98179,2,6,3,451.1181,59.209923,-200.7466,106.92333,193.18497,-0.48472372,1.8478829,-0.75628453,4109025,1,502,0.054280274,72
1000083000016,47000100000485,1000083000106,1000083000000,47,0.5641766,1000083000017,-1,1000083000015,1000083000016,1000083000111,1045,102.676346,92.348465,99.23372,6768,24.516624,60.00684,28.087948,98179,2,6,3,442.28104,62.45935,-198.94377,110.3209,195.266,-0.3110164,1.8441839,-0.92455924,15573872,1,485,0.05292773,239
1000083000017,46000100000476,1000083000106,1000083000000,46,0.6235901,1000083000018,-1,1000083000016,1000083000017,1000083000112,1019,102.332085,87.01239,98.11487,6768,24.323313,59.97421,28.172325,98178,2,6,3,428.08395,66.60845,-194.75386,110.894035,195.50264,-0.25605428,1.7679937,-0.73874,4109569,1,476,0.050674736,104
1000083000018,45000100000470,1000083000106,1000083000000,45,0.6871088,1000083000019,-1,1000083000017,1000083000018,1000083000113,1003,95.2747,85.54928,92.348465,6768,24.11712,59.95339,28.279305,98178,2,6,3,425.86972,74.3887,-196.67108,110.9011,195.04848,-0.38895667,1.8616586,-0.7466017,4109045,1,470,0.04902034,825
1000083000019,44000100000479,1000083000106,1000083000000,44,0.75503564,1000083000020,-1,1000083000018,1000083000019,1000083000114,1003,90.28289,81.50419,88.647644,6768,23.907549,59.905308,28.365953,98182,2,6,3,414.5094,80.19906,-195.89343,112.18632,197.2408,-0.37328738,1.9259242,-0.84003735,4109254,1,479,0.04878114,200
1000083000020,43000100000462,1000083000106,1000083000000,43,0.8276991,1000083000021,-1,1000083000019,1000083000020,-1,973,89.68043,79.18042,87.528786,6768,23.721231,59.86868,28.466915,98182,2,6,3,402.55746,84.05866,-193.54968,109.158676,191.67691,-0.22173569,1.8837154,-0.79958177,4109045,1,462,0.049570937,110
1000083000021,42000100000458,1000083000106,1000083000000,42,0.9054624,1000083000022,-1,1000083000020,1000083000021,-1,931,86.66813,75.651726,84.25829,6768,23.519764,59.81559,28.549126,98182,2,6,3,399.4523,87.89903,-197.79143,111.59679,197.4737,-0.2344144,1.9513808,-0.74646646,4109023,1,458,0.04488654,638
1000083000022,41000100000475,1000083000106,1000083000000,41,0.98870814,1000083000023,-1,1000083000021,1000083000022,-1,910,84.77469,76.59845,83.91403,6799,23.296972,59.765896,28.645206,97743,2,6,3,393.75415,96.19941,-192.0458,113.07742,192.65933,-0.28712645,1.6846707,-0.783837,4109045,1,475,0.0458058,909
1000083000023,40000100000413,1000083000106,1000083000000,40,1.0778745,1000083000024,-1,1000083000022,1000083000023,-1,887,81.07386,74.87714,79.86894,6799,23.127184,59.729122,28.75932,97743,2,6,3,382.18054,93.750725,-183.5296,107.596085,189.16891,-0.20746301,1.7818072,-0.63209385,4109045,1,413,0.04701378,293
1000083000024,39000100000423,1000083000106,1000083000000,39,1.173417,1000083000025,-1,1000083000023,1000083000024,-1,986,82.45091,74.532875,82.45091,6799,22.9371,59.674473,28.864206,97743,2,6,3,374.34085,98.20343,-184.44038,112.94326,187.63872,-0.46754903,1.8450174,-0.4507018,4109045,1,423,0.055400554,75
1000083000025,38000100000356,1000083000090,1000083000000,38,1.2758462,1000083000026,1000083000091,1000083000024,1000083000025,1000083000091,1000,86.32387,77.545166,86.32387,6799,22.732264,59.605732,28.926277,97743,2,6,3,351.37408,93.90792,-181.85411,112.04254,184.46835,-0.46102768,1.5036452,-0.4786276,4109262,1,356,0.057311054,447
1000083000026,37000100000352,1000083000090,1000083000000,37,1.3857181,1000083000027,-1,1000083000025,1000083000026,-1,1078,87.959114,83.827965,88.13125,6799,22.550257,59.539795,29.008518,97741,2,6,3,354.65085,100.41232,-178.63776,121.268265,196.41626,-0.38634852,1.8848468,-0.57616675,4109029,1,352,0.055746477,325
1000083000027,36000100000318,1000083000090,1000083000000,36,1.5036365,1000083000028,-1,1000083000026,1000083000027,1000083000092,1041,94.84437,90.885345,95.61896,6799,22.36495,59.502106,29.155916,97740,2,6,3,354.70935,101.47811,-179.29218,135.2754,210.44376,-0.33376113,2.0342553,-0.86446804,4109023,1,318,0.045410406,289
1000083000028,35000100000331,1000083000090,1000083000000,35,1.6302707,1000083000029,-1,1000083000027,1000083000028,1000083000093,987,88.991905,84.86075,89.59436,6799,22.174557,59.4792,29.293211,97740,2,6,3,348.43295,104.0802,-173.53949,134.67087,206.61256,-0.39414287,2.3504124,-1.0786197,4109024,1,331,0.04611383,105
1000083000029,34000100000314,1000083000070,1000083000000,34,1.766336,1000083000030,1000083000071,1000083000028,1000083000029,1000083000078,832,75.2214,70.83205,77.200905,6792,21.970526,59.413826,29.396852,97768,2,6,3,330.34286,102.95865,-160.12222,121.97019,179.05698,-0.37977332,2.2104297,-0.84707206,4109046,1,314,0.051287692,567
1000083000030,33000100000313,1000083000070,1000083000000,33,1.9126327,1000083000031,-1,1000083000029,1000083000030,1000083000095,696,40.96726,37.95496,43.29103,6792,21.747833,59.338863,29.455936,97768,2,6,3,331.56863,116.63573,-142.03917,109.63405,166.95357,-0.4281018,2.3643816,-1.1263671,4109052,1,313,0.049871568,229
1000083000031,32000100000329,1000083000045,1000083000000,32,2.0700274,1000083000032,1000083000046,1000083000030,1000083000031,1000083000096,369,26.85249,25.64757,27.454948,6792,21.552647,59.253693,29.494505,97768,2,6,3,314.44577,132.37204,-92.60141,80.74028,144.00768,-0.39641336,0.10359565,-0.20016915,4109035,1,329,0.037911754,493
1000083000032,31000100000391,1000083000045,1000083000000,31,2.2394855,1000083000033,-1,1000083000031,1000083000032,1000083000052,454,17.47133,16.868872,18.418055,6795,21.376131,59.18524,29.555508,97761,2,6,3,270.0021,97.557884,-155.91763,85.77827,138.98825,-0.23317249,1.8945905,-0.9242646,4109038,1,391,0.08274085,549
1000083000033,30000100000537,1000083000045,1000083000000,30,2.422044,1000083000034,-1,1000083000032,1000083000033,1000083000053,216,15.147558,14.631165,16.008215,6795,21.204672,59.11239,29.61987,97761,2,6,3,292.51788,126.0209,-103.5466,73.02002,131.74496,-0.1841605,0.17804064,-0.2598748,4109038,1,537,0.02410864,577
1000083000034,29000100000623,1000083000045,1000083000000,29,2.6188614,1000083000035,-1,1000083000033,1000083000034,-1,185,15.2336235,15.061493,15.750018,6795,21.019209,59.04822,29.673973,97761,2,6,3,281.34488,126.0159,-100.21288,75.95147,130.83493,-0.0041307085,-0.22225164,-0.04884386,4109041,1,623,0.022411326,44
1000083000035,28000100000582,1000083000045,1000083000000,28,2.8311827,1000083000036,-1,1000083000034,1000083000035,-1,182,15.2336235,15.061493,15.663952,6795,20.86637,58.959274,29.734417,97761,2,6,3,268.46768,122.01893,-97.22842,81.289986,137.58621,-0.071430475,-0.31519753,-0.022205155,4109035,1,582,0.018464038,927
1000083000036,27000100000582,1000083000045,1000083000000,27,3.060419,1000083000037,-1,1000083000035,1000083000036,-1,165,14.631165,14.631165,14.631165,6795,20.71568,58.895596,29.772219,97761,2,6,3,261.18872,119.37582,-99.350365,87.392426,145.68146,-0.07775762,-0.16553979,-0.10591468,4109040,1,582,0.016517052,32
1000083000037,26000100000547,1000083000045,1000083000000,26,3.3080978,1000083000038,-1,1000083000036,1000083000037,-1,151,12.307391,12.307391,12.823785,6795,20.56653,58.850105,29.827385,97761,2,6,3,244.21165,113.14099,-94.95931,86.76057,139.6612,-0.17940956,-0.18562335,-0.1092601,4109040,1,547,0.01512631,403
1000083000038,25000100000566,1000083000045,1000083000000,25,3.575905,1000083000039,-1,1000083000037,1000083000038,-1,123,9.122961,9.122961,9.811486,6795,20.424725,58.807587,29.91987,97760,2,6,3,243.40001,106.39405,-94.16524,74.72276,130.73984,-0.054022416,-0.124683715,0.035935976,4109056,1,566,0.015272166,267
1000083000039,24000100000638,1000083000045,1000083000000,24,3.8656828,1000083000040,-1,1000083000038,1000083000039,-1,94,7.4016476,7.4016476,7.7459106,6795,20.295385,58.741554,29.983269,97760,2,6,3,233.77953,103.038605,-107.12468,68.714096,123.31281,0.017092556,-0.0014460973,-0.1016731,4109129,1,638,0.012925577,293
1000083000040,23000100000553,1000083000045,1000083000000,23,4.1794686,1000083000041,-1,1000083000039,1000083000040,-1,90,6.024597,5.7664,6.282794,6795,20.172733,58.686913,30.061207,97760,2,6,3,230.28539,103.98609,-99.14057,68.407425,119.7729,0.025937816,0.030854827,-0.11116997,4109023,1,553,0.013077494,205
1000083000041,22000100000476,1000083000045,1000083000000,22,4.5195556,1000083000042,-1,1000083000040,1000083000041,-1,83,5.1639404,5.1639404,5.3360715,6795,20.039589,58.64809,30.12465,97760,2,6,3,218.16231,97.02074,-92.29337,65.25073,116.26,-0.107660145,-0.014765044,-0.09247067,4109099,1,476,0.012363103,112
1000083000042,21000100000477,1000083000045,1000083000000,21,4.888449,1000083000043,-1,1000083000041,1000083000042,-1,69,3.9590209,3.9590209,4.4754148,6795,19.918055,58.618885,30.188282,97760,2,6,3,207.28104,89.99221,-102.716644,66.02031,113.83242,-0.12079932,0.046745338,-0.10278986,4109023,1,477,0.010459998,62
1000083000043,20000100000563,1000083000045,1000083000000,20,5.2888336,1000083000044,-1,1000083000042,1000083000043,-1,49,3.9590209,3.9590209,3.9590209,6790,19.85586,58.55257,30.23217,97650,2,6,3,185.91112,73.79153,-85.35944,68.72506,113.29112,-0.06911879,0.0764952,-0.03264274,4109044,1,563,0.007972121,173
1000083000044,19000100000567,1000083000045,1000083000000,19,5.7238646,1000083000045,-1,1000083000043,1000083000044,-1,38,2.4098387,2.4098387,2.6680357,6790,19.733894,58.531307,30.299467,97654,2,6,3,184.71738,68.56607,-86.808395,61.06614,102.73698,-0.026788238,0.06422862,0.033433937,4109043,1,567,0.0079876855,576
1000083000045,18000100000445,1000083000045,1000083000000,18,6.1968336,-1,-1,1000083000044,1000083000045,-1,36,0.0,0.0,0.0,6790,19.621946,58.52009,30.369614,97654,2,6,3,176.054,63.080353,-76.23007,53.585445,87.27597,-0.026853755,-0.024275651,-0.046275046,4109249,1,445,0.012490053,478
1000083000046,32000100000335,1000083000050,1000083000000,32,2.0700274,1000083000047,1000083000051,1000083000030,1000083000031,-1,27,0.0,0.0,0.0,6795,21.286243,59.138298,29.3769,97761,2,6,3,437.38495,149.27354,-63.208633,31.883217,65.46555,0.0017915982,-0.0934789,-0.07363291,4109303,1,335,0.014926339,452
1000083000047,31000100002932,1000083000050,1000083000000,31,2.2394855,1000083000048,-1,1000083000046,1000083000047,-1,23,2.3237731,2.3237731,2.3237731,6795,21.05073,59.058907,29.405163,97761,2,6,3,408.45908,157.0681,-64.83652,40.53573,74.45793,0.08851952,-0.019922053,-0.065148056,4109269,1,2932,0.0088814795,711
1000083000048,30000100002333,1000083000050,1000083000000,30,2.422044,1000083000049,-1,1000083000047,1000083000048,-1,31,2.5819702,2.4098387,2.5819702,6795,20.807486,58.95818,29.449394,97761,2,6,3,380.06442,144.52966,-75.1902,42.054165,75.19465,0.042833034,0.060255893,-0.038944248,4109308,1,2333,0.010474083,394
1000083000049,29000100002467,1000083000050,1000083000000,29,2.6188614,1000083000050,-1,1000083000048,1000083000049,-1,30,2.4098387,2.4098387,2.4959044,6795,20.581236,58.881744,29.482275,97761,2,6,3,357.95822,135.86281,-81.344765,45.58457,87.82606,0.065438084,0.0366447,-0.06589123,4109303,1,2467,0.01181538,799
1000083000050,28000100002873,1000083000050,1000083000000,28,2.8311827,-1,-1,1000083000049,1000083000050,-1,26,1.9795104,1.9795104,1.9795104,6795,20.375092,58.792,29.52423,97760,2,6,3,328.5787,126.79088,-83.76274,41.891884,75.95267,0.094612256,0.08965954,-0.04061509,4109264,1,2873,0.010747438,576
1000083000051,32000100000333,1000083000061,1000083000000,32,2.0700274,1000083000052,1000083000062,1000083000030,1000083000031,1000083000073,34,0.0,0.0,0.0,6795,21.43309,59.256073,29.53488,97761,2,6,3,442.01297,190.20282,-35.565395,49.972454,83.04326,0.0229037,0.16824889,-0.097669326,4109311,1,333,0.009839039,216
1000083000052,31000100000392,1000083000061,1000083000000,31,2.2394855,1000083000053,-1,1000083000051,1000083000032,-1,45,0.0,0.0,0.0,6795,21.1857,59.130894,29.548721,97761,2,6,3,387.7504,185.19461,-25.890015,42.861645,83.19645,-0.0038141576,0.0016411997,0.01345345,4109337,1,392,0.014326314,795
1000083000053,30000100000538,1000083000061,1000083000000,30,2.422044,1000083000054,-1,1000083000052,1000083000033,-1,39,0.0,0.0,0.0,6795,20.979254,59.0489,29.557495,97761,2,6,3,348.7317,177.54285,-21.065128,50.475407,88.838875,-0.031448156,0.06669171,0.030358545,4109342,1,538,0.010373921,591
1000083000054,29000100001828,1000083000061,1000083000000,29,2.6188614,1000083000055,-1,1000083000053,1000083000054,-1,48,3.7008238,3.6147583,3.8729553,6795,20.76334,58.93125,29.574324,97761,2,6,3,320.84402,175.63393,-7.2872386,51.323483,86.05013,-0.085918926,-0.020146392,0.042029798,4109327,1,1828,0.014341048,380
1000083000055,28000100001742,1000083000061,1000083000000,28,2.8311827,1000083000056,-1,1000083000054,1000083000055,-1,49,3.6147583,3.6147583,3.6147583,6795,20.600798,58.84314,29.591007,97761,2,6,3,294.9451,168.1174,-9.371284,47.340057,89.94599,-0.0011990306,0.046211533,0.058868486,4109342,1,1742,0.014525792,760
1000083000056,27000100001778,1000083000061,1000083000000,27,3.060419,1000083000057,-1,1000083000055,1000083000056,-1,45,3.442627,3.3565612,3.7008238,6795,20.43364,58.74282,29.596012,97760,2,6,3,276.05167,164.20853,0.6872145,55.728706,94.78318,-0.052391827,-0.089368,0.071068496,4109336,1,1778,0.009991097,524
1000083000057,26000100001417,1000083000061,1000083000000,26,3.3080978,1000083000058,-1,1000083000056,1000083000057,-1,51,3.7868896,3.7868896,3.8729553,6795,20.296446,58.64031,29.57601,97760,2,6,3,254.05568,156.01195,-1.0950747,51.937138,93.48984,0.015512813,0.05765822,0.0153704705,4109341,1,1417,0.011922765,1
1000083000058,25000100001510,1000083000061,1000083000000,25,3.575905,1000083000059,-1,1000083000057,1000083000058,-1,44,3.2704954,3.2704954,3.442627,6790,20.147762,58.551308,29.579536,97650,2,6,3,247.50687,142.96562,3.3614998,59.232376,99.89646,0.0051490148,-0.004072426,0.03269091,4109337,1,1510,0.009289748,873
1000083000059,24000100001799,1000083000061,1000083000000,24,3.8656828,1000083000060,-1,1000083000058,1000083000059,-1,33,2.840167,2.840167,2.840167,6790,20.021223,58.47316,29.590914,97650,2,6,3,231.87903,140.84311,2.6848652,53.138966,91.53356,0.081444465,0.0014770483,0.013560473,4109328,1,1799,0.009056614,212
1000083000060,23000100001558,1000083000061,1000083000000,23,4.1794686,1000083000061,-1,1000083000059,1000083000060,-1,35,1.549182,1.549182,1.549182,6790,19.890308,58.37375,29.582853,97650,2,6,3,225.24426,134.80856,3.4573336,41.609005,76.25958,0.05585115,0.16430433,-0.099344745,4109332,1,1558,0.012261116,708
1000083000061,22000100001715,1000083000061,1000083000000,22,4.5195556,-1,-1,1000083000060,1000083000061,-1,28,0.774591,0.6885254,0.774591,6790,19.754053,58.303284,29.627335,97650,2,6,3,210.2814,131.26254,3.3974845,36.064293,68.70572,0.04743103,0.11910377,-0.008331309,4109322,1,1715,0.013449262,976
1000083000062,32000100000332,1000083000070,1000083000000,32,2.0700274,1000083000063,-1,1000083000030,1000083000031,1000083000051,40,0.0,0.0,0.0,6792,21.632282,59.284058,29.610315,97768,2,6,3,304.9057,29.542183,-347.81702,44.33537,87.57297,-0.08667189,0.0864124,0.020646235,15573470,1,332,0.012625776,825
1000083000063,31000100002014,1000083000070,1000083000000,31,2.2394855,1000083000064,-1,1000083000062,1000083000063,-1,48,4.3893495,4.3893495,4.5614805,6795,21.47122,59.269474,29.79912,97761,2,6,3,296.43564,30.215706,-306.5074,51.53177,92.0057,-0.12874427,0.10951802,-0.0075781387,15573470,1,2014,0.012001778,672
1000083000064,30000100002002,1000083000070,1000083000000,30,2.422044,1000083000065,-1,1000083000063,1000083000064,-1,48,3.8729553,3.7008238,3.8729553,6795,21.285824,59.267742,29.985422,97761,2,6,3,280.41925,28.681072,-277.3773,51.181156,90.87298,-0.122720376,0.033605084,-0.013025319,15573901,1,2002,0.01371941,781
1000083000065,29000100002167,1000083000070,1000083000000,29,2.6188614,1000083000066,-1,1000083000064,1000083000065,-1,42,3.7868896,3.7868896,3.8729553,6795,21.141947,59.252663,30.140514,97761,2,6,3,271.56116,23.568438,-257.03958,45.598534,87.42848,-0.15645133,-0.018500315,0.03150834,15576828,1,2167,0.013521572,335
1000083000066,28000100001958,1000083000070,1000083000000,28,2.8311827,1000083000067,-1,1000083000065,1000083000066,-1,42,3.3565612,3.3565612,3.442627,6795,20.990788,59.228542,30.26952,97761,2,6,3,248.9514,26.297873,-235.67667,47.929214,84.57612,-0.18980283,-0.046785764,-0.019489516,15576828,1,1958,0.011767772,400
1000083000067,27000100001862,1000083000070,1000083000000,27,3.060419,1000083000068,-1,1000083000066,1000083000067,-1,43,3.7008238,3.7008238,3.7008238,6795,20.863922,59.201694,30.394524,97765,2,6,3,239.754,29.153217,-232.6617,53.124874,91.95993,-0.028397013,0.02995615,-0.04299135,15576478,1,1862,0.011270617,815
1000083000068,26000100001963,1000083000070,1000083000000,26,3.3080978,1000083000069,-1,1000083000067,1000083000068,-1,38,3.2704954,3.18443,3.3565612,6795,20.735577,59.19023,30.507515,97765,2,6,3,224.2548,32.988365,-214.06633,57.244503,92.67199,0.030739466,0.04272443,-0.03518736,15576476,1,1963,0.009496925,410
1000083000069,25000100002017,1000083000070,1000083000000,25,3.575905,1000083000070,-1,1000083000068,1000083000069,-1,34,2.7541015,2.7541015,2.840167,6795,20.601648,59.186287,30.646896,97765,2,6,3,203.93294,34.406685,-210.80894,47.496998,84.27938,0.040505994,0.0051084105,-0.057658687,15576481,1,2017,0.010383931,861
1000083000070,24000100002199,1000083000070,1000083000000,24,3.8656828,-1,-1,1000083000069,1000083000070,-1,28,1.1188537,1.1188537,1.549182,6795,20.514574,59.172333,30.765669,97765,2,6,3,207.64476,37.959984,-191.98532,38.76837,71.39918,-0.044304963,0.013762318,0.021301854,15576481,1,2199,0.012910818,950
1000083000071,34000100000317,1000083000077,1000083000000,34,1.766336,1000083000072,1000083000078,1000083000028,1000083000029,-1,20,0.0,0.0,0.0,6792,21.75536,59.396786,29.362469,97768,2,6,3,428.4192,299.46945,23.52255,46.58292,76.81908,0.1223918,-0.0068255137,0.08219132,4111775,1,317,0.008205568,121
1000083000072,33000100000316,1000083000077,1000083000000,33,1.9126327,1000083000073,-1,1000083000071,1000083000030,-1,24,0.0,0.0,0.0,6792,21.545008,59.228455,29.342115,97768,2,6,3,316.1347,289.36844,39.843216,42.760414,67.61945,0.15908553,-0.06082289,0.08233263,4111775,1,316,0.011341425,629
1000083000073,32000100000334,1000083000077,1000083000000,32,2.0700274,1000083000074,-1,1000083000072,1000083000031,1000083000046,29,0.0,0.0,0.0,6795,21.375095,59.051647,29.329895,97761,2,6,3,311.1441,251.04962,24.902489,35.51863,68.04756,0.14962713,-0.06392751,-0.061091416,4109822,1,334,0.015695887,996
1000083000074,31000100003006,1000083000077,1000083000000,31,2.2394855,1000083000075,-1,1000083000073,1000083000074,-1,31,2.1516418,2.1516418,2.1516418,6795,21.184326,58.911488,29.325428,97761,2,6,3,297.781,227.52979,16.022676,40.62794,66.79441,0.06517913,-0.032319482,0.04944755,4112233,1,3006,0.014150978,636
1000083000075,30000100002501,1000083000077,1000083000000,30,2.422044,1000083000076,-1,1000083000074,1000083000075,-1,34,2.065576,1.9795104,2.065576,6795,21.003292,58.80418,29.302122,97761,2,6,3,280.9878,211.58786,3.7292087,39.114704,72.17865,-0.008753385,-0.1283803,0.12517007,4109823,1,2501,0.014123648,322
1000083000076,29000100002533,1000083000077,1000083000000,29,2.6188614,1000083000077,-1,1000083000075,1000083000076,-1,35,1.549182,1.549182,1.549182,6795,20.828865,58.690742,29.298792,97761,2,6,3,278.71213,204.19421,1.6197563,38.315712,67.43602,0.1426609,-0.14338796,0.24397907,4112232,1,2533,0.016289901,850
1000083000077,27000100003437,1000083000077,1000083000000,27,3.060419,-1,-1,1000083000076,1000083000077,-1,22,1.2909851,1.2909851,1.2909851,6789,20.526127,58.44854,29.286217,97623,2,6,3,257.87585,194.87311,-10.508847,37.683144,67.60677,-0.0033599548,-0.06946109,0.11427545,4112225,1,3437,0.010299463,17
1000083000078,34000100000315,1000083000090,1000083000000,34,1.766336,1000083000079,-1,1000083000028,1000083000029,1000083000094,37,0.0,0.0,0.0,6792,21.841633,59.366642,29.363157,97768,2,6,3,513.3792,39.949932,-296.7756,52.71606,85.06172,0.042319693,-0.10072879,-0.1639425,4109017,1,315,0.011654602,115
1000083000079,33000100000315,1000083000090,1000083000000,33,1.9126327,1000083000080,-1,1000083000078,1000083000030,1000083000072,50,0.0,0.0,0.0,6792,21.560127,59.350033,29.52484,97768,2,6,3,450.17847,28.724562,-245.51447,59.207447,100.09004,0.049384594,-0.11564053,0.03219294,4109017,1,315,0.012632565,843
1000083000080,32000100000331,1000083000090,1000083000000,32,2.0700274,1000083000081,-1,1000083000079,1000083000031,1000083000062,52,0.0,0.0,0.0,6795,21.333319,59.32445,29.647993,97761,2,6,3,396.51492,55.371128,-205.80086,63.340916,114.597534,0.14056475,-0.1037432,0.045286518,15573939,1,331,0.011391256,338
1000083000081,31000100001436,1000083000090,1000083000000,31,2.2394855,1000083000082,-1,1000083000080,1000083000081,-1,74,5.3360715,5.3360715,5.4221373,6795,21.105604,59.293133,29.747925,97761,2,6,3,355.95,63.816013,-189.70776,50.334755,90.23918,0.2435692,-0.18706709,0.10214288,15573939,1,1436,0.017873095,714
1000083000082,30000100001484,1000083000090,1000083000000,30,2.422044,1000083000083,-1,1000083000081,1000083000082,-1,63,3.9590209,3.9590209,4.4754148,6795,20.885643,59.25857,29.846859,97761,2,6,3,342.58154,66.74309,-171.59216,47.949135,95.16953,0.14874448,-0.040766664,-0.094411395,15573944,1,1484,0.01941365,647
1000083000083,29000100001427,1000083000090,1000083000000,29,2.6188614,1000083000084,-1,1000083000082,1000083000083,-1,65,3.5286925,2.840167,3.5286925,6795,20.67936,59.203205,29.936092,97761,2,6,3,323.74548,70.22563,-159.59875,47.6782,83.24935,-0.0078585,-0.0829414,0.13280323,15573944,1,1427,0.021684311,497
1000083000084,28000100001308,1000083000090,1000083000000,28,2.8311827,1000083000085,-1,1000083000083,1000083000084,-1,65,4.217218,3.9590209,4.8196774,6795,20.49717,59.15426,30.045008,97760,2,6,3,297.42242,71.17295,-152.41986,51.271397,84.876976,-8.4014796E-4,-0.15368472,0.09800643,15573944,1,1308,0.018524254,532
1000083000085,27000100001251,1000083000090,1000083000000,27,3.060419,1000083000086,-1,1000083000084,1000083000085,-1,61,4.991809,4.991809,4.991809,6795,20.30782,59.12007,30.148804,97760,2,6,3,283.0306,63.321568,-157.06134,55.025406,92.387054,0.17100807,-0.14921857,-0.025084127,15573939,1,1251,0.015546802,988
1000083000086,26000100001219,1000083000090,1000083000000,26,3.3080978,1000083000087,-1,1000083000085,1000083000086,-1,62,5.0778747,4.991809,5.4221373,6795,20.169897,59.097466,30.223099,97760,2,6,3,267.54794,61.51913,-139.27882,67.01311,108.98807,0.18187664,-0.13415238,-0.11177096,15573937,1,1219,0.011378188,695
1000083000087,25000100001230,1000083000090,1000083000000,25,3.575905,1000083000088,-1,1000083000086,1000083000087,-1,53,4.0450864,4.0450864,4.131152,6795,20.059555,59.083652,30.304134,97764,2,6,3,248.83037,53.86551,-138.57138,60.856827,96.89719,0.2088008,-0.1652263,-0.07233771,15573935,1,1230,0.012636658,962
1000083000088,24000100001090,1000083000090,1000083000000,24,3.8656828,1000083000089,-1,1000083000087,1000083000088,-1,54,1.3770508,1.3770508,2.6680357,6795,19.92714,59.039722,30.375393,97764,2,6,3,238.79718,57.673313,-132.6107,48.23193,91.4725,0.2082882,-0.17622283,-0.19773799,15573925,1,1090,0.015683461,626
1000083000089,23000100002161,1000083000090,1000083000000,23,4.1794686,1000083000090,-1,1000083000088,1000083000089,-1,25,0.60245967,0.60245967,0.60245967,6795,19.750908,58.9646,30.451212,97764,2,6,3,230.22572,72.55885,-135.0628,40.435806,65.273125,0.08889959,-0.16111875,-0.049446244,15573939,1,2161,0.012563455,717
1000083000090,22000100001306,1000083000090,1000083000000,22,4.5195556,-1,-1,1000083000089,1000083000090,-1,36,1.6352477,1.6352477,1.8073791,6795,19.636097,58.975693,30.504393,97764,2,6,3,216.4273,89.980194,-130.98444,44.603745,78.25502,0.22218515,0.02327877,0.01986848,15573960,1,1306,0.0115218125,881
1000083000091,38000100000357,1000083000106,1000083000000,38,1.2758462,1000083000092,-1,1000083000024,1000083000025,-1,25,0.0,0.0,0.0,6799,22.71984,59.62921,28.97808,97743,2,6,3,497.24088,78.39469,-276.37622,52.465164,98.712975,-0.046659444,-0.04734014,-0.054466616,15573841,1,357,0.0068521653,733
1000083000092,36000100000319,1000083000106,1000083000000,36,1.5036365,1000083000093,-1,1000083000091,1000083000027,-1,23,0.0,0.0,0.0,6799,22.266512,59.476738,29.173855,97740,2,6,3,268.6796,138.5805,-70.74878,56.58428,89.35433,-0.15137513,-0.0029201873,0.0028066745,15573849,1,319,0.006449902,698
1000083000093,35000100000332,1000083000106,1000083000000,35,1.6302707,1000083000094,-1,1000083000092,1000083000028,-1,32,0.0,0.0,0.0,6799,22.173037,59.435104,29.20814,97740,2,6,3,114.99216,47.7526,-74.42482,54.65339,90.46365,0.08119686,0.037105475,0.085989304,15573841,1,332,0.008404967,85
1000083000094,34000100000316,1000083000106,1000083000000,34,1.766336,1000083000095,-1,1000083000093,1000083000029,1000083000071,30,0.0,0.0,0.0,6799,22.09868,59.39743,29.294344,97740,2,6,3,133.60567,60.12655,-206.3902,58.51193,92.49288,0.05296377,-0.083875746,0.08512653,15573876,1,316,0.007885124,414
1000083000095,33000100000314,1000083000106,1000083000000,33,1.9126327,1000083000096,-1,1000083000094,1000083000030,1000083000079,72,0.0,0.0,0.0,6792,22.001795,59.37734,29.398008,97768,2,6,3,175.22105,60.214714,-188.0813,61.243664,103.88051,0.0012002403,0.15476795,-0.15779391,15573876,1,314,0.013988132,99
1000083000096,32000100000330,1000083000106,1000083000000,32,2.0700274,1000083000097,-1,1000083000095,1000083000031,1000083000080,142,0.0,0.0,0.0,6792,21.877949,59.331036,29.521772,97768,2,6,3,230.08568,64.40022,-206.01584,80.45628,125.784775,-0.065240964,0.16816099,-0.013894396,15573826,1,330,0.017278379,689
1000083000097,30000100000665,1000083000106,1000083000000,30,2.422044,1000083000098,-1,1000083000096,1000083000097,-1,185,11.877063,11.618866,12.73772,6792,21.595703,59.254223,29.748655,97768,2,6,3,237.60426,74.838394,-207.60513,70.349625,119.806694,0.27930546,-0.10436619,0.101346314,15573826,1,665,0.024948709,29
1000083000098,29000100000684,1000083000106,1000083000000,29,2.6188614,1000083000099,-1,1000083000097,1000083000098,-1,161,11.016406,10.672143,11.790997,6795,21.454199,59.18453,29.848803,97761,2,6,3,230.561,77.549194,-192.21341,71.073975,115.98665,0.1986903,0.21152164,-0.12533562,15573869,1,684,0.023129124,632
1000083000099,28000100000713,1000083000106,1000083000000,28,2.8311827,1000083000100,-1,1000083000098,1000083000099,-1,136,10.155749,9.811486,10.413946,6795,21.31656,59.144493,29.956478,97761,2,6,3,220.54242,78.023186,-191.8674,77.29358,126.73789,0.114937834,0.27327034,-0.03258106,15573841,1,713,0.015900325,957
1000083000100,27000100000760,1000083000106,1000083000000,27,3.060419,1000083000101,-1,1000083000099,1000083000100,-1,118,9.467224,9.295093,9.639355,6795,21.18143,59.084713,30.06149,97761,2,6,3,222.56877,85.12445,-177.80397,73.96598,122.310165,0.31569058,0.10549613,0.16211194,15573841,1,760,0.015540282,471
1000083000101,26000100000767,1000083000106,1000083000000,26,3.3080978,1000083000102,-1,1000083000100,1000083000101,-1,102,7.4877133,7.4016476,7.7459106,6795,21.045523,59.047626,30.164892,97761,2,6,3,215.42754,79.25556,-164.15001,72.38339,117.079315,0.23954247,0.09978625,0.16729717,15573876,1,767,0.015504538,563
1000083000102,25000100000898,1000083000106,1000083000000,25,3.575905,1000083000103,-1,1000083000101,1000083000102,-1,79,6.4549255,6.282794,6.4549255,6795,20.937328,58.99113,30.231403,97761,2,6,3,218.1643,74.03553,-163.72157,70.3049,113.13903,0.1792961,0.008715924,0.1218796,15573841,1,898,0.012335352,445
1000083000103,24000100000872,1000083000106,1000083000000,24,3.8656828,1000083000104,-1,1000083000102,1000083000103,-1,70,5.594269,5.594269,5.7664,6795,20.808926,58.940643,30.33204,97765,2,6,3,207.81792,83.881615,-153.14279,62.624638,114.40356,0.055599984,0.052252483,-0.012485037,15573849,1,872,0.012334691,870
1000083000104,23000100000850,1000083000106,1000083000000,23,4.1794686,1000083000105,-1,1000083000103,1000083000104,-1,61,4.3893495,4.3893495,4.733612,6795,20.719088,58.890385,30.38879,97765,2,6,3,192.8699,82.69519,-149.28088,66.71296,104.397255,-0.012223011,0.070222154,-0.08119139,15573830,1,850,0.011473643,379
1000083000105,22000100000948,1000083000106,1000083000000,22,4.5195556,1000083000106,-1,1000083000104,1000083000105,-1,47,3.7008238,3.7008238,3.8729553,6795,20.613028,58.864292,30.464624,97765,2,6,3,184.68256,76.008995,-135.1652,67.29582,112.44112,-0.03317013,-0.036123805,0.007877314,15573871,1,948,0.007951695,937
1000083000106,21000100000937,1000083000106,1000083000000,21,4.888449,-1,-1,1000083000105,1000083000106,-1,40,3.18443,3.18443,3.18443,6795,20.507833,58.83237,30.556238,97765,2,6,3,183.1024,86.37101,-130.10716,66.11504,108.724625,-0.08245347,0.013828108,-0.022131445,15573876,1,937,0.007351021,635
1000083000107,52000100000496,1000083000149,1000083000000,52,0.31970343,1000083000108,-1,1000083000010,1000083000011,-1,24,0.0,0.0,0.0,6768,25.387417,60.089584,27.518814,98179,2,6,3,352.6588,-15.972154,-186.06996,32.422455,66.61984,-0.0565198,0.028079422,-0.12975474,4109607,1,496,0.013518867,509
1000083000108,51000100000496,1000083000149,1000083000000,51,0.36234027,1000083000109,-1,1000083000107,1000083000012,-1,21,0.0,0.0,0.0,6768,25.263605,60.090797,27.603045,98179,2,6,3,325.9241,-21.90144,-244.42924,35.074886,64.71272,-0.028848102,0.011561949,-0.09704158,4109607,1,496,0.010376376,82
1000083000109,50000100000489,1000083000149,1000083000000,50,0.40789944,1000083000110,-1,1000083000108,1000083000013,-1,20,0.0,0.0,0.0,6768,25.134964,60.102085,27.701132,98179,2,6,3,318.3884,-9.435614,-325.307,35.872303,73.527756,0.008111691,0.026715111,-0.14424141,4109598,1,489,0.008834717,141
1000083000110,48000100000503,1000083000149,1000083000000,48,0.5085914,1000083000111,-1,1000083000109,1000083000015,-1,30,0.0,0.0,0.0,6768,24.83878,60.07464,28.03539,98179,2,6,3,444.08218,68.24451,-452.17773,41.178925,80.615456,0.022634957,0.05983053,-0.040472653,4105783,1,503,0.010227521,914
1000083000111,47000100000486,1000083000149,1000083000000,47,0.5641766,1000083000112,-1,1000083000110,1000083000016,-1,30,0.0,0.0,0.0,6768,24.626146,60.031826,28.226597,98179,2,6,3,511.83353,103.08114,-412.4437,37.68437,73.1393,0.027815782,0.047255468,-0.054031845,4110179,1,486,0.013210389,620
1000083000112,46000100000477,1000083000149,1000083000000,46,0.6235901,1000083000113,-1,1000083000111,1000083000017,-1,34,0.0,0.0,0.0,6768,24.399616,59.992905,28.39578,98182,2,6,3,541.5542,116.72275,-345.49048,35.692234,71.75216,0.04771513,-0.0044985577,0.009601479,4105783,1,477,0.015236164,84
1000083000113,45000100000471,1000083000149,1000083000000,45,0.6871088,1000083000114,-1,1000083000112,1000083000018,-1,39,0.0,0.0,0.0,6768,24.143381,59.928974,28.554323,98182,2,6,3,554.67944,117.347565,-295.24017,35.496494,72.11673,0.058642965,-0.014751646,0.034299456,4110179,1,471,0.016342286,938
1000083000114,44000100000480,1000083000149,1000083000000,44,0.75503564,1000083000115,-1,1000083000113,1000083000019,-1,42,0.0,0.0,0.0,6768,23.88315,59.86884,28.691708,98182,2,6,3,549.6965,116.80558,-249.81628,35.36508,70.1525,0.068623446,-0.031155791,0.02404374,4109601,1,480,0.016869146,575
1000083000115,43000100002297,1000083000149,1000083000000,43,0.8276991,1000083000116,-1,1000083000114,1000083000115,-1,44,3.7868896,3.442627,3.7008238,6768,23.615898,59.817993,28.802055,98182,2,6,3,538.2628,118.172745,-210.62723,36.15651,70.760025,0.099447705,0.11842767,-0.01815652,4109601,1,2297,0.017814169,860
1000083000116,42000100001877,1000083000149,1000083000000,42,0.9054624,1000083000117,-1,1000083000115,1000083000116,-1,45,3.8729553,3.442627,3.8729553,6799,23.339838,59.755825,28.906116,97743,2,6,3,531.111,116.26957,-177.48036,37.13982,71.141914,0.1126379,0.060839027,-0.02741728,4109586,1,1877,0.01956788,802
1000083000117,41000100002102,1000083000149,1000083000000,41,0.98870814,1000083000118,-1,1000083000116,1000083000117,-1,49,3.7868896,3.5286925,3.7868896,6799,23.055809,59.705334,28.958572,97743,2,6,3,518.4623,111.13266,-136.6618,39.99332,69.39314,0.078401275,0.014297987,-0.028252792,4110179,1,2102,0.020198265,831
1000083000118,40000100001961,1000083000149,1000083000000,40,1.0778745,1000083000119,-1,1000083000117,1000083000118,-1,45,4.905743,4.4754148,4.8196774,6799,22.800156,59.632122,29.019487,97743,2,6,3,495.15646,108.334465,-109.13825,38.77857,71.12601,0.09843446,0.030593403,-0.07889411,4109619,1,1961,0.018019,527
1000083000119,39000100001939,1000083000149,1000083000000,39,1.173417,1000083000120,-1,1000083000118,1000083000119,-1,48,5.0778747,4.8196774,5.0778747,6799,22.549986,59.577427,29.087603,97743,2,6,3,471.26984,104.29847,-75.30773,41.427288,75.90617,0.10032954,0.0056505874,-0.01418289,4109594,1,1939,0.018503405,533
1000083000120,38000100001276,1000083000149,1000083000000,38,1.2758462,1000083000121,-1,1000083000119,1000083000120,-1,74,4.733612,4.5614805,4.733612,6799,22.298443,59.53821,29.132795,97740,2,6,3,463.08432,101.030815,-38.988636,53.15572,86.064926,0.2592213,-0.26537454,-0.23357798,4109594,1,1276,0.019885762,45
1000083000121,37000100001402,1000083000149,1000083000000,37,1.3857181,1000083000122,-1,1000083000120,1000083000121,-1,47,6.7131224,5.9385314,6.799188,6799,22.053219,59.493137,29.139524,97740,2,6,3,414.24695,64.03777,-6.386071,45.32674,87.019005,0.12554823,0.18921359,0.0644507,4109594,1,1402,0.012902937,140
1000083000122,36000100001418,1000083000149,1000083000000,36,1.5036365,1000083000123,-1,1000083000121,1000083000122,-1,78,7.7459106,7.2295165,7.831976,6799,21.822237,59.462353,29.12609,97740,2,6,3,432.58847,105.833954,-25.00638,63.6487,88.81688,0.40294006,-0.46440053,-0.27298555,4109591,1,1418,0.020730436,486
1000083000123,35000100002134,1000083000135,1000083000000,35,1.6302707,1000083000124,1000083000136,1000083000122,1000083000123,-1,46,4.0450864,3.9590209,4.131152,6799,21.605772,59.437283,29.116098,97740,2,6,3,380.11084,67.68981,33.904526,38.09203,76.51471,-0.014512697,0.06970269,-0.046191398,4109619,1,2134,0.01708585,813
1000083000124,34000100002399,1000083000135,1000083000000,34,1.766336,1000083000125,-1,1000083000123,1000083000124,-1,43,3.3565612,3.18443,3.3565612,6796,21.382448,59.38691,29.085255,97733,2,6,3,362.9292,68.530235,33.773033,40.178444,81.41948,0.0943859,0.12465281,-0.07149708,4109587,1,2399,0.012492379,630
1000083000125,33000100002227,1000083000135,1000083000000,33,1.9126327,1000083000126,-1,1000083000124,1000083000125,-1,46,3.6147583,3.6147583,3.6147583,6796,21.209177,59.3429,29.07029,97733,2,6,3,334.59363,69.48694,28.936007,45.786354,81.27587,-0.011800809,0.14994086,0.01703784,4109591,1,2227,0.015582655,549
1000083000126,32000100002057,1000083000135,1000083000000,32,2.0700274,1000083000127,-1,1000083000125,1000083000126,-1,51,4.131152,4.131152,4.131152,6796,21.012007,59.30851,29.060501,97733,2,6,3,318.2353,72.30291,25.937262,45.638393,86.13394,-0.046117883,0.14239933,0.032477736,4109592,1,2057,0.01700531,100
1000083000127,31000100002013,1000083000135,1000083000000,31,2.2394855,1000083000128,-1,1000083000126,1000083000127,-1,50,3.9590209,3.9590209,4.0450864,6796,20.838772,59.277966,29.044308,97733,2,6,3,303.80264,72.94658,22.907162,46.828213,84.54046,-0.010360841,0.15046237,-0.04823691,4109594,1,2013,0.015528989,590
1000083000128,30000100002064,1000083000135,1000083000000,30,2.422044,1000083000129,-1,1000083000127,1000083000128,-1,46,3.9590209,3.9590209,3.9590209,6796,20.655895,59.233143,29.023335,97733,2,6,3,292.58026,73.2532,20.26333,46.629578,85.84946,0.025723994,0.16083737,-0.013108388,4109592,1,2064,0.015661582,316
1000083000129,29000100002116,1000083000135,1000083000000,29,2.6188614,1000083000130,-1,1000083000128,1000083000129,-1,42,3.0122986,2.840167,3.3565612,6796,20.493448,59.16577,29.030338,97732,2,6,3,284.97107,73.456085,20.57992,48.700157,80.038345,0.043082997,0.12181049,-0.04717658,4109594,1,2116,0.014372124,768
1000083000130,28000100002130,1000083000135,1000083000000,28,2.8311827,1000083000131,-1,1000083000129,1000083000130,-1,40,2.7541015,2.7541015,3.098364,6796,20.33422,59.12218,29.00478,97732,2,6,3,264.38464,73.025215,21.0306,44.953186,78.82843,0.027355913,0.07255266,-0.066490196,4109587,1,2130,0.014291606,633
1000083000131,27000100002015,1000083000135,1000083000000,27,3.060419,1000083000132,-1,1000083000130,1000083000131,-1,40,2.065576,2.065576,2.840167,6796,20.170338,59.10276,28.983126,97732,2,6,3,256.31073,72.9914,20.69867,43.114952,79.45426,0.015788121,0.08553278,-0.054457743,4109592,1,2015,0.014435956,303
1000083000132,26000100002318,1000083000135,1000083000000,26,3.3080978,1000083000133,-1,1000083000131,1000083000132,-1,32,2.1516418,2.1516418,2.3237731,6796,20.031256,59.07603,28.976686,97732,2,6,3,235.57599,65.102135,18.654507,45.914513,82.9041,-0.025124593,0.08456437,-0.030708784,4109652,1,2318,0.009155178,741
1000083000133,25000100002337,1000083000135,1000083000000,25,3.575905,1000083000134,-1,1000083000132,1000083000133,-1,29,2.2377074,2.1516418,2.2377074,6796,19.895617,59.051304,28.971,97732,2,6,3,227.39014,62.1748,18.568085,46.95676,80.76226,-0.025111191,0.06326002,-0.036457695,4109594,1,2337,0.010000647,562
1000083000134,24000100002469,1000083000135,1000083000000,24,3.8656828,1000083000135,-1,1000083000133,1000083000134,-1,25,2.065576,2.065576,2.1516418,6796,19.777832,58.98999,28.974358,97732,2,6,3,219.36745,63.18614,11.016821,47.29234,84.083405,-0.03145838,0.029769443,0.004173728,4109587,1,2469,0.008943904,41
1000083000135,23000100002346,1000083000135,1000083000000,23,4.1794686,-1,-1,1000083000134,1000083000135,-1,24,0.774591,0.774591,0.86065674,6796,19.667656,58.922928,28.960173,97732,2,6,3,210.10027,64.06366,13.306989,43.60788,68.40045,-0.036023445,0.013947452,0.0074534123,4109590,1,2346,0.011785473,139
1000083000136,35000100003136,1000083000149,1000083000000,35,1.6302707,1000083000137,-1,1000083000122,1000083000136,-1,28,2.4098387,1.8073791,2.4959044,6799,21.52565,59.32949,29.170223,97740,2,6,3,431.43265,157.10326,-93.59204,32.87372,66.8883,0.08204923,0.061695218,0.04067875,4108812,1,3136,0.016070891,427
1000083000137,34000100003049,1000083000149,1000083000000,34,1.766336,1000083000138,-1,1000083000136,1000083000137,-1,31,2.1516418,2.065576,2.1516418,6796,21.286,59.237186,29.229757,97733,2,6,3,412.93683,150.87646,-89.3258,31.70716,62.495075,0.062355407,0.061411627,-0.020410808,4108812,1,3049,0.01516346,232
1000083000138,33000100003228,1000083000149,1000083000000,33,1.9126327,1000083000139,-1,1000083000137,1000083000138,-1,29,1.8073791,1.549182,1.8934448,6796,21.038559,59.149937,29.27578,97733,2,6,3,388.8896,141.28871,-84.030716,37.404106,71.04835,0.06792949,-0.04397457,-0.06296631,4108840,1,3228,0.017310318,504
1000083000139,32000100002977,1000083000149,1000083000000,32,2.0700274,1000083000140,-1,1000083000138,1000083000139,-1,30,1.2909851,1.2909851,1.2909851,6795,20.815666,59.058777,29.334532,97761,2,6,3,368.9181,141.08913,-82.19162,34.32377,58.37781,0.010938697,0.07538306,0.020394936,4108812,1,2977,0.020733653,713
1000083000140,31000100002931,1000083000149,1000083000000,31,2.2394855,1000083000141,-1,1000083000139,1000083000140,-1,28,1.9795104,1.9795104,2.3237731,6795,20.631235,58.991825,29.388859,97761,2,6,3,346.5895,138.09293,-80.15097,41.643383,73.09301,0.035648026,0.1900694,0.015461155,4108812,1,2931,0.014196308,383
1000083000141,30000100002698,1000083000149,1000083000000,30,2.422044,1000083000142,-1,1000083000140,1000083000141,-1,34,1.8934448,1.8934448,1.8934448,6795,20.437187,58.94416,29.435541,97760,2,6,3,337.2531,139.77034,-68.685974,44.592537,70.04758,0.05331808,0.13575776,-0.20589355,4108840,1,2698,0.016443927,433
1000083000142,29000100002752,1000083000149,1000083000000,29,2.6188614,1000083000143,-1,1000083000141,1000083000142,-1,27,2.2377074,2.1516418,2.3237731,6795,20.247452,58.85107,29.4563,97760,2,6,3,326.85916,133.91502,-82.0451,38.149815,69.099144,0.06561885,-0.07664469,-0.11769278,4108840,1,2752,0.013979029,580
1000083000143,28000100002716,1000083000149,1000083000000,28,2.8311827,1000083000144,-1,1000083000142,1000083000143,-1,29,1.9795104,1.4631164,1.9795104,6795,20.042274,58.785263,29.499166,97760,2,6,3,313.93835,129.03545,-77.901695,34.752773,65.327446,0.035179213,-0.061787337,-0.069487214,4108816,1,2716,0.015181922,361
1000083000144,27000100002532,1000083000149,1000083000000,27,3.060419,1000083000145,-1,1000083000143,1000083000144,-1,29,1.2909851,1.2909851,1.3770508,6795,19.898169,58.689026,29.545822,97760,2,6,3,302.83505,126.441444,-76.371376,35.47829,65.5049,0.02618646,-0.045408443,-0.077769406,4108718,1,2532,0.014115795,466
1000083000145,26000100003128,1000083000149,1000083000000,26,3.3080978,1000083000146,-1,1000083000144,1000083000145,-1,22,1.2049193,1.1188537,1.6352477,6795,19.717657,58.646915,29.596333,97760,2,6,3,288.17923,121.10247,-73.11302,36.775578,63.330822,0.05249755,-0.09119342,-0.025633426,4108842,1,3128,0.011563774,850
1000083000146,25000100002432,1000083000149,1000083000000,25,3.575905,1000083000147,-1,1000083000145,1000083000146,-1,27,1.3770508,1.3770508,1.3770508,6795,19.540386,58.595654,29.646645,97760,2,6,3,275.46964,104.302444,-66.783485,41.30406,66.05065,0.018888656,0.059526876,-0.05738975,4108826,1,2432,0.012672943,863
1000083000147,23000100002067,1000083000149,1000083000000,23,4.1794686,1000083000148,-1,1000083000146,1000083000147,-1,27,0.774591,0.774591,0.774591,6841,19.250895,58.453964,29.717804,97595,2,6,3,256.32883,110.96185,-64.93627,37.628582,67.35013,0.014457251,-0.0761175,-0.08227213,4108718,1,2067,0.013887572,157
1000083000148,22000100001855,1000083000149,1000083000000,22,4.5195556,1000083000149,-1,1000083000147,1000083000148,-1,25,0.60245967,0.60245967,0.60245967,6841,19.072933,58.365005,29.73402,97595,2,6,3,238.29092,102.13582,-62.80681,40.855915,58.52028,-0.024688238,-0.16400163,-0.117439814,4108718,1,1855,0.016459933,634
1000083000149,21000100001516,1000083000149,1000083000000,21,4.888449,-1,-1,1000083000148,1000083000149,-1,27,0.774591,0.774591,0.774591,6841,19.045527,58.330936,29.778059,97595,2,6,3,234.32263,116.311714,-53.6374,40.820095,63.513275,0.09136948,-0.19766814,0.051304467,4108937,1,1516,0.014760272,780
