haloID,subHaloID,lastProgenitorId,treeId,snapNum,redshift,firstProgenitorId,nextProgenitorId,descendantId,firstHaloInFOFgroupId,nextHaloInFOFgroupId,np,m_Mean200,m_Crit200,m_TopHat,phKey,x,y,z,zIndex,ix,iy,iz,velX,velY,velZ,velDisp,vMax,spinX,spinY,spinZ,mostBoundID,fileNr,subhaloIndex,halfmassRadius,random
3000115000000,63000300000904,3000115000183,3000115000000,63,0.0,3000115000001,-1,-1,3000115000000,3000115000184,3864,376.45123,292.96756,342.4553,14104,39.704803,20.745623,9.4894,43654,4,2,1,285.82056,-102.765366,391.63672,147.73578,272.0452,2.3622572,1.0799872,-1.734609,8337970,3,904,0.10568656,375
3000115000001,62000300000911,3000115000183,3000115000000,62,0.019932542,3000115000002,-1,3000115000000,3000115000001,3000115000185,3869,375.3324,288.92245,341.9389,14104,39.647957,20.763449,9.413119,43654,4,2,1,286.53595,-102.845085,391.62653,149.01826,272.00854,2.404403,1.1411607,-1.7482215,8323673,3,911,0.10433713,810
3000115000002,61000300000921,3000115000183,3000115000000,61,0.041403063,3000115000003,-1,3000115000001,3000115000002,3000115000186,3799,371.8037,284.87738,339.52908,14104,39.585613,20.78124,9.325891,43654,4,2,1,285.29123,-102.94949,387.96613,148.43846,271.1491,2.3770847,1.1779267,-1.6536803,8323673,3,921,0.10088976,415
3000115000003,60000300000917,3000115000183,3000115000000,60,0.064493395,3000115000004,-1,3000115000002,3000115000003,3000115000187,3779,369.13565,282.98392,334.4512,14104,39.521362,20.804522,9.241131,43654,4,2,1,284.7548,-103.59705,386.44388,150.81656,276.2569,2.4294457,1.1504318,-1.762581,8323673,3,917,0.099446215,897
3000115000004,59000300000936,3000115000183,3000115000000,59,0.08928783,3000115000005,-1,3000115000003,3000115000004,3000115000188,3701,364.48813,282.72574,328.85693,14104,39.454754,20.826447,9.14816,43654,4,2,1,285.47366,-103.5048,385.8023,150.52524,272.5236,2.612183,0.8909774,-1.709669,8323931,3,936,0.0963844,472
3000115000005,58000300000919,3000115000183,3000115000000,58,0.11588337,3000115000006,-1,3000115000004,3000115000005,3000115000189,3605,361.90616,278.3364,324.3815,14104,39.386337,20.852425,9.054047,43654,4,2,1,280.73538,-102.93359,376.48703,150.21683,272.03018,2.2274134,0.9720349,-1.7431674,8323931,3,919,0.096232034,560
3000115000006,57000300000867,3000115000183,3000115000000,57,0.14438343,3000115000007,-1,3000115000005,3000115000006,3000115000190,3606,359.58237,275.92654,323.95117,14104,39.30783,20.886745,8.953219,43654,4,2,1,281.80795,-104.30053,376.5139,149.29303,270.453,2.5593727,0.7652478,-1.796434,8323673,3,867,0.09876637,496
3000115000007,56000300000886,3000115000183,3000115000000,56,0.17489761,3000115000008,-1,3000115000006,3000115000007,3000115000191,3633,356.57007,274.37735,324.20938,14104,39.23012,20.914724,8.8380785,43654,4,2,0,281.7812,-105.40456,375.22385,148.69157,268.973,2.417689,0.6639545,-1.6783799,8323931,3,886,0.09760146,366
3000115000008,55000300000822,3000115000183,3000115000000,55,0.20754863,3000115000009,-1,3000115000007,3000115000008,3000115000192,3596,352.43893,274.46344,324.6397,14104,39.14968,20.947882,8.732006,43650,4,2,0,278.00183,-105.64992,370.5483,147.66248,268.84738,2.6133926,1.0325465,-1.6540245,8323719,3,822,0.096445635,701
3000115000009,54000300000831,3000115000183,3000115000000,54,0.24246909,3000115000010,-1,3000115000008,3000115000009,3000115000193,3529,348.4799,275.75443,323.95117,14293,39.062218,20.981354,8.619429,43211,4,2,0,278.9236,-106.93223,368.57007,149.29387,272.11127,2.3843386,1.175794,-1.8034266,8323931,3,831,0.095252454,820
3000115000010,53000300000812,3000115000183,3000115000000,53,0.2798018,3000115000011,-1,3000115000009,3000115000010,3000115000194,3529,345.29547,277.81998,321.6274,14293,38.969994,21.014616,8.491469,43211,4,2,0,275.154,-107.09513,364.90564,150.11621,271.27753,2.322471,1.1041857,-1.626614,8337463,3,812,0.09631943,521
3000115000011,52000300000810,3000115000183,3000115000000,52,0.31970343,3000115000012,-1,3000115000010,3000115000011,3000115000195,3533,341.85284,278.68063,318.6151,14293,38.87317,21.05979,8.370333,43211,4,2,0,274.33136,-103.861946,362.97516,152.00551,270.13797,2.5832345,1.0203018,-1.7072452,8337463,3,810,0.09467196,924
3000115000012,51000300000793,3000115000183,3000115000000,51,0.36234027,3000115000013,-1,3000115000011,3000115000012,3000115000196,3399,336.17252,280.48804,314.05362,14293,38.772377,21.0955,8.240308,43211,4,2,0,271.35056,-103.88352,359.41592,153.63586,272.65286,2.2616072,1.0551744,-1.6935756,8338059,3,793,0.0901087,189
3000115000013,50000300000768,3000115000183,3000115000000,50,0.40789944,3000115000014,-1,3000115000012,3000115000013,3000115000197,3398,333.59055,281.00443,309.57822,14293,38.67539,21.131817,8.105574,43211,4,2,0,266.69418,-99.03314,356.71548,157.80943,275.62082,2.1151617,1.0362419,-1.3707986,8338059,3,768,0.086918406,742
3000115000014,49000300000752,3000115000183,3000115000000,49,0.45657724,3000115000015,-1,3000115000013,3000115000014,3000115000198,3324,325.75858,281.77902,311.47165,14293,38.56819,21.165394,7.9589233,43211,4,2,0,265.10593,-94.61331,353.85724,160.89783,277.2832,2.3352082,0.9274709,-1.3295006,8323931,3,752,0.084444806,597
3000115000015,48000300000770,3000115000183,3000115000000,48,0.5085914,3000115000016,-1,3000115000014,3000115000015,3000115000199,3302,319.73398,273.94702,305.44705,13866,38.456253,21.207367,7.8084273,41455,4,2,0,263.66403,-88.95036,351.64597,158.09183,271.6509,2.4102502,1.1695617,-1.1635927,8323919,3,770,0.08429866,839
3000115000016,47000300000764,3000115000183,3000115000000,47,0.5641766,3000115000017,-1,3000115000015,3000115000016,3000115000200,3160,311.55774,256.30356,297.95935,13866,38.338917,21.24612,7.6520233,41455,4,2,0,259.71994,-86.51007,347.56668,156.25807,269.95157,2.0119247,1.1193622,-0.9070985,8324237,3,764,0.08393925,428
3000115000017,46000300000695,3000115000157,3000115000000,46,0.6235901,3000115000018,3000115000158,3000115000016,3000115000017,3000115000201,3095,292.7954,249.67651,275.75443,13866,38.221912,21.281422,7.498717,41455,4,2,0,252.47147,-79.12228,340.80734,155.61034,270.31262,1.9124911,0.88078874,-0.5434913,8324237,3,695,0.08150416,579
3000115000018,45000300000686,3000115000127,3000115000000,45,0.6871088,3000115000019,3000115000128,3000115000017,3000115000018,3000115000202,3042,275.58228,237.45518,266.54538,13866,38.103794,21.325762,7.3445554,41455,4,2,0,249.96628,-79.10385,336.4055,153.85773,265.06262,1.7769736,0.69063085,-0.85244155,8338043,3,686,0.085520685,872
3000115000019,44000300000695,3000115000112,3000115000000,44,0.75503564,3000115000020,3000115000113,3000115000018,3000115000019,3000115000160,2919,269.90195,231.60272,260.34866,13866,37.981636,21.366693,7.181744,41454,4,2,0,239.66331,-70.38734,326.60306,153.89644,265.90158,1.8095356,1.2214428,-1.0611559,8338043,3,695,0.079651564,453
3000115000020,43000300000712,3000115000112,3000115000000,43,0.8276991,3000115000021,-1,3000115000019,3000115000020,3000115000130,2899,267.83636,236.33633,260.09045,13866,37.864777,21.387737,7.0181746,41454,4,2,0,231.82716,-64.24787,312.35104,156.81912,266.0364,1.6286625,1.0422548,-1.1522523,8323648,3,712,0.07910986,895
3000115000021,42000300000693,3000115000112,3000115000000,42,0.9054624,3000115000022,-1,3000115000020,3000115000021,3000115000131,2922,269.55768,240.12323,263.61914,13866,37.755466,21.413153,6.860262,41454,4,2,0,225.60902,-63.31031,307.30405,164.36987,268.37866,1.6228675,1.0540617,-1.0971187,8323704,3,693,0.07594247,979
3000115000022,41000300000604,3000115000112,3000115000000,41,0.98870814,3000115000023,-1,3000115000021,3000115000022,3000115000132,2817,267.31998,244.68471,264.04947,13866,37.623722,21.419733,6.703789,41450,4,2,0,223.62299,-61.06319,305.3243,161.67194,263.96912,1.7272315,0.98172694,-1.1520125,8323919,3,604,0.075852044,968
3000115000023,40000300000570,3000115000112,3000115000000,40,1.0778745,3000115000024,-1,3000115000022,3000115000023,3000115000133,2640,263.53308,242.44699,261.20932,13866,37.505413,21.453184,6.550371,41450,4,2,0,221.9044,-63.341793,305.8141,171.77771,271.74902,1.7087452,0.5292776,-1.2428966,8324237,3,570,0.0685773,953
3000115000024,39000300000531,3000115000088,3000115000000,39,1.173417,3000115000025,3000115000089,3000115000023,3000115000024,3000115000164,2672,245.9757,231.94699,244.42651,13865,37.389404,21.501144,6.376797,41464,4,2,0,211.52585,-55.20347,304.8621,175.71402,283.91675,1.8317529,0.43299118,-1.4635884,8323704,3,531,0.061456162,430
3000115000025,38000300000476,3000115000088,3000115000000,38,1.2758462,3000115000026,-1,3000115000024,3000115000025,3000115000135,2430,236.33633,220.24205,236.33633,13865,37.262394,21.520498,6.1844387,41464,4,2,0,201.69405,-34.93045,306.117,165.41068,263.31085,1.1502168,-0.012828027,-1.6001167,8323672,3,476,0.06679218,22
3000115000026,37000300000474,3000115000088,3000115000000,37,1.3857181,3000115000027,-1,3000115000025,3000115000026,3000115000136,2302,216.71336,189.68874,218.00435,13865,37.16516,21.552488,6.0024924,41464,4,2,0,193.1884,-31.977451,289.4839,158.90027,261.72803,0.68916756,0.49620697,-1.5172603,8337822,3,474,0.06602834,367
3000115000027,36000300000458,3000115000085,3000115000000,36,1.5036365,3000115000028,3000115000086,3000115000026,3000115000027,3000115000137,2145,180.65184,169.9797,182.37315,13871,37.05002,21.578054,5.8271904,41429,4,2,0,187.53983,-23.664322,283.5546,155.60846,254.6001,0.46383956,0.05668364,-1.2976453,8323905,3,458,0.062985644,759
3000115000028,35000300000476,3000115000085,3000115000000,35,1.6302707,3000115000029,-1,3000115000027,3000115000028,3000115000093,1798,166.27887,158.10263,167.65593,13871,36.935543,21.588366,5.6538634,41429,4,2,0,179.56067,-13.502863,278.6223,167.289,265.50385,-0.167038,5.643891E-4,-1.2191826,8323618,3,476,0.04769742,675
3000115000029,34000300000441,3000115000085,3000115000000,34,1.766336,3000115000030,-1,3000115000028,3000115000029,3000115000094,1653,152.76657,145.70918,154.91821,13871,36.829674,21.58727,5.479942,41429,4,2,0,179.66512,-8.406653,269.88998,167.24448,266.72003,-0.33496884,0.08946166,-1.1226867,8323919,3,441,0.043323275,626
3000115000030,33000300000391,3000115000085,3000115000000,33,1.9126327,3000115000031,-1,3000115000029,3000115000030,3000115000095,1535,128.49605,124.537025,130.99196,13871,36.719532,21.555275,5.3192973,41429,4,2,0,171.67114,-7.217981,255.31886,156.44156,256.63806,-0.70260596,0.036012728,-1.080764,8323931,3,391,0.04359267,157
3000115000031,32000300000399,3000115000078,3000115000000,32,2.0700274,3000115000032,3000115000079,3000115000030,3000115000031,-1,1319,111.45505,108.270615,114.209145,13871,36.6172,21.558624,5.1503053,41429,4,2,0,158.20888,3.0300405,247.60591,152.10724,247.99712,-1.2076254,-0.6798604,-0.7916475,8324536,3,399,0.040550943,927
3000115000032,31000300000376,3000115000078,3000115000000,31,2.2394855,3000115000033,-1,3000115000031,3000115000032,-1,1200,101.72962,97.512405,104.48373,13871,36.526295,21.559423,5.030936,41429,4,2,0,150.48714,-3.847801,238.04855,150.37454,250.81046,-1.2280711,-0.7311928,-0.7602089,8338028,3,376,0.03541803,416
3000115000033,30000300000340,3000115000078,3000115000000,30,2.422044,3000115000034,-1,3000115000032,3000115000033,-1,1124,96.479614,93.72552,99.57798,13871,36.450993,21.556837,4.890912,41429,4,2,0,142.123,-8.214551,232.13861,152.745,252.04323,-1.0023974,-0.5904078,-0.5419711,8324497,3,340,0.035440702,880
3000115000034,29000300000268,3000115000059,3000115000000,29,2.6188614,3000115000035,3000115000060,3000115000033,3000115000034,3000115000060,1060,94.41404,92.5206,97.59847,13871,36.344616,21.564034,4.7162876,41425,4,2,0,141.20193,-16.567562,234.14078,149.06686,234.6814,-0.8943973,-0.7711123,-0.8324441,8323676,3,268,0.038897105,300
3000115000035,28000300000224,3000115000059,3000115000000,28,2.8311827,3000115000036,-1,3000115000034,3000115000035,3000115000061,879,91.48781,89.93863,93.03699,13871,36.284386,21.591917,4.5915875,41425,4,2,0,122.18371,-9.203745,196.57837,160.71246,235.31326,-0.81715196,-0.3943179,-0.84170353,8324546,3,224,0.031339146,309
3000115000036,27000300000190,3000115000059,3000115000000,27,3.060419,3000115000037,-1,3000115000035,3000115000036,-1,938,84.25829,84.00009,85.46321,13871,36.23279,21.575867,4.5303683,41425,4,2,0,117.95861,-16.47608,208.84904,161.70845,265.09763,-1.0441829,-0.80642307,-0.75891876,8324497,3,190,0.026491016,841
3000115000037,26000300000178,3000115000059,3000115000000,26,3.3080978,3000115000038,-1,3000115000036,3000115000037,3000115000062,651,63.172203,60.418102,68.16401,13871,36.210888,21.530083,4.4322834,41425,4,2,0,53.013283,6.5323462,201.08469,143.67116,218.96507,-0.9392757,-0.27175823,-0.49072382,8324497,3,178,0.025851196,791
3000115000038,25000300000140,3000115000059,3000115000000,25,3.575905,3000115000039,-1,3000115000037,3000115000038,3000115000063,479,36.319714,35.803318,38.987747,13871,36.223778,21.52416,4.3249025,41425,4,2,0,22.270487,11.395186,219.15848,124.22567,200.34431,-0.35256284,0.7199964,-0.44911397,8324497,3,140,0.022760484,476
3000115000039,24000300000255,3000115000059,3000115000000,24,3.8656828,3000115000040,-1,3000115000038,3000115000039,-1,396,30.81151,30.553314,31.672167,13871,36.238033,21.518023,4.226889,41425,4,2,0,23.689856,0.12882364,225.13367,117.26676,189.68117,-0.515893,0.40803304,-0.04626515,8324543,3,255,0.021373942,869
3000115000040,23000300000238,3000115000054,3000115000000,23,4.1794686,3000115000041,3000115000055,3000115000039,3000115000040,-1,304,26.85249,26.680359,27.368883,13871,36.224117,21.511402,4.1000185,41425,4,2,0,19.695906,-15.093675,202.23409,129.3557,206.26273,-0.44681954,0.32413846,0.0643156,8324543,3,238,0.013879037,574
3000115000041,22000300000194,3000115000054,3000115000000,22,4.5195556,3000115000042,-1,3000115000040,3000115000041,-1,284,23.237732,22.893469,23.926256,13871,36.187386,21.5205,3.967094,41425,4,2,0,29.447945,-18.691515,195.87032,113.52406,186.08347,-0.4512474,0.34732094,-0.035880383,8323666,3,194,0.0166787,652
3000115000042,21000300000171,3000115000050,3000115000000,21,4.888449,3000115000043,3000115000051,3000115000041,3000115000042,3000115000051,211,17.213135,17.213135,17.557398,13860,36.188515,21.519552,3.8439515,41205,4,2,0,21.80024,-22.916363,220.04694,109.555595,186.30687,-0.046450894,0.1002124,0.115956545,8323674,3,171,0.012434874,583
3000115000043,20000300000171,3000115000050,3000115000000,20,5.2888336,3000115000044,-1,3000115000042,3000115000043,-1,181,14.631165,14.631165,14.803295,13860,36.18492,21.527637,3.7165837,41205,4,2,0,18.508959,-29.810816,214.905,109.173904,180.04327,-0.00791951,-0.034962412,0.02350466,8324507,3,171,0.011663785,710
3000115000044,19000300000154,3000115000050,3000115000000,19,5.7238646,3000115000045,-1,3000115000043,3000115000044,-1,152,11.360668,11.360668,11.704931,13860,36.168896,21.545815,3.5859718,41205,4,2,0,20.73918,-25.300621,200.84457,102.01413,167.85962,0.05346189,0.022210069,0.011092104,8324540,3,154,0.010310675,853
3000115000045,18000300000149,3000115000049,3000115000000,18,6.1968336,3000115000046,3000115000050,3000115000044,3000115000045,-1,110,7.9180417,7.9180417,8.9508295,13860,36.115063,21.563435,3.4577835,41204,4,2,0,27.825602,-29.776302,216.45445,96.6526,156.32504,0.055453744,-0.11135059,-9.109907E-4,8323678,3,149,0.00942398,993
3000115000046,17000300000099,3000115000049,3000115000000,17,6.7115865,3000115000047,-1,3000115000045,3000115000046,-1,97,5.8524656,5.680334,6.540991,13860,36.10937,21.581522,3.336909,41204,4,2,0,27.18298,-31.52279,209.65002,80.23624,135.74223,0.009681646,-0.04304781,0.07071609,8324507,3,99,0.010406966,180
3000115000047,16000300000102,3000115000049,3000115000000,16,7.272188,3000115000048,-1,3000115000046,3000115000047,-1,69,4.0450864,4.0450864,4.131152,13860,36.0861,21.60538,3.2450507,41204,4,2,0,34.92946,-34.45027,184.77888,72.07094,123.32732,-0.031706505,0.0053096428,0.13031577,8324507,3,102,0.0090942485,866
3000115000048,15000300000151,3000115000049,3000115000000,15,7.8832035,3000115000049,-1,3000115000047,3000115000048,-1,40,3.0122986,3.0122986,3.18443,13860,36.08089,21.607615,3.149788,41204,4,2,0,35.332825,-31.74122,195.97452,77.58295,131.59863,0.02163515,-0.05838561,0.05240086,8323680,3,151,0.0051405537,347
3000115000049,14000300000146,3000115000049,3000115000000,14,8.549912,-1,-1,3000115000048,3000115000049,-1,28,2.3237731,2.3237731,2.4098387,13860,36.046307,21.633083,3.0712142,41204,4,2,0,36.43944,-40.72225,183.1154,80.58216,143.5027,0.007247823,-0.013530588,-0.016854059,8323666,3,146,0.0035096197,647
3000115000050,18000300000776,3000115000050,3000115000000,18,6.1968336,-1,-1,3000115000044,3000115000050,-1,25,1.7213135,1.6352477,1.9795104,13860,36.21094,21.569654,3.6730874,41205,4,2,0,-6.1469,-42.326035,86.37538,50.979748,83.93745,-0.1187077,-0.1556342,0.012020232,8323800,3,776,0.007605546,541
3000115000051,21000300000172,3000115000054,3000115000000,21,4.888449,3000115000052,-1,3000115000041,3000115000042,-1,31,0.0,0.0,0.0,13871,36.17027,21.61487,4.068593,41425,4,2,0,68.73208,-24.666893,37.185944,62.616184,101.06406,-0.1330801,-0.010489891,-0.06941099,8323560,3,172,0.005804969,844
3000115000052,20000300001149,3000115000054,3000115000000,20,5.2888336,3000115000053,-1,3000115000051,3000115000052,-1,40,2.840167,2.840167,3.098364,13871,36.14051,21.630594,4.055532,41425,4,2,0,81.0661,-12.396451,58.29963,60.01806,100.52327,-0.09114399,-0.005793242,-0.07427514,8323560,3,1149,0.008184765,946
3000115000053,19000300001012,3000115000054,3000115000000,19,5.7238646,3000115000054,-1,3000115000052,3000115000053,-1,34,1.8073791,1.8073791,2.065576,13871,36.106323,21.650267,4.026828,41424,4,2,0,70.785355,-8.849787,62.50974,57.796494,99.1216,-0.19485247,0.023431035,-0.057049233,8323560,3,1012,0.007834121,954
3000115000054,18000300001074,3000115000054,3000115000000,18,6.1968336,-1,-1,3000115000053,3000115000054,-1,27,1.3770508,1.2909851,1.4631164,13871,36.066605,21.659206,4.0243096,41424,4,2,0,74.580185,-10.925973,63.611034,51.51311,85.59492,-0.10789023,-0.01475546,-0.09198171,8323741,3,1074,0.0074156336,442
3000115000055,23000300001875,3000115000059,3000115000000,23,4.1794686,3000115000056,-1,3000115000039,3000115000055,-1,39,2.1516418,2.1516418,2.6680357,13859,36.046787,21.424181,3.81586,41190,4,2,0,97.35187,17.619377,339.8368,48.71954,92.95854,-0.033453852,-0.048885178,-0.0071444446,8338094,3,1875,0.008995757,244
3000115000056,22000300001454,3000115000059,3000115000000,22,4.5195556,3000115000057,-1,3000115000055,3000115000056,-1,44,2.5819702,2.5819702,2.840167,13859,35.974064,21.434086,3.6440763,41190,4,2,0,98.28994,6.777147,314.82645,50.060547,90.82278,-0.08692916,-0.083189264,0.0077286246,8322807,3,1454,0.0121306535,302
3000115000057,21000300001437,3000115000059,3000115000000,21,4.888449,3000115000058,-1,3000115000056,3000115000057,-1,37,2.4098387,2.4098387,2.4098387,13859,35.955376,21.445673,3.4797728,41190,4,2,0,94.06026,-5.141084,298.99612,52.48677,88.8544,-0.046814673,-0.055207968,-0.06599104,8338083,3,1437,0.010557064,576
3000115000058,20000300001577,3000115000059,3000115000000,20,5.2888336,3000115000059,-1,3000115000057,3000115000058,-1,28,1.8934448,1.8934448,1.8934448,13859,35.875114,21.431986,3.3536465,41190,4,2,0,91.35368,-6.779738,271.74356,48.99975,87.5004,-0.014485374,0.04043416,0.094732344,8324490,3,1577,0.0085738925,547
3000115000059,19000300001847,3000115000059,3000115000000,19,5.7238646,-1,-1,3000115000058,3000115000059,-1,22,0.516394,0.516394,0.516394,13859,35.821747,21.441006,3.2231371,41190,4,2,0,85.64765,-2.1908906,263.4522,55.37577,74.75364,0.027510328,0.011384476,0.15317489,8324490,3,1847,0.009780722,499
3000115000060,29000300000269,3000115000078,3000115000000,29,2.6188614,3000115000061,-1,3000115000033,3000115000034,-1,74,0.0,0.0,0.0,13871,36.397522,21.546846,4.813273,41425,4,2,0,87.33788,34.993633,183.02179,81.74018,138.73456,-0.1682597,-0.108059175,7.9266774E-4,8337510,3,269,0.007853271,953
3000115000061,28000300000225,3000115000078,3000115000000,28,2.8311827,3000115000062,-1,3000115000060,3000115000035,-1,121,0.0,0.0,0.0,13871,36.343582,21.52759,4.6777883,41425,4,2,0,150.08469,-23.812618,337.3075,113.34717,177.8118,0.14304364,-0.04029866,-0.2676132,8337463,3,225,0.008871474,20
3000115000062,26000300000179,3000115000078,3000115000000,26,3.3080978,3000115000063,-1,3000115000061,3000115000037,-1,165,0.0,0.0,0.0,13871,36.073612,21.64325,4.304848,41424,4,2,0,248.22714,-76.31319,181.41109,114.54785,189.0357,-0.03399551,0.07063652,-0.08724188,8337463,3,179,0.009658138,669
3000115000063,25000300000141,3000115000078,3000115000000,25,3.575905,3000115000064,-1,3000115000062,3000115000038,-1,325,0.0,0.0,0.0,13871,35.949066,21.68657,4.218855,41424,4,2,0,215.07758,-65.37071,150.13562,110.606094,186.21796,0.021566048,0.45267263,-0.29787117,8337463,3,141,0.017951502,36
3000115000064,24000300000270,3000115000078,3000115000000,24,3.8656828,3000115000065,-1,3000115000063,3000115000064,-1,373,30.381182,30.209051,30.983643,13871,35.82524,21.708044,4.1463284,41424,4,2,0,201.32841,-38.42851,141.85164,120.0499,200.00322,-0.14285164,0.54792935,-0.28686318,8338035,3,270,0.018977934,293
3000115000065,23000300000228,3000115000078,3000115000000,23,4.1794686,3000115000066,-1,3000115000064,3000115000065,-1,305,25.561504,25.389374,27.02462,13871,35.726105,21.724628,4.060605,41424,4,2,0,186.20006,-28.349594,130.86263,115.90136,186.20256,-0.14235139,0.44063902,-0.16956937,8337760,3,228,0.017251998,424
3000115000066,22000300000236,3000115000078,3000115000000,22,4.5195556,3000115000067,-1,3000115000065,3000115000066,-1,249,18.762316,18.762316,19.020514,13871,35.633377,21.73853,3.986139,41424,3,2,0,168.29784,-21.189198,127.10712,106.329155,181.1403,-0.08530747,0.20159934,-0.124453686,8338059,3,236,0.0149672795,8
3000115000067,21000300000216,3000115000078,3000115000000,21,4.888449,3000115000068,-1,3000115000066,3000115000067,-1,210,13.081982,13.081982,13.51231,13871,35.603138,21.759579,3.945165,41424,3,2,0,167.36993,-21.25115,130.68823,102.67134,163.80803,-0.12814729,0.28777885,-0.07928274,8337541,3,216,0.014859477,35
3000115000068,20000300000133,3000115000078,3000115000000,20,5.2888336,3000115000069,-1,3000115000067,3000115000068,-1,209,12.307391,12.307391,12.565588,13860,35.509438,21.766651,3.888952,41204,3,2,0,156.62949,-23.691706,122.42798,99.76215,172.63997,-0.12629008,0.3159001,-0.05055169,8337541,3,133,0.013369109,763
3000115000069,19000300000170,3000115000076,3000115000000,19,5.7238646,3000115000070,3000115000077,3000115000068,3000115000069,-1,144,10.413946,10.413946,10.758209,13860,35.42797,21.770945,3.8288267,41204,3,2,0,127.0898,-20.846487,97.10717,95.79074,165.2515,-0.1448845,0.058063798,-0.0056643635,8337531,3,170,0.010319854,85
3000115000070,18000300000142,3000115000076,3000115000000,18,6.1968336,3000115000071,-1,3000115000069,3000115000070,-1,112,9.209027,9.209027,9.725421,13860,35.35604,21.78418,3.7529066,41204,3,2,0,113.01761,-24.77213,109.28258,99.23241,166.85338,-0.037805967,-0.05231145,0.063687846,8337541,3,142,0.008608636,765
3000115000071,17000300000112,3000115000076,3000115000000,17,6.7115865,3000115000072,-1,3000115000070,3000115000071,-1,91,7.3155823,7.3155823,7.573779,13860,35.26239,21.801886,3.6911325,41204,3,2,0,126.405716,-34.449413,112.431244,97.229866,160.10823,-1.518601E-4,-0.08182182,0.028885085,8338062,3,112,0.007847226,222
3000115000072,16000300000066,3000115000076,3000115000000,16,7.272188,3000115000073,-1,3000115000071,3000115000072,-1,82,5.680334,5.680334,5.9385314,13860,35.202473,21.809002,3.6497378,41204,3,2,0,117.99977,-27.951498,102.71363,80.400696,143.62773,-0.049236108,-0.12720296,-0.0130355405,8338062,3,66,0.0083729075,389
3000115000073,15000300000055,3000115000076,3000115000000,15,7.8832035,3000115000074,-1,3000115000072,3000115000073,-1,67,3.2704954,3.2704954,3.442627,13860,35.183548,21.82207,3.600135,41204,3,2,0,119.59376,-23.79122,100.96841,75.30499,128.02914,-0.018736446,-0.03661042,0.009788734,8338021,3,55,0.008334589,601
3000115000074,14000300000073,3000115000076,3000115000000,14,8.549912,3000115000075,-1,3000115000073,3000115000074,-1,40,2.2377074,2.2377074,2.2377074,13883,35.143078,21.824234,3.5665045,41149,3,2,0,110.416145,-30.4668,90.679924,73.08728,133.02432,0.07086575,-0.04292198,-0.052881707,8338027,3,73,0.0053108446,484
3000115000075,13000300000056,3000115000076,3000115000000,13,9.277915,3000115000076,-1,3000115000074,3000115000075,-1,32,1.549182,1.549182,1.549182,13883,35.121674,21.837276,3.5135043,41149,3,2,0,108.51191,-24.176857,80.14428,65.35689,110.41545,0.03286784,-0.06990633,-0.08784985,8337532,3,56,0.0051613,899
3000115000076,12000300000036,3000115000076,3000115000000,12,10.073462,-1,-1,3000115000075,3000115000076,-1,25,1.1188537,1.1188537,1.1188537,13883,35.072495,21.849815,3.4650428,41149,3,2,0,84.60978,-24.411636,89.922005,59.90192,98.446884,6.225902E-4,-0.057204925,-0.026881952,8337532,3,36,0.0050803334,717
3000115000077,19000300000690,3000115000078,3000115000000,19,5.7238646,3000115000078,-1,3000115000068,3000115000077,-1,36,2.1516418,2.1516418,2.2377074,13860,35.20863,21.755463,3.60681,41204,3,2,0,179.84663,-12.304521,216.3927,52.173122,90.67366,-0.027443701,0.16061138,-0.007517907,8337832,3,690,0.009293547,28
3000115000078,18000300000755,3000115000078,3000115000000,18,6.1968336,-1,-1,3000115000077,3000115000078,-1,33,1.8934448,1.8934448,1.8934448,13883,35.144424,21.766745,3.5437572,41149,3,2,0,186.94162,-8.685486,161.11415,60.687016,95.13322,-0.0847093,0.091531634,-0.07111734,8338042,3,755,0.0074269087,351
3000115000079,32000300005532,3000115000080,3000115000000,32,2.0700274,3000115000080,3000115000081,3000115000030,3000115000079,-1,22,1.6352477,1.549182,1.6352477,13871,36.967403,21.763212,5.465935,41429,4,2,0,71.20613,-33.88071,67.167435,28.954443,58.71792,0.06767351,0.07965862,-0.08624481,8330610,3,5532,0.013701976,936
3000115000080,31000300005602,3000115000080,3000115000000,31,2.2394855,-1,-1,3000115000079,3000115000080,-1,20,1.6352477,1.549182,1.6352477,13871,36.908268,21.78993,5.430527,41429,4,2,0,99.80188,-24.018875,69.620026,36.520313,77.69903,0.095870286,0.12606956,-0.042362403,8331110,3,5602,0.010150722,246
3000115000081,32000300004802,3000115000085,3000115000000,32,2.0700274,3000115000082,-1,3000115000030,3000115000081,-1,26,2.065576,1.8073791,2.065576,13871,36.713253,21.769238,5.6543937,41429,4,2,0,290.93018,-43.495956,57.261242,31.246725,63.22703,0.0013979552,-0.02069018,-0.015853014,8331028,3,4802,0.016421786,605
3000115000082,31000300005131,3000115000085,3000115000000,31,2.2394855,3000115000083,-1,3000115000081,3000115000082,-1,25,1.8073791,1.8073791,1.8073791,13871,36.557102,21.787724,5.6395364,41429,4,2,0,282.1992,-43.282227,74.93664,39.270363,77.86181,-0.042098667,-0.029771613,9.41166E-4,8330994,3,5131,0.008934823,947
3000115000083,30000300004696,3000115000085,3000115000000,30,2.422044,3000115000084,-1,3000115000082,3000115000083,-1,28,1.8934448,1.8934448,1.8934448,13871,36.399254,21.814886,5.562771,41429,4,2,0,272.56802,-45.53719,87.46753,40.043705,68.18345,0.010560026,-0.037105158,0.0012176258,8331028,3,4696,0.013648379,29
3000115000084,29000300005601,3000115000085,3000115000000,29,2.6188614,3000115000085,-1,3000115000083,3000115000084,-1,21,1.7213135,1.7213135,1.8073791,13871,36.257862,21.836943,5.535714,41429,4,2,0,263.53275,-54.52603,94.54123,37.503307,65.168816,-0.07146563,0.029324882,0.10594475,8331028,3,5601,0.011294964,211
3000115000085,28000300005551,3000115000085,3000115000000,28,2.8311827,-1,-1,3000115000084,3000115000085,-1,20,1.3770508,1.2909851,1.3770508,13871,36.098648,21.882607,5.466607,41428,4,2,0,243.65158,-51.39171,95.62136,38.210777,75.78253,-0.0786754,-0.014269438,0.043881398,8331028,3,5551,0.0115609765,228
3000115000086,36000300000461,3000115000088,3000115000000,36,1.5036365,3000115000087,-1,3000115000026,3000115000027,-1,22,0.0,0.0,0.0,13865,37.37699,21.734476,6.1346145,41464,4,2,0,140.66942,-28.737888,87.10207,28.69632,57.513325,0.1650877,-0.0031383156,0.103854045,8330914,3,461,0.017963557,124
3000115000087,34000300001080,3000115000088,3000115000000,34,1.766336,3000115000088,-1,3000115000086,3000115000139,-1,20,0.0,0.0,0.0,13865,37.139267,21.76286,6.0367723,41464,4,2,0,234.01376,-26.61205,72.1317,31.372097,61.331207,0.043403905,-0.059195466,0.16513829,8330914,3,1080,0.013469475,386
3000115000088,33000300006193,3000115000088,3000115000000,33,1.9126327,-1,-1,3000115000087,3000115000088,-1,20,1.549182,1.549182,1.7213135,13870,37.004353,21.770855,6.0140457,41457,4,2,0,249.40941,-39.307384,82.6818,43.276016,78.29361,-0.023515346,-0.007284762,0.032837976,8330918,3,6193,0.011017859,782
3000115000089,39000300000534,3000115000112,3000115000000,39,1.173417,3000115000090,-1,3000115000023,3000115000024,-1,30,0.0,0.0,0.0,13865,37.232014,21.52909,6.1568413,41464,4,2,0,220.75711,80.57126,463.30612,46.41674,85.14242,0.13192105,0.0033172101,0.1303902,8337642,3,534,0.009931833,166
3000115000090,38000300000478,3000115000112,3000115000000,38,1.2758462,3000115000091,-1,3000115000089,3000115000025,-1,32,0.0,0.0,0.0,13865,37.13342,21.484884,5.9444656,41464,4,2,0,147.66257,95.288506,346.03796,43.21266,78.298195,0.13366842,-0.06691076,0.12464665,8337642,3,478,0.010999931,448
3000115000091,37000300000476,3000115000112,3000115000000,37,1.3857181,3000115000092,-1,3000115000090,3000115000026,-1,51,0.0,0.0,0.0,13868,37.05656,21.43092,5.7926397,41415,4,2,0,91.15691,88.044014,215.78534,52.578163,83.619,-0.030871814,-0.101999015,0.06411326,8337618,3,476,0.014513248,463
3000115000092,36000300000460,3000115000112,3000115000000,36,1.5036365,3000115000093,-1,3000115000091,3000115000027,3000115000086,47,0.0,0.0,0.0,13868,37.020416,21.427597,5.711712,41415,4,2,0,45.04555,-12.959224,83.49616,58.49471,90.53976,0.0050857207,0.0023279102,-0.050001394,8337607,3,460,0.011894588,683
3000115000093,35000300000477,3000115000112,3000115000000,35,1.6302707,3000115000094,-1,3000115000092,3000115000028,-1,37,0.0,0.0,0.0,13868,37.003414,21.480648,5.7008967,41415,4,2,0,60.069633,-225.86859,21.548035,52.956154,90.115875,0.013265598,-0.021049296,-0.044465918,8337618,3,477,0.010429845,918
3000115000094,34000300000442,3000115000112,3000115000000,34,1.766336,3000115000095,-1,3000115000093,3000115000029,-1,57,0.0,0.0,0.0,13871,36.951576,21.641844,5.6562295,41429,4,2,0,174.48318,-298.5256,151.09387,66.02795,104.1594,-0.101920165,-0.2151761,-0.027003903,8337607,3,442,0.011299241,397
3000115000095,33000300000392,3000115000112,3000115000000,33,1.9126327,3000115000096,-1,3000115000094,3000115000030,-1,94,0.0,0.0,0.0,13871,36.82212,21.782578,5.5351815,41429,4,2,0,195.01338,-259.94876,218.91425,69.21852,117.06765,0.10503208,-0.29088116,0.032065615,8337583,3,392,0.014493807,882
3000115000096,32000300001479,3000115000112,3000115000000,32,2.0700274,3000115000097,-1,3000115000095,3000115000096,-1,142,11.016406,10.155749,11.963128,13871,36.708435,21.922081,5.397901,41429,4,2,0,201.08594,-221.86992,232.94556,64.32941,113.88384,0.21818835,-0.45384574,-0.03067151,8337653,3,1479,0.020786105,71
3000115000097,31000300001467,3000115000112,3000115000000,31,2.2394855,3000115000098,-1,3000115000096,3000115000097,-1,140,10.155749,9.725421,10.327881,13871,36.609783,22.045391,5.284203,41429,4,2,0,201.36588,-189.24597,229.96042,62.789513,113.690605,0.28216207,-0.41110063,-0.053299334,8337582,3,1467,0.0209483,353
3000115000098,30000300001581,3000115000112,3000115000000,30,2.422044,3000115000099,-1,3000115000097,3000115000098,-1,115,8.778699,8.778699,9.209027,13871,36.501537,22.153511,5.1505933,41429,4,2,0,185.41142,-167.37054,229.16785,65.978966,114.0732,0.18178943,-0.111394756,-0.23131734,8337583,3,1581,0.017039044,573
3000115000099,29000300001500,3000115000112,3000115000000,29,2.6188614,3000115000100,-1,3000115000098,3000115000099,-1,114,8.004107,7.9180417,8.090173,13871,36.38689,22.234783,5.0051856,41429,4,2,0,185.15419,-151.23378,223.60939,67.94336,118.31513,0.06484978,-0.31582,-0.17619741,8342177,3,1500,0.0172465,604
3000115000100,28000300001528,3000115000112,3000115000000,28,2.8311827,3000115000101,-1,3000115000099,3000115000100,-1,97,7.4016476,7.4016476,7.7459106,13871,36.2935,22.323269,4.8693204,41425,4,2,0,178.50815,-134.56328,217.41422,64.68608,110.54013,0.083408415,-0.111942746,-0.26847073,8337582,3,1528,0.016946819,590
3000115000101,27000300001226,3000115000112,3000115000000,27,3.060419,3000115000102,-1,3000115000100,3000115000101,-1,110,6.971319,6.540991,7.1434507,13871,36.158768,22.363138,4.7277784,41425,4,2,0,174.17584,-136.13118,202.50313,59.24793,105.75535,0.16181494,-0.32020238,-0.11851213,8337612,3,1226,0.019458707,475
3000115000102,26000300001506,3000115000112,3000115000000,26,3.3080978,3000115000103,-1,3000115000101,3000115000102,-1,77,6.4549255,6.196728,6.971319,13871,36.06282,22.440283,4.6472163,41424,4,2,0,177.51831,-105.952225,187.4112,60.10015,102.592026,-0.060024027,-0.1585466,-0.009033462,8342135,3,1506,0.014783327,915
3000115000103,25000300001162,3000115000112,3000115000000,25,3.575905,3000115000104,-1,3000115000102,3000115000103,-1,89,6.540991,6.196728,6.540991,13871,35.957085,22.491423,4.514199,41426,4,2,0,159.70633,-116.00395,179.50108,71.79767,122.63046,0.08062232,-0.38587928,0.123696886,8337956,3,1162,0.0139997145,614
3000115000104,24000300001055,3000115000112,3000115000000,24,3.8656828,3000115000105,-1,3000115000103,3000115000104,-1,87,6.36886,6.282794,6.4549255,13871,35.869766,22.560259,4.4464335,41426,4,2,0,155.64183,-109.70474,171.17436,71.98941,117.84832,0.12108986,-0.38821417,0.1165389,8337653,3,1055,0.012919581,249
3000115000105,23000300001478,3000115000112,3000115000000,23,4.1794686,3000115000106,-1,3000115000104,3000115000105,-1,54,3.8729553,3.8729553,3.9590209,13871,35.763237,22.60344,4.355017,41426,4,2,0,175.1643,-100.87811,137.53348,65.197235,109.48832,-0.1291944,-0.056385435,-0.0037522381,8337612,3,1478,0.009613754,612
3000115000106,22000300001194,3000115000112,3000115000000,22,4.5195556,3000115000107,-1,3000115000105,3000115000106,-1,56,4.0450864,4.0450864,4.6475463,13871,35.662834,22.653019,4.2788386,41426,3,2,0,158.27339,-95.6844,125.376045,66.20401,112.336716,-0.098565675,-0.0719728,0.033081695,8337981,3,1194,0.009803192,22
3000115000107,21000300000975,3000115000112,3000115000000,21,4.888449,3000115000108,-1,3000115000106,3000115000107,-1,55,3.2704954,3.18443,3.442627,13871,35.541622,22.685137,4.1849885,41426,3,2,0,149.27902,-94.63701,124.67826,58.947266,103.37736,-0.10073211,-0.0011845496,0.0603841,8337653,3,975,0.010222272,450
3000115000108,20000300000801,3000115000112,3000115000000,20,5.2888336,3000115000109,-1,3000115000107,3000115000108,-1,53,2.065576,2.065576,2.3237731,13871,35.441814,22.721716,4.11667,41426,3,2,0,142.45921,-88.26299,121.104034,59.285038,93.27053,-0.10741796,0.005749339,-0.010842908,8337609,3,801,0.011791255,523
3000115000109,19000300000918,3000115000112,3000115000000,19,5.7238646,3000115000110,-1,3000115000108,3000115000109,-1,39,3.0122986,2.840167,3.0122986,13871,35.389275,22.788452,4.050328,41426,3,2,0,132.4785,-76.47311,121.05209,62.755245,105.05268,-0.050161462,-0.124297224,-0.010037104,8337609,3,918,0.0076441746,784
3000115000110,18000300000831,3000115000112,3000115000000,18,6.1968336,3000115000111,-1,3000115000109,3000115000110,-1,33,2.7541015,2.7541015,2.7541015,13871,35.317142,22.820663,4.0132227,41426,3,2,0,135.47896,-76.12871,114.577255,62.83005,110.27616,-0.03377093,-0.013509865,-0.020438645,8342137,3,831,0.0062342756,516
3000115000111,17000300000674,3000115000112,3000115000000,17,6.7115865,3000115000112,-1,3000115000110,3000115000111,-1,29,1.8934448,1.8934448,1.9795104,13871,35.275948,22.871824,3.9454608,41426,3,2,0,130.5464,-74.08146,114.74791,68.301,120.32253,-0.047768798,-0.050408773,-0.013688793,8337609,3,674,0.0043898695,83
3000115000112,16000300000458,3000115000112,3000115000000,16,7.272188,-1,-1,3000115000111,3000115000112,-1,28,0.9467224,0.9467224,1.032788,13860,35.193336,22.860748,3.8631725,41206,3,2,0,120.94821,-69.336716,111.04682,51.99891,88.773926,-0.041597527,-0.068565235,0.003541084,8337610,3,458,0.008309703,76
3000115000113,44000300000698,3000115000127,3000115000000,44,0.75503564,3000115000114,-1,3000115000018,3000115000019,-1,25,0.0,0.0,0.0,13866,38.21511,21.39606,7.383323,41455,4,2,0,-29.936003,20.63005,268.91586,27.389872,56.78558,0.026894072,0.0633324,0.10751863,8323163,3,698,0.014922347,391
3000115000114,43000300000715,3000115000127,3000115000000,43,0.8276991,3000115000115,-1,3000115000113,3000115000020,-1,26,0.0,0.0,0.0,13866,38.221165,21.356718,7.248477,41455,4,2,0,12.581286,37.510075,286.94217,28.973122,55.964622,0.13197109,-0.050258324,0.09655519,8323163,3,715,0.02023323,840
3000115000115,42000300005265,3000115000127,3000115000000,42,0.9054624,3000115000116,-1,3000115000114,3000115000115,-1,28,2.6680357,2.2377074,2.4959044,13866,38.21083,21.339993,7.09792,41455,4,2,0,40.745094,36.363186,292.49124,31.885654,62.207092,0.14487007,-0.030603701,0.118085206,8323163,3,5265,0.016781112,651
3000115000116,41000300005477,3000115000127,3000115000000,41,0.98870814,3000115000117,-1,3000115000115,3000115000116,-1,28,2.4098387,2.3237731,2.4098387,13866,38.173122,21.325253,6.9463844,41455,4,2,0,63.053726,32.0979,292.3226,38.622597,69.78142,0.15622014,-0.032605574,0.10428541,8323485,3,5477,0.011614812,804
3000115000117,40000300005308,3000115000127,3000115000000,40,1.0778745,3000115000118,-1,3000115000116,3000115000117,-1,29,2.4098387,2.2377074,2.2377074,13866,38.127235,21.312054,6.797897,41451,4,2,0,80.66589,27.77069,291.42365,30.104763,58.55188,0.17338406,-0.06766302,0.07504002,8323465,3,5308,0.019749036,669
3000115000118,39000300005276,3000115000127,3000115000000,39,1.173417,3000115000119,-1,3000115000117,3000115000118,-1,28,1.9795104,1.6352477,1.9795104,13866,38.08462,21.287628,6.649264,41450,4,2,0,92.61177,27.046375,285.79294,25.856802,52.19437,0.09828817,-0.08094223,0.10924973,8323485,3,5276,0.02342677,784
3000115000119,38000300005268,3000115000127,3000115000000,38,1.2758462,3000115000120,-1,3000115000118,3000115000119,-1,28,0.9467224,0.9467224,0.9467224,13866,38.022102,21.253212,6.5054727,41450,4,2,0,102.786705,24.937866,277.9148,24.32761,47.003273,0.12275648,-0.10774343,0.18257971,8323523,3,5268,0.028843326,472
3000115000120,37000300005650,3000115000127,3000115000000,37,1.3857181,3000115000121,-1,3000115000119,3000115000120,-1,26,1.2049193,1.1188537,1.2049193,13866,38.005047,21.283512,6.309582,41450,4,2,0,111.83792,23.313124,271.64716,27.883615,57.559994,0.13794835,-0.056270927,0.12454845,8323495,3,5650,0.023704443,670
3000115000121,36000300005445,3000115000127,3000115000000,36,1.5036365,3000115000122,-1,3000115000120,3000115000121,-1,27,2.065576,1.8934448,2.065576,13866,37.920708,21.260433,6.1943097,41450,4,2,0,118.01145,25.6958,265.24982,33.506577,62.652325,0.06772362,-0.048287086,0.09755604,8323492,3,5445,0.013577276,585
3000115000122,35000300004886,3000115000127,3000115000000,35,1.6302707,3000115000123,-1,3000115000121,3000115000122,-1,31,2.3237731,2.1516418,2.4098387,13866,37.85485,21.256348,6.043283,41450,4,2,0,116.898766,32.05576,254.92413,38.189075,68.24846,0.20789707,-0.050168887,0.15963134,8323468,3,4886,0.016300356,42
3000115000123,34000300005057,3000115000127,3000115000000,34,1.766336,3000115000124,-1,3000115000122,3000115000123,-1,27,2.3237731,2.065576,2.3237731,13866,37.770336,21.239027,5.882713,41450,4,2,0,115.57354,31.546219,256.99634,37.7586,68.93994,0.049012925,0.031873282,0.07971076,8323479,3,5057,0.011223052,914
3000115000124,33000300005355,3000115000127,3000115000000,33,1.9126327,3000115000125,-1,3000115000123,3000115000124,-1,26,1.9795104,1.9795104,1.9795104,13867,37.712162,21.230165,5.7569695,41422,4,2,0,114.02504,33.121033,243.61217,34.99934,62.762596,0.1413543,-0.03705173,0.09994395,8323493,3,5355,0.015209562,651
3000115000125,32000300004801,3000115000127,3000115000000,32,2.0700274,3000115000126,-1,3000115000124,3000115000125,-1,26,1.7213135,1.549182,1.7213135,13867,37.636242,21.192272,5.6133995,41422,4,2,0,111.78397,34.91675,238.41702,34.67784,57.748943,-0.03836416,0.0044941492,-0.022402296,8323527,3,4801,0.016993225,844
3000115000126,31000300004733,3000115000127,3000115000000,31,2.2394855,3000115000127,-1,3000115000125,3000115000126,-1,25,1.7213135,1.549182,1.8073791,13867,37.56774,21.183445,5.4925504,41422,4,2,0,110.464134,24.96782,218.82114,33.10592,60.07668,0.03503613,0.031532645,-0.04829135,8323479,3,4733,0.01696473,849
3000115000127,30000300005116,3000115000127,3000115000000,30,2.422044,-1,-1,3000115000126,3000115000127,-1,25,1.2049193,1.1188537,1.2049193,13867,37.480762,21.169586,5.359484,41422,4,2,0,106.79421,29.819096,211.66687,33.833725,59.574436,0.038295064,0.0064257723,-0.013950472,8323493,3,5116,0.015706059,802
3000115000128,45000300000688,3000115000157,3000115000000,45,0.6871088,3000115000129,-1,3000115000017,3000115000018,3000115000159,32,0.0,0.0,0.0,13866,38.1655,21.215017,7.3263326,41455,4,2,0,189.55786,-45.486076,299.54907,45.532467,88.40099,0.24394697,0.1824722,0.08263821,8377560,3,688,0.008380603,630
3000115000129,44000300000697,3000115000157,3000115000000,44,0.75503564,3000115000130,-1,3000115000128,3000115000019,3000115000113,30,0.0,0.0,0.0,13866,38.034603,21.292988,7.190441,41454,4,2,0,351.49814,-251.32414,261.69376,53.498554,93.03477,-0.01834549,0.062466912,-0.040633895,8377613,3,697,0.009456697,271
3000115000130,43000300000713,3000115000157,3000115000000,43,0.8276991,3000115000131,-1,3000115000129,3000115000020,3000115000161,41,0.0,0.0,0.0,13866,37.817997,21.457619,7.013263,41454,4,2,0,418.92957,-249.20963,507.8618,61.275703,108.08995,-0.010919754,-0.027030813,0.051450383,8377130,3,713,0.0070806937,214
3000115000131,42000300000694,3000115000157,3000115000000,42,0.9054624,3000115000132,-1,3000115000130,3000115000021,-1,96,0.0,0.0,0.0,13865,37.65115,21.524195,6.7689166,41464,4,2,0,293.8279,-47.92162,477.59277,61.499805,114.51146,-0.12432861,-0.0053797853,0.06648337,8377130,3,694,0.014399351,179
3000115000132,41000300000605,3000115000157,3000115000000,41,0.98870814,3000115000133,-1,3000115000131,3000115000022,3000115000162,84,0.0,0.0,0.0,13865,37.51763,21.522865,6.5421968,41464,4,2,0,204.87366,59.02669,391.67322,67.53297,119.49123,-0.092314795,-0.084777884,0.048643406,8377130,3,605,0.0119508635,176
3000115000133,40000300000571,3000115000157,3000115000000,40,1.0778745,3000115000134,-1,3000115000132,3000115000023,3000115000163,93,0.0,0.0,0.0,13866,37.426548,21.464937,6.3703012,41450,4,2,0,118.18453,127.91495,248.45448,70.700645,125.13851,-0.019095978,-0.046931792,-0.014562506,8377613,3,571,0.011587589,514
3000115000134,39000300000533,3000115000157,3000115000000,39,1.173417,3000115000135,-1,3000115000133,3000115000024,3000115000089,69,0.0,0.0,0.0,13866,37.369095,21.410841,6.308445,41450,4,2,0,80.00163,53.219788,-2.054841,74.978714,130.2848,0.082505286,-0.118425965,0.045196395,8377557,3,533,0.008685156,822
3000115000135,38000300000477,3000115000157,3000115000000,38,1.2758462,3000115000136,-1,3000115000134,3000115000025,3000115000090,126,0.0,0.0,0.0,13866,37.314854,21.46811,6.3246574,41450,4,2,0,134.99026,-221.8327,0.30188528,84.805336,143.91557,0.2396252,-0.08630801,0.15875345,8377557,3,477,0.01179294,824
3000115000136,37000300000475,3000115000157,3000115000000,37,1.3857181,3000115000137,-1,3000115000135,3000115000026,3000115000091,182,0.0,0.0,0.0,13865,37.229836,21.61104,6.2920365,41464,4,2,0,154.82434,-270.20425,117.64613,84.09229,144.51389,0.28277963,-0.032873314,0.2770833,8377613,3,475,0.016305666,473
3000115000137,36000300000459,3000115000157,3000115000000,36,1.5036365,3000115000138,-1,3000115000136,3000115000027,3000115000092,231,0.0,0.0,0.0,13865,37.14816,21.742628,6.20742,41464,4,2,0,147.68906,-256.40997,175.25717,77.423965,137.16687,0.3022131,-0.06163663,0.21677811,8324120,3,459,0.023750149,317
3000115000138,35000300001072,3000115000157,3000115000000,35,1.6302707,3000115000139,-1,3000115000137,3000115000138,-1,315,23.84019,22.979534,23.926256,13870,37.063034,21.897661,6.096151,41457,4,2,0,135.45186,-222.94353,196.88957,83.7138,151.571,0.18038939,0.08118355,0.60483605,8324120,3,1072,0.029049398,297
3000115000139,34000300001079,3000115000157,3000115000000,34,1.766336,3000115000140,-1,3000115000138,3000115000139,3000115000087,305,22.721336,21.602484,22.893469,13870,37.010098,22.013954,5.9637556,41457,4,2,0,127.08586,-200.89151,207.6806,84.55947,147.23647,-0.114128925,0.37072727,0.7054795,8377132,3,1079,0.029444473,517
3000115000140,33000300001068,3000115000157,3000115000000,33,1.9126327,3000115000141,-1,3000115000139,3000115000140,-1,302,21.86068,20.655762,22.204943,13871,36.923264,22.107183,5.8511543,41429,4,2,0,122.49864,-181.82016,207.32779,81.42367,141.35287,0.014996654,0.050695453,0.6522485,8324120,3,1068,0.029899055,410
3000115000141,32000300001010,3000115000157,3000115000000,32,2.0700274,3000115000142,-1,3000115000140,3000115000141,-1,278,20.0533,19.364777,21.344286,13871,36.86081,22.219925,5.7173386,41429,4,2,0,112.4769,-166.1617,208.2724,79.977936,138.56226,0.051083155,0.08800918,0.4876089,8324104,3,1010,0.029209701,58
3000115000142,31000300001067,3000115000157,3000115000000,31,2.2394855,3000115000143,-1,3000115000141,3000115000142,-1,241,19.27871,18.590185,19.88117,13871,36.80382,22.312235,5.601957,41429,4,2,0,110.0863,-152.88232,208.2968,82.87261,142.04,-0.11638088,0.122670636,0.33377376,8377132,3,1067,0.02257796,854
3000115000143,30000300000940,3000115000157,3000115000000,30,2.422044,3000115000144,-1,3000115000142,3000115000143,-1,261,19.622972,18.848381,19.967236,13871,36.744022,22.377193,5.4937387,41429,4,2,0,104.91351,-144.81668,205.65312,86.06272,141.71964,-0.20955345,0.3102561,0.16279052,8324104,3,940,0.024639873,187
3000115000144,29000300000885,3000115000157,3000115000000,29,2.6188614,3000115000145,-1,3000115000143,3000115000144,-1,233,18.159857,17.47133,19.192644,13871,36.69258,22.482407,5.378771,41431,4,2,0,96.58607,-136.09552,206.93355,90.80784,148.93388,-0.084893055,0.19990733,0.056729864,8377613,3,885,0.020190753,814
3000115000145,28000300000794,3000115000156,3000115000000,28,2.8311827,3000115000146,3000115000157,3000115000144,3000115000145,-1,227,16.438543,16.180346,16.868872,13871,36.668278,22.554863,5.261139,41431,4,2,0,87.459785,-125.67213,198.2426,89.80228,145.91978,-0.029011473,-0.018603833,-0.0756798,8377130,3,794,0.02023091,544
3000115000146,27000300000762,3000115000156,3000115000000,27,3.060419,3000115000147,-1,3000115000145,3000115000146,-1,192,15.491821,15.061493,15.836083,13871,36.645313,22.60554,5.1853185,41431,4,2,0,80.12186,-121.797066,200.63914,81.916275,136.87772,0.1806312,0.06521129,0.19013582,8377129,3,762,0.019867245,258
3000115000147,26000300000688,3000115000156,3000115000000,26,3.3080978,3000115000148,-1,3000115000146,3000115000147,-1,195,14.803295,14.545098,15.491821,13871,36.591618,22.659391,5.0780644,41431,4,2,0,65.123436,-104.033165,189.64478,88.71015,146.36644,0.2972912,0.14246853,0.22755393,8324104,3,688,0.018476523,196
3000115000148,25000300000675,3000115000156,3000115000000,25,3.575905,3000115000149,-1,3000115000147,3000115000148,-1,166,14.975427,14.71723,14.975427,13871,36.542812,22.742731,4.9336166,41431,4,2,0,64.26466,-100.48353,193.98993,97.45045,158.66801,0.34972832,0.088024914,0.17479606,8377181,3,675,0.014431559,832
3000115000149,24000300000665,3000115000156,3000115000000,24,3.8656828,3000115000150,-1,3000115000148,3000115000149,-1,149,12.651653,12.651653,12.73772,13871,36.509586,22.793798,4.8260956,41427,4,2,0,56.511803,-97.23265,194.44362,103.046486,156.7175,0.26682758,0.1712422,0.1808472,8377130,3,665,0.01224001,361
3000115000150,23000300000820,3000115000154,3000115000000,23,4.1794686,3000115000151,3000115000155,3000115000149,3000115000150,-1,95,7.3155823,7.2295165,7.7459106,13871,36.548576,22.859896,4.724048,41427,4,2,0,28.35552,-100.88995,222.05713,75.737045,121.97531,0.0892636,0.1618244,0.044464592,8377181,3,820,0.01315878,719
3000115000151,22000300000702,3000115000154,3000115000000,22,4.5195556,3000115000152,-1,3000115000150,3000115000151,-1,90,5.4221373,5.4221373,5.508203,13871,36.50953,22.922443,4.6247516,41427,4,2,0,30.55911,-91.74266,207.46962,69.72491,116.426254,0.079860166,0.20067142,0.030247584,8377181,3,702,0.013428248,371
3000115000152,21000300001121,3000115000154,3000115000000,21,4.888449,3000115000153,-1,3000115000151,3000115000152,-1,49,4.3032837,4.3032837,4.3893495,13871,36.51552,22.97747,4.5402527,41427,4,2,0,19.22464,-95.13939,179.61024,74.445816,114.068275,0.043968268,0.057177078,-0.052908283,8324111,3,1121,0.007918544,841
3000115000153,20000300001040,3000115000154,3000115000000,20,5.2888336,3000115000154,-1,3000115000152,3000115000153,-1,43,3.6147583,3.6147583,3.7008238,13871,36.497784,23.022018,4.414297,41427,4,2,0,27.553051,-84.96018,171.18973,64.19113,114.21464,0.08795763,0.11478006,-0.011407189,8324104,3,1040,0.0078856535,944
3000115000154,19000300000813,3000115000154,3000115000000,19,5.7238646,-1,-1,3000115000153,3000115000154,-1,43,1.549182,1.549182,1.549182,13871,36.479836,23.087849,4.371893,41427,4,2,0,28.257126,-79.08039,167.27338,53.71651,87.64576,0.07258267,0.088287145,-0.015470232,8324104,3,813,0.011430063,60
3000115000155,23000300002382,3000115000156,3000115000000,23,4.1794686,3000115000156,-1,3000115000149,3000115000155,-1,34,2.840167,2.840167,2.840167,13871,36.461395,22.771078,4.8211985,41427,4,2,0,124.709526,-54.361256,93.77821,54.22417,92.77548,-0.020079983,-0.04245031,-0.05142009,8361375,3,2382,0.008849853,57
3000115000156,22000300002540,3000115000156,3000115000000,22,4.5195556,-1,-1,3000115000155,3000115000156,-1,28,2.1516418,2.1516418,2.1516418,13871,36.38248,22.812075,4.765816,41427,4,2,0,113.95115,-47.258835,104.33112,54.628803,94.25833,0.013514831,-0.044304673,-0.07138219,8377158,3,2540,0.0066462867,446
3000115000157,28000300004143,3000115000157,3000115000000,28,2.8311827,-1,-1,3000115000144,3000115000157,-1,27,1.032788,0.9467224,1.032788,13871,36.470318,22.561918,5.162224,41431,4,2,0,137.27913,-189.80626,284.15686,35.676525,55.463192,-0.05249432,-0.13889433,0.17785457,8377585,3,4143,0.018727565,572
3000115000158,46000300000697,3000115000183,3000115000000,46,0.6235901,3000115000159,-1,3000115000016,3000115000017,-1,29,0.0,0.0,0.0,13866,37.98588,21.24258,7.5035377,41454,4,2,0,367.09164,-6.6750607,360.02228,31.6474,61.571896,0.029048245,0.10308305,0.0048488025,8331411,3,697,0.015735824,612
3000115000159,45000300000689,3000115000183,3000115000000,45,0.6871088,3000115000160,-1,3000115000158,3000115000018,-1,23,0.0,0.0,0.0,13866,37.830177,21.250425,7.3268886,41454,4,2,0,279.98587,-29.407804,361.23868,34.361084,70.5478,0.05395827,0.04405057,0.0805745,8330590,3,689,0.010683913,803
3000115000160,44000300000696,3000115000183,3000115000000,44,0.75503564,3000115000161,-1,3000115000159,3000115000019,3000115000129,32,0.0,0.0,0.0,13866,37.72039,21.268623,7.159062,41454,4,2,0,180.6437,-60.09676,355.91815,33.634407,62.678745,0.047894366,-0.062812455,-0.04984185,8330590,3,696,0.018369488,239
3000115000161,43000300000714,3000115000183,3000115000000,43,0.8276991,3000115000162,-1,3000115000160,3000115000020,3000115000114,34,0.0,0.0,0.0,13866,37.657078,21.307634,6.999321,41454,4,2,0,77.7211,-92.66516,350.58582,40.8796,71.41327,0.027152441,0.028583817,-0.012509495,8330590,3,714,0.014112051,274
3000115000162,41000300000606,3000115000183,3000115000000,41,0.98870814,3000115000163,-1,3000115000161,3000115000022,-1,47,0.0,0.0,0.0,13866,37.7607,21.47799,6.7157183,41450,4,2,0,-79.355316,-177.40332,69.92145,50.546654,87.38493,0.11972302,-0.012114508,-0.056447804,8330812,3,606,0.014887156,393
3000115000163,40000300000572,3000115000183,3000115000000,40,1.0778745,3000115000164,-1,3000115000162,3000115000023,-1,84,0.0,0.0,0.0,13865,37.773125,21.565676,6.690379,41464,4,2,0,39.61686,-133.37064,68.8687,56.2224,98.99955,0.46506312,-0.21429683,-0.069844805,8331411,3,572,0.017816868,276
3000115000164,39000300000532,3000115000183,3000115000000,39,1.173417,3000115000165,-1,3000115000163,3000115000024,3000115000134,91,0.0,0.0,0.0,13865,37.733215,21.62337,6.65781,41464,4,2,0,92.84555,-105.03105,74.99145,51.710068,98.6551,0.4115369,-0.29706568,-0.024351103,8331411,3,532,0.018978972,554
3000115000165,38000300001932,3000115000183,3000115000000,38,1.2758462,3000115000166,-1,3000115000164,3000115000165,-1,102,8.692633,8.176239,8.692633,13865,37.671608,21.66228,6.6082163,41464,4,2,0,114.705086,-88.36044,89.15396,51.537666,98.62747,0.4655651,-0.29357314,-0.029097369,8330542,3,1932,0.021160962,205
3000115000166,37000300002033,3000115000183,3000115000000,37,1.3857181,3000115000167,-1,3000115000165,3000115000166,-1,113,8.090173,7.9180417,8.176239,13865,37.607525,21.715439,6.568755,41464,4,2,0,128.33736,-74.22598,98.965126,46.82084,89.73712,0.30911243,-0.15417054,-0.070062816,8331193,3,2033,0.028408175,916
3000115000167,36000300002065,3000115000183,3000115000000,36,1.5036365,3000115000168,-1,3000115000166,3000115000167,-1,107,8.176239,7.2295165,8.348371,13865,37.534325,21.767485,6.506304,41464,4,2,0,143.5904,-67.364975,104.68051,46.451588,89.44141,0.29446024,-0.17470951,0.037353463,8330840,3,2065,0.025350552,147
3000115000168,35000300001925,3000115000183,3000115000000,35,1.6302707,3000115000169,-1,3000115000167,3000115000168,-1,109,8.778699,8.004107,9.209027,13865,37.476105,21.812613,6.43151,41464,4,2,0,148.4252,-60.688927,109.0688,52.85657,94.565636,0.26051253,-0.03970652,0.074673265,8330288,3,1925,0.024185877,276
3000115000169,34000300001687,3000115000183,3000115000000,34,1.766336,3000115000170,-1,3000115000168,3000115000169,-1,133,11.446734,10.413946,11.704931,13865,37.38634,21.822056,6.3667164,41464,4,2,0,155.69218,-53.92659,115.330925,59.301464,101.76643,0.38192526,-0.013616459,0.047886807,8330542,3,1687,0.026836416,2
3000115000170,33000300001687,3000115000183,3000115000000,33,1.9126327,3000115000171,-1,3000115000169,3000115000170,-1,130,11.5328,11.188538,11.618866,13865,37.28093,21.856491,6.311632,41464,4,2,0,167.1376,-44.365715,119.035164,73.14253,119.19531,0.35406232,0.078380905,0.16131113,8330288,3,1687,0.019336049,35
3000115000171,32000300001670,3000115000183,3000115000000,32,2.0700274,3000115000172,-1,3000115000170,3000115000171,-1,126,11.188538,11.188538,11.188538,13865,37.16093,21.859095,6.2509828,41464,4,2,0,167.67876,-44.969116,118.58182,72.91576,117.40005,0.43592557,-0.10820468,0.1853844,8331143,3,1670,0.02077855,650
3000115000172,31000300001667,3000115000183,3000115000000,31,2.2394855,3000115000173,-1,3000115000171,3000115000172,-1,119,7.4877133,7.3155823,8.004107,13870,37.03723,21.881628,6.171796,41457,4,2,0,161.87564,-42.08109,120.273796,67.30805,104.78164,0.44287938,-0.12960553,0.24640246,8331143,3,1667,0.02047266,20
3000115000173,30000300002011,3000115000178,3000115000000,30,2.422044,3000115000174,3000115000179,3000115000172,3000115000173,-1,83,5.7664,5.680334,5.8524656,13870,36.93487,21.911564,6.0930142,41457,4,2,0,179.08047,-31.693224,115.997955,59.050545,93.873955,0.40251213,0.015547485,0.18174252,8330288,3,2011,0.01893598,707
3000115000174,29000300002175,3000115000178,3000115000000,29,2.6188614,3000115000175,-1,3000115000173,3000115000174,-1,69,3.5286925,3.5286925,3.8729553,13870,36.861588,21.928852,6.0263457,41457,4,2,0,171.96228,-36.516735,113.01471,50.378044,84.1084,0.37792328,0.1099888,0.16305627,8331143,3,2175,0.020153599,760
3000115000175,28000300002894,3000115000178,3000115000000,28,2.8311827,3000115000176,-1,3000115000174,3000115000175,-1,46,3.098364,2.840167,3.2704954,13870,36.765476,21.936174,5.937563,41457,4,2,0,158.04549,-20.795,121.95188,48.38825,78.114044,-0.047718305,0.014068423,0.09869339,8330590,3,2894,0.014593603,73
3000115000176,27000300003121,3000115000178,3000115000000,27,3.060419,3000115000177,-1,3000115000175,3000115000176,-1,39,2.4959044,2.4098387,2.6680357,13870,36.665222,21.966225,5.876132,41457,4,2,0,152.47166,-18.651371,113.02275,52.218204,87.793106,0.064991616,0.07291752,0.024561962,8330590,3,3121,0.0110690035,285
3000115000177,26000300004126,3000115000178,3000115000000,26,3.3080978,3000115000178,-1,3000115000176,3000115000177,-1,26,2.1516418,2.1516418,2.2377074,13871,36.585518,21.961332,5.826518,41429,4,2,0,152.14256,-25.584291,100.16648,48.672943,79.24951,-0.010090928,-0.014802403,-0.022885213,8330590,3,4126,0.009666613,280
3000115000178,25000300004402,3000115000178,3000115000000,25,3.575905,-1,-1,3000115000177,3000115000178,-1,21,1.1188537,1.1188537,1.3770508,13871,36.476612,22.014502,5.7723303,41429,4,2,0,151.53867,-34.805866,95.33934,40.024586,73.0919,-0.052213777,-0.0027420798,-0.011932109,8330892,3,4402,0.007704537,998
3000115000179,30000300004838,3000115000183,3000115000000,30,2.422044,3000115000180,-1,3000115000172,3000115000179,-1,25,1.6352477,1.6352477,1.8934448,13865,37.123795,21.9778,6.099734,41464,4,2,0,86.46536,-61.37758,133.71481,34.877533,69.760376,0.15560888,0.028606078,0.09626878,8330314,3,4838,0.011119204,60
3000115000180,29000300004697,3000115000183,3000115000000,29,2.6188614,3000115000181,-1,3000115000179,3000115000180,-1,27,1.6352477,1.6352477,1.7213135,13870,37.074387,22.01861,6.030852,41457,4,2,0,95.904335,-63.332928,131.74217,37.19003,75.877884,0.19198252,0.043214034,0.12096888,8330314,3,4697,0.012853692,468
3000115000181,28000300005391,3000115000183,3000115000000,28,2.8311827,3000115000182,-1,3000115000180,3000115000181,-1,21,1.8073791,1.8073791,1.8073791,13870,37.02431,22.051718,5.9525127,41457,4,2,0,101.02368,-60.258415,118.92932,41.256794,74.10195,0.07559598,-0.05476533,0.04132097,8330817,3,5391,0.0074148653,396
3000115000182,27000300005144,3000115000183,3000115000000,27,3.060419,3000115000183,-1,3000115000181,3000115000182,-1,21,1.8073791,1.8073791,1.8073791,13870,36.97384,22.06913,5.8835726,41457,4,2,0,102.589424,-60.678864,120.972115,40.08425,73.15187,0.04840444,-0.01444907,0.026811933,8330817,3,5144,0.010738116,490
3000115000183,26000300005042,3000115000183,3000115000000,26,3.3080978,-1,-1,3000115000182,3000115000183,-1,20,1.4631164,1.4631164,1.4631164,13871,36.908566,22.10172,5.8195972,41429,4,2,0,97.31447,-58.204704,113.99443,34.101215,67.173836,0.025544694,0.022006817,0.038112313,8330846,3,5042,0.0107467715,18
