haloID,subHaloID,lastProgenitorId,treeId,snapNum,redshift,firstProgenitorId,nextProgenitorId,descendantId,firstHaloInFOFgroupId,nextHaloInFOFgroupId,np,m_Mean200,m_Crit200,m_TopHat,phKey,x,y,z,zIndex,ix,iy,iz,velX,velY,velZ,velDisp,vMax,spinX,spinY,spinZ,mostBoundID,fileNr,subhaloIndex,halfmassRadius,random
5000114000000,63000500000510,5000114000134,5000114000000,63,0.0,5000114000001,-1,-1,5000114000000,5000114000135,1854,172.4756,128.15178,153.02477,20649,46.93591,37.7781,47.720943,250000,5,4,5,-138.1241,-6.3630075,-19.789173,116.12353,212.23328,-1.012432,-0.6401481,-0.33151588,12404716,5,510,0.08274306,884
5000114000001,62000500000534,5000114000133,5000114000000,62,0.019932542,5000114000002,5000114000134,5000114000000,5000114000001,5000114000136,1784,170.84036,128.40999,151.6477,20649,46.96128,37.78254,47.726086,250000,5,4,5,-135.69023,-7.713649,-18.807888,116.45117,211.78827,-1.1095542,-0.06371441,0.24356425,12404651,5,534,0.077485524,845
5000114000002,61000500000520,5000114000133,5000114000000,61,0.041403063,5000114000003,-1,5000114000001,5000114000002,-1,1768,168.60265,128.66818,150.95918,20649,46.988644,37.787815,47.733856,250000,5,4,5,-134.97249,-6.4413757,-21.08246,117.87874,211.70224,-1.0333021,-0.46043876,0.16845527,12402703,5,520,0.07873697,108
5000114000003,60000500000538,5000114000133,5000114000000,60,0.064493395,5000114000004,-1,5000114000002,5000114000003,-1,1770,166.27887,129.18457,150.35672,20649,47.017445,37.790314,47.73634,250000,5,4,5,-132.54077,-6.709008,-20.85196,115.82897,210.0575,-1.0851009,-0.38973296,0.2132509,12402703,5,538,0.079431884,514
5000114000004,59000500000527,5000114000133,5000114000000,59,0.08928783,5000114000005,-1,5000114000003,5000114000004,-1,1720,164.12723,128.66818,148.80754,20649,47.044838,37.791805,47.742786,250000,5,4,5,-131.82138,-6.2505302,-22.301651,118.71232,214.63156,-0.76377994,-0.44081724,0.1393877,12404713,5,527,0.07540569,446
5000114000005,58000500000536,5000114000133,5000114000000,58,0.11588337,5000114000006,-1,5000114000004,5000114000005,-1,1744,161.88953,126.000145,146.22557,20649,47.07717,37.797943,47.746597,250000,5,4,5,-129.14194,-5.760647,-22.997663,118.34782,215.12645,-1.0115734,-0.5478403,0.092826754,12404713,5,536,0.07497847,502
5000114000006,57000500000522,5000114000133,5000114000000,57,0.14438343,5000114000007,-1,5000114000005,5000114000006,-1,1675,158.53296,123.418175,143.90181,20649,47.112167,37.80088,47.746212,250000,5,4,5,-128.76704,-4.0356226,-23.556528,118.0267,214.6031,-0.9833878,-0.5034937,0.19390243,12404713,5,522,0.07245825,479
5000114000007,56000500000523,5000114000132,5000114000000,56,0.17489761,5000114000008,5000114000133,5000114000006,5000114000007,5000114000133,1664,154.91821,119.028824,140.88951,20649,47.148357,37.803764,47.755585,250000,5,4,5,-126.634224,-5.313057,-25.15656,114.52612,209.30298,-1.0260928,-0.12739,0.46679297,12402962,5,523,0.07487707,200
5000114000008,55000500000514,5000114000132,5000114000000,55,0.20754863,5000114000009,-1,5000114000007,5000114000008,-1,1614,150.95918,116.44685,137.70508,20649,47.18778,37.809788,47.766937,250000,5,4,5,-126.526825,-3.875381,-26.348396,115.52008,210.89355,-0.9596207,-0.52104837,0.27029186,12403411,5,514,0.07411592,856
5000114000009,54000500000517,5000114000132,5000114000000,54,0.24246909,5000114000010,-1,5000114000008,5000114000009,-1,1591,146.3977,115.241936,136.06982,20649,47.22365,37.80687,47.777767,250000,5,4,5,-126.87111,-4.7376757,-26.12898,116.7772,211.50804,-0.85854906,-0.7089481,0.20924503,12402703,5,517,0.06979312,412
5000114000010,53000500000512,5000114000116,5000114000000,53,0.2798018,5000114000011,5000114000117,5000114000009,5000114000010,5000114000117,1456,142.26656,114.63947,131.50835,20649,47.265995,37.807957,47.78805,250000,5,4,5,-123.79439,-4.573203,-30.037079,117.33745,210.59592,-0.8136187,-0.4397133,-0.23557864,12402703,5,512,0.061418064,540
5000114000011,52000500000503,5000114000116,5000114000000,52,0.31970343,5000114000012,-1,5000114000010,5000114000011,5000114000118,1497,138.99606,113.69275,127.37719,20649,47.302067,37.811398,47.794884,250000,5,4,5,-121.22662,-4.7776713,-32.434826,117.68549,209.80287,-0.54047537,-0.044652328,0.3386078,12404651,5,503,0.06438557,478
5000114000012,51000500000488,5000114000116,5000114000000,51,0.36234027,5000114000013,-1,5000114000011,5000114000012,5000114000119,1478,134.6067,113.60669,126.68867,20649,47.35007,37.815155,47.814594,250000,5,4,5,-118.95998,-3.036142,-32.98083,117.90048,211.49759,-0.4647681,-0.11361863,0.25033364,12404651,5,488,0.06533324,798
5000114000013,50000500000497,5000114000116,5000114000000,50,0.40789944,5000114000014,-1,5000114000012,5000114000013,-1,1457,131.42229,112.659966,125.48375,20649,47.395634,37.8175,47.82842,250000,5,4,5,-119.11321,-1.9014266,-33.555332,116.12712,205.53606,-0.6284057,0.12406245,0.5677037,12404651,5,497,0.06532655,757
5000114000014,49000500000497,5000114000116,5000114000000,49,0.45657724,5000114000015,-1,5000114000013,5000114000014,-1,1398,129.52884,112.401764,122.98785,20649,47.449615,37.81328,47.841187,250000,5,4,5,-116.56006,-2.8648503,-35.394268,121.90599,213.85313,-0.5127718,0.100804895,0.56613445,12402981,5,497,0.062101062,976
5000114000015,48000500000484,5000114000116,5000114000000,48,0.5085914,5000114000016,-1,5000114000014,5000114000015,-1,1404,126.68867,111.971436,122.04112,20649,47.49226,37.82351,47.855217,250004,5,4,5,-114.75384,-3.1590908,-36.349674,121.38505,210.60709,-0.51285565,0.053861078,0.5513345,12402894,5,484,0.0604352,646
5000114000016,47000500000500,5000114000116,5000114000000,47,0.5641766,5000114000017,-1,5000114000015,5000114000016,-1,1384,127.549324,113.69275,121.955055,20649,47.545116,37.82971,47.875378,250004,5,4,5,-113.990776,-3.73567,-36.726124,122.89987,213.38419,-0.7175181,0.34296307,0.47824153,12402720,5,500,0.05994193,83
5000114000017,46000500000464,5000114000116,5000114000000,46,0.6235901,5000114000018,-1,5000114000016,5000114000017,-1,1369,125.91408,111.885376,122.38538,20649,47.59892,37.831287,47.90229,250004,5,4,5,-110.70163,-3.977722,-36.37698,123.38789,209.39377,-0.7987139,0.23313,0.40078595,12402981,5,464,0.06017882,526
5000114000018,45000500000463,5000114000116,5000114000000,45,0.6871088,5000114000019,-1,5000114000017,5000114000018,-1,1290,121.180466,111.28291,117.39358,20649,47.651443,37.829857,47.919872,250004,5,4,5,-110.49766,-1.8448944,-38.447117,127.251724,214.01793,-0.60760957,0.26095867,0.45692572,12403042,5,463,0.05433421,918
5000114000019,44000500000442,5000114000116,5000114000000,44,0.75503564,5000114000020,-1,5000114000018,5000114000019,-1,1270,116.96325,109.21734,115.0698,20649,47.700054,37.826824,47.943142,250004,5,4,5,-108.08284,0.034060493,-38.0584,126.80516,211.64569,-0.67492306,0.2648345,0.55901295,12402703,5,442,0.05498818,449
5000114000020,43000500000454,5000114000116,5000114000000,43,0.8276991,5000114000021,-1,5000114000019,5000114000020,-1,1220,111.54111,103.106674,109.733734,20649,47.767487,37.82666,47.958492,250004,5,4,5,-106.94602,0.5932434,-36.190144,126.49979,211.9742,-0.6864463,0.2779259,0.71019197,12402981,5,454,0.052799575,816
5000114000021,42000500000424,5000114000116,5000114000000,42,0.9054624,5000114000022,-1,5000114000020,5000114000021,-1,1210,107.23782,98.37306,105.51651,20649,47.823425,37.838142,47.98465,250004,5,4,5,-107.44868,1.5095124,-33.847084,122.37884,208.55566,-0.65711147,0.32930964,0.9323794,12402962,5,424,0.052089125,53
5000114000022,41000500000407,5000114000106,5000114000000,41,0.98870814,5000114000023,5000114000107,5000114000021,5000114000022,5000114000107,1210,106.11897,94.930435,104.82799,20649,47.880444,37.834698,48.00148,250005,5,4,5,-99.65042,-2.1003454,-32.810158,123.35671,211.39375,-0.891214,-0.13621385,0.7209093,12402962,5,407,0.054692037,110
5000114000023,40000500000439,5000114000106,5000114000000,40,1.0778745,5000114000024,-1,5000114000022,5000114000023,-1,1219,102.59028,96.13535,101.0411,20649,47.927216,37.838066,48.027233,250005,5,4,5,-96.96577,-0.19585113,-33.111435,125.806274,209.77719,-0.702306,-0.09355945,0.6028595,12402981,5,439,0.05381281,512
5000114000024,39000500000388,5000114000106,5000114000000,39,1.173417,5000114000025,-1,5000114000023,5000114000024,-1,1223,104.31159,96.90994,103.450935,20649,47.98591,37.837414,48.055176,250005,5,4,5,-95.77691,0.3546461,-34.061005,128.89513,214.54233,-0.610165,-0.03965823,0.60839045,12402981,5,388,0.050725497,480
5000114000025,38000500000348,5000114000106,5000114000000,38,1.2758462,5000114000026,-1,5000114000024,5000114000025,-1,1228,103.36487,96.737816,103.36487,20649,48.02403,37.84341,48.05015,250005,5,4,5,-91.36808,0.046557307,-33.00792,132.39316,224.24539,-0.8329932,-0.13407071,0.6474035,12402981,5,348,0.052512676,957
5000114000026,37000500000358,5000114000071,5000114000000,37,1.3857181,5000114000027,5000114000072,5000114000025,5000114000026,5000114000072,1181,105.86078,100.00831,105.94684,20649,48.076176,37.822994,48.086357,250005,5,4,5,-96.3884,-1.466279,-38.197666,125.855965,205.52223,-0.9306522,0.036139846,0.6618907,12403047,5,358,0.055389997,434
5000114000027,36000500000324,5000114000071,5000114000000,36,1.5036365,5000114000028,-1,5000114000026,5000114000027,5000114000073,1042,100.00831,97.94273,100.35257,20649,48.120197,37.83905,48.103306,250005,5,4,5,-97.24146,-2.5926998,-35.478348,140.56412,210.44986,-1.0086578,0.094333425,0.59382033,12402900,5,324,0.04461415,216
5000114000028,35000500000327,5000114000066,5000114000000,35,1.6302707,5000114000029,5000114000067,5000114000027,5000114000028,-1,1000,92.17633,90.02469,92.5206,20649,48.140217,37.824093,48.103394,250005,5,4,5,-83.221535,-3.067396,-32.271843,153.51196,239.06465,-0.7745115,-0.061239474,0.4108757,12403151,5,327,0.033884633,986
5000114000029,34000500000301,5000114000066,5000114000000,34,1.766336,5000114000030,-1,5000114000028,5000114000029,5000114000074,744,59.47138,53.791046,63.688595,20649,48.143642,37.782013,48.01922,250005,5,4,5,-50.46944,3.8216176,0.81431746,120.5652,180.30724,-0.812005,0.33758298,0.07715466,12402900,5,301,0.04397722,340
5000114000030,33000500000300,5000114000058,5000114000000,33,1.9126327,5000114000031,5000114000059,5000114000029,5000114000030,5000114000075,521,41.13939,40.70906,41.655785,20649,48.180286,37.801403,48.013283,250005,5,4,5,-35.260414,-8.975617,37.058918,109.10646,181.37114,0.5073941,0.54871583,-0.2657733,12402866,5,300,0.0296947,34
5000114000031,32000500000420,5000114000058,5000114000000,32,2.0700274,5000114000032,-1,5000114000030,5000114000031,-1,485,38.643486,37.52463,39.848404,20649,48.17649,37.81701,47.9973,250005,5,4,5,-37.724415,-10.507147,22.808012,104.29923,173.07343,0.5596307,0.5200113,-0.38511798,12402894,5,420,0.03181821,789
5000114000032,31000500000373,5000114000058,5000114000000,31,2.2394855,5000114000033,-1,5000114000031,5000114000032,-1,460,38.729553,37.00824,39.245945,20649,48.21926,37.809605,47.992535,250005,5,4,5,-37.148693,-9.919393,10.7395935,104.131676,174.7874,0.8027588,0.4208649,-0.42511192,12403474,5,373,0.029221797,157
5000114000033,30000500000378,5000114000058,5000114000000,30,2.422044,5000114000034,-1,5000114000032,5000114000033,-1,410,36.147583,35.717255,36.922173,20649,48.23579,37.807274,47.989388,250005,5,4,5,-37.87438,-9.57656,1.7832152,111.416565,187.91716,0.74917436,0.36626488,-0.45047385,12402970,5,378,0.023580745,429
5000114000034,29000500000345,5000114000058,5000114000000,29,2.6188614,5000114000035,-1,5000114000033,5000114000034,-1,356,32.44676,32.44676,33.135284,20649,48.251053,37.81036,47.977055,250005,5,4,5,-35.952286,-9.49838,-9.957915,119.51721,190.86893,0.7475877,0.49047947,-0.2663149,12402900,5,345,0.01818664,336
5000114000035,28000500000281,5000114000045,5000114000000,28,2.8311827,5000114000036,5000114000046,5000114000034,5000114000035,5000114000046,329,25.04511,24.786913,25.64757,20649,48.32411,37.805042,48.037704,250005,5,4,5,-40.49189,-7.316572,-14.581282,100.214035,148.88322,0.89854383,0.6213026,-0.4719025,12402866,5,281,0.0284417,356
5000114000036,27000500000273,5000114000045,5000114000000,27,3.060419,5000114000037,-1,5000114000035,5000114000036,5000114000047,187,13.942638,13.770508,14.372967,20649,48.367683,37.81434,48.104504,250005,5,4,5,-45.084793,-25.549189,-64.21077,83.886734,138.81464,0.11598248,0.076286145,-0.056619,12403455,5,273,0.020612635,953
5000114000037,26000500000476,5000114000045,5000114000000,26,3.3080978,5000114000038,-1,5000114000036,5000114000037,-1,164,11.877063,11.790997,12.565588,20649,48.419037,37.821693,48.145992,250005,5,4,5,-38.694977,-27.904604,-65.94406,83.18741,136.8097,-0.100337036,-0.30630288,0.08381477,12402867,5,476,0.01814302,812
5000114000038,25000500000487,5000114000045,5000114000000,25,3.575905,5000114000039,-1,5000114000037,5000114000038,-1,136,10.93034,10.8442745,11.5328,20649,48.4514,37.836693,48.149616,250005,5,4,5,-37.689865,-27.31512,-61.58003,87.41466,138.29192,-0.046303462,-0.21152662,0.115241066,12402867,5,487,0.01390596,140
5000114000039,24000500000477,5000114000045,5000114000000,24,3.8656828,5000114000040,-1,5000114000038,5000114000039,-1,118,9.209027,9.036896,9.983618,20649,48.463833,37.83968,48.197247,250005,5,4,5,-45.924885,-29.095776,-48.347797,86.10357,138.7653,-0.036308013,-0.20758827,0.020835502,12402881,5,477,0.011645935,911
5000114000040,23000500000393,5000114000045,5000114000000,23,4.1794686,5000114000041,-1,5000114000039,5000114000040,-1,108,8.176239,8.090173,8.434436,20649,48.482727,37.87709,48.23469,250005,5,4,5,-53.451134,-32.324642,-44.726444,76.045944,127.69163,-0.09611238,-0.11150008,0.03177713,12402895,5,393,0.014130077,970
5000114000041,22000500000371,5000114000045,5000114000000,22,4.5195556,5000114000042,-1,5000114000040,5000114000041,-1,91,6.540991,6.4549255,6.971319,20649,48.516865,37.895283,48.250916,250005,5,4,5,-47.507187,-32.01157,-36.38842,78.66813,131.77946,-0.009351527,-0.098574296,0.019333286,12402867,5,371,0.010665217,25
5000114000042,21000500000391,5000114000045,5000114000000,21,4.888449,5000114000043,-1,5000114000041,5000114000042,-1,71,5.680334,5.508203,6.1106625,20649,48.538643,37.898567,48.272808,250005,5,4,5,-37.183754,-25.583706,-38.78431,75.42758,124.82738,0.025395114,-0.071941264,0.12807253,12403703,5,391,0.008704875,777
5000114000043,20000500000346,5000114000045,5000114000000,20,5.2888336,5000114000044,-1,5000114000042,5000114000043,-1,61,4.991809,4.991809,5.0778747,20649,48.532047,37.903004,48.295544,250005,5,4,5,-36.627155,-28.922405,-36.9139,70.83333,120.17871,0.028805556,-0.04778508,0.13318324,12403703,5,346,0.009705263,451
5000114000044,19000500000313,5000114000045,5000114000000,19,5.7238646,5000114000045,-1,5000114000043,5000114000044,-1,52,3.2704954,3.2704954,3.3565612,20649,48.559467,37.932808,48.30787,250005,5,4,5,-42.145752,-20.915163,-42.915264,71.437126,124.981285,0.0016012707,-0.11609882,0.16198759,12402895,5,313,0.006806861,424
5000114000045,18000500000405,5000114000045,5000114000000,18,6.1968336,-1,-1,5000114000044,5000114000045,-1,35,2.6680357,2.6680357,2.6680357,20649,48.570503,37.950886,48.332916,250005,5,4,5,-22.561338,-35.06972,-38.314205,62.587666,107.45413,-0.015847575,-0.02802008,0.013067931,12402895,5,405,0.006435523,551
5000114000046,28000500000282,5000114000058,5000114000000,28,2.8311827,5000114000047,-1,5000114000034,5000114000035,-1,36,0.0,0.0,0.0,20649,48.24317,37.831047,47.95962,250005,5,4,5,-3.4173498,-58.558365,64.464134,60.415237,107.05204,0.011922082,-0.06229028,-0.0573569,12402981,5,282,0.007972625,31
5000114000047,27000500000274,5000114000058,5000114000000,27,3.060419,5000114000048,-1,5000114000046,5000114000036,-1,85,0.0,0.0,0.0,20649,48.252354,37.870472,47.917126,250005,5,4,5,-27.223392,-11.809846,67.94967,78.247444,126.99733,0.16872697,0.17444551,-0.08936205,12403035,5,274,0.011389446,82
5000114000048,26000500000619,5000114000058,5000114000000,26,3.3080978,5000114000049,-1,5000114000047,5000114000048,-1,127,9.122961,8.778699,9.467224,20649,48.245773,37.871418,47.893105,250005,5,4,5,-39.485264,0.36208922,54.196545,74.68971,124.936966,0.2762773,0.35498372,-0.053338382,12403042,5,619,0.016913932,827
5000114000049,25000500000534,5000114000058,5000114000000,25,3.575905,5000114000050,-1,5000114000048,5000114000049,-1,122,7.1434507,7.057385,7.1434507,20649,48.277832,37.8664,47.823814,250001,5,4,5,-37.34444,3.7039073,46.63697,74.049065,126.46379,0.37468684,0.33818495,-0.13589692,12403414,5,534,0.014626619,189
5000114000050,24000500000546,5000114000058,5000114000000,24,3.8656828,5000114000051,-1,5000114000049,5000114000050,-1,100,7.659845,7.573779,7.831976,20649,48.29071,37.833282,47.815624,250001,5,4,5,-48.134304,18.872643,49.672714,73.70351,119.944695,0.2604327,0.17113757,-0.004987074,12403414,5,546,0.013680299,507
5000114000051,23000500000389,5000114000058,5000114000000,23,4.1794686,5000114000052,-1,5000114000050,5000114000051,-1,109,6.971319,6.971319,7.1434507,20649,48.319313,37.83093,47.781147,250001,5,4,5,-40.478336,8.392738,34.97595,68.98147,124.194214,0.3488827,0.41085732,-0.06409365,12403376,5,389,0.014754613,113
5000114000052,22000500000504,5000114000058,5000114000000,22,4.5195556,5000114000053,-1,5000114000051,5000114000052,-1,74,6.196728,6.196728,6.196728,20649,48.3517,37.82507,47.744938,250001,5,4,5,-46.994144,20.562094,39.920902,73.77449,124.13043,-0.0038107913,0.078756705,-0.015656516,12403042,5,504,0.010272047,85
5000114000053,21000500000469,5000114000058,5000114000000,21,4.888449,5000114000054,-1,5000114000052,5000114000053,-1,62,5.680334,5.594269,5.680334,20649,48.366436,37.803764,47.739464,250001,5,4,5,-49.799282,26.12531,37.419178,76.87107,123.00201,-0.0027703492,0.06853223,0.031690743,12403035,5,469,0.008116263,397
5000114000054,20000500000404,5000114000058,5000114000000,20,5.2888336,5000114000055,-1,5000114000053,5000114000054,-1,57,4.131152,4.0450864,4.4754148,20649,48.399868,37.775524,47.70047,250001,5,4,5,-43.92079,23.994947,28.080196,75.93455,127.89425,-0.043044597,-0.019245442,0.005225997,12403035,5,404,0.006562448,293
5000114000055,19000500000314,5000114000058,5000114000000,19,5.7238646,5000114000056,-1,5000114000054,5000114000055,-1,52,3.2704954,3.2704954,3.442627,20649,48.42792,37.7664,47.702248,250001,5,4,5,-39.749462,25.749266,23.703064,66.8631,109.642975,-0.028437981,0.048026446,-0.02129258,12403450,5,314,0.00912258,389
5000114000056,18000500000297,5000114000058,5000114000000,18,6.1968336,5000114000057,-1,5000114000055,5000114000056,-1,41,2.4959044,2.4959044,2.4959044,20649,48.43773,37.76691,47.703262,250001,5,4,5,-39.94186,28.832535,21.582127,61.11448,108.593636,-0.006807105,-0.016668983,0.013078658,12402972,5,297,0.0073276376,561
5000114000057,17000500000593,5000114000058,5000114000000,17,6.7115865,5000114000058,-1,5000114000056,5000114000057,-1,21,1.8073791,1.8073791,1.8073791,20649,48.471443,37.764057,47.725456,250001,5,4,5,-48.31433,27.721468,-3.8204024,59.59024,104.542305,0.013241517,0.010290231,-0.038589623,12402984,5,593,0.004556173,390
5000114000058,16000500000409,5000114000058,5000114000000,16,7.272188,-1,-1,5000114000057,5000114000058,-1,20,0.774591,0.774591,0.86065674,20649,48.500813,37.760593,47.767555,250001,5,4,5,-49.369713,21.45055,1.0697514,48.42239,82.67515,0.010729106,0.013435791,-0.04188808,12403411,5,409,0.00719257,22
5000114000059,33000500000302,5000114000066,5000114000000,33,1.9126327,5000114000060,-1,5000114000029,5000114000030,-1,52,0.0,0.0,0.0,20649,48.130306,37.807648,48.27365,250005,5,4,5,8.233266,91.50825,-154.55118,48.32839,83.25973,-0.17557539,-0.07770745,0.07554165,12406382,5,302,0.014725274,552
5000114000060,32000500002004,5000114000066,5000114000000,32,2.0700274,5000114000061,-1,5000114000059,5000114000060,-1,52,4.8196774,4.3893495,4.8196774,20649,48.1327,37.737206,48.36044,250005,5,4,5,-18.02433,84.768394,-119.77005,48.911144,79.76779,-0.18313575,-0.10570021,0.047453865,12406382,5,2004,0.016895797,613
5000114000061,31000500001910,5000114000066,5000114000000,31,2.2394855,5000114000062,-1,5000114000060,5000114000061,-1,56,3.3565612,3.2704954,3.3565612,20649,48.13791,37.66578,48.421448,250005,5,4,5,-31.272703,78.762085,-99.57787,47.90679,77.72978,-0.1204623,-0.05904312,0.011063148,12403972,5,1910,0.018296806,678
5000114000062,30000500002578,5000114000066,5000114000000,30,2.422044,5000114000063,-1,5000114000061,5000114000062,-1,38,2.7541015,2.6680357,2.7541015,20649,48.170795,37.629223,48.474174,250005,5,4,5,-45.989048,80.67323,-88.92514,44.82302,74.3884,-0.20162116,-0.14314316,0.1474795,12406961,5,2578,0.014885924,19
5000114000063,29000500002697,5000114000066,5000114000000,29,2.6188614,5000114000064,-1,5000114000062,5000114000063,-1,32,2.1516418,1.9795104,2.3237731,20649,48.189945,37.56585,48.55323,250005,5,4,5,-47.543503,71.011116,-76.52424,42.26342,71.02423,-0.14707413,0.040414225,0.08101208,12405900,5,2697,0.014532676,856
5000114000064,28000500002557,5000114000066,5000114000000,28,2.8311827,5000114000065,-1,5000114000063,5000114000064,-1,32,1.8073791,1.8073791,1.8073791,20649,48.19073,37.532394,48.549053,250005,5,4,5,-48.17587,60.486298,-72.28908,39.83887,69.77532,-0.1196755,0.11184339,0.028465966,12403972,5,2557,0.013890274,356
5000114000065,27000500003733,5000114000066,5000114000000,27,3.060419,5000114000066,-1,5000114000064,5000114000065,-1,21,1.2909851,1.2909851,1.3770508,20649,48.2388,37.515083,48.58429,250005,5,4,5,-47.740234,52.054947,-57.61033,34.678547,64.90067,-0.033284068,0.12697473,0.013875337,12405897,5,3733,0.0113039,72
5000114000066,26000500003368,5000114000066,5000114000000,26,3.3080978,-1,-1,5000114000065,5000114000066,-1,22,1.1188537,1.1188537,1.2049193,20649,48.265087,37.480614,48.601013,250005,5,4,5,-48.451668,44.808617,-57.992264,31.037209,67.31303,0.02218599,0.030750653,0.037677277,12405897,5,3368,0.012716999,210
5000114000067,35000500003583,5000114000071,5000114000000,35,1.6302707,5000114000068,-1,5000114000027,5000114000067,-1,30,2.1516418,2.1516418,2.4098387,20649,48.3471,37.79629,48.532845,250005,5,4,5,-149.91383,13.248392,-195.07283,33.629917,61.25899,-0.11408199,-0.0123632485,-0.08278525,12404823,5,3583,0.018380972,36
5000114000068,34000500003964,5000114000071,5000114000000,34,1.766336,5000114000069,-1,5000114000067,5000114000068,-1,26,1.9795104,1.9795104,1.9795104,20649,48.442806,37.788624,48.62056,250005,5,4,5,-137.10287,9.623602,-177.07053,35.335567,62.443813,-0.058308512,0.10820529,-0.086612344,12404821,5,3964,0.015436854,513
5000114000069,33000500003422,5000114000071,5000114000000,33,1.9126327,5000114000070,-1,5000114000068,5000114000069,-1,28,1.7213135,1.6352477,1.7213135,20649,48.51233,37.791985,48.699013,250005,5,4,5,-135.35576,5.74493,-165.45894,32.391853,59.6952,-0.12083434,-0.054231133,-0.17330788,12404454,5,3422,0.016279535,884
5000114000070,32000500004022,5000114000071,5000114000000,32,2.0700274,5000114000071,-1,5000114000069,5000114000070,-1,20,1.7213135,1.6352477,1.7213135,20649,48.57242,37.77586,48.786114,250005,5,4,5,-125.45119,5.398199,-150.84613,31.929386,59.602142,-0.13021737,-0.033790108,-0.15119123,12404821,5,4022,0.011686337,838
5000114000071,31000500004444,5000114000071,5000114000000,31,2.2394855,-1,-1,5000114000070,5000114000071,-1,20,1.7213135,1.4631164,1.7213135,20650,48.633213,37.77088,48.881287,250033,5,4,5,-123.11774,4.5472527,-142.74834,32.000557,57.43751,0.022808488,-0.0118594,-0.08116985,12404823,5,4444,0.01505475,516
5000114000072,37000500000359,5000114000106,5000114000000,37,1.3857181,5000114000073,-1,5000114000025,5000114000026,-1,31,0.0,0.0,0.0,20649,48.05253,37.817833,48.02291,250005,5,4,5,-64.36529,29.540356,105.38642,64.05141,105.75346,-0.01938591,-0.08241747,0.02972189,12402715,5,359,0.006011635,231
5000114000073,36000500000325,5000114000106,5000114000000,36,1.5036365,5000114000074,-1,5000114000072,5000114000027,-1,86,0.0,0.0,0.0,20649,48.084324,37.793213,48.023323,250005,5,4,5,-47.35613,9.8114195,-48.591854,79.286125,125.26612,-0.010287379,-0.21150231,0.1687031,12402715,5,325,0.010843636,747
5000114000074,34000500000302,5000114000106,5000114000000,34,1.766336,5000114000075,-1,5000114000073,5000114000029,-1,140,0.0,0.0,0.0,20649,48.252476,37.85007,48.199547,250005,5,4,5,-181.49364,-23.039885,-138.3473,86.83393,141.03906,-0.04128128,0.018219206,0.059497323,12402715,5,302,0.0140385525,939
5000114000075,33000500000301,5000114000106,5000114000000,33,1.9126327,5000114000076,-1,5000114000074,5000114000030,5000114000059,332,0.0,0.0,0.0,20649,48.369713,37.869183,48.281677,250005,5,4,5,-169.2043,3.7155213,-117.363365,90.23724,155.08243,0.029194301,0.22616622,0.22037067,12404668,5,301,0.027592985,203
5000114000076,32000500000564,5000114000106,5000114000000,32,2.0700274,5000114000077,-1,5000114000075,5000114000076,-1,318,28.401672,27.282818,28.487738,20649,48.46185,37.857002,48.348915,250005,5,4,5,-154.59413,13.149609,-100.36174,103.63785,165.26003,0.043721564,0.394688,0.21081552,12404742,5,564,0.022263167,798
5000114000077,31000500000526,5000114000092,5000114000000,31,2.2394855,5000114000078,5000114000093,5000114000076,5000114000077,5000114000093,267,25.217241,24.44265,25.47544,20649,48.5207,37.848354,48.383568,250005,5,4,5,-135.58992,5.8583393,-73.86782,89.65077,145.72774,0.12545307,0.45544952,0.0013954185,12404668,5,526,0.024177015,410
5000114000078,30000500000516,5000114000092,5000114000000,30,2.422044,5000114000079,-1,5000114000077,5000114000078,5000114000094,246,19.364777,18.50412,19.88117,20649,48.615067,37.85788,48.395935,250005,5,4,5,-136.36009,11.08739,-58.92055,90.199615,147.10669,0.13978209,0.26968336,-0.06186556,12402715,5,516,0.021604089,792
5000114000079,29000500000600,5000114000092,5000114000000,29,2.6188614,5000114000080,-1,5000114000078,5000114000079,-1,198,17.2992,16.438543,17.557398,20649,48.705,37.842373,48.44301,250005,5,4,5,-138.81633,12.275064,-57.619225,87.49292,145.27959,0.1244349,0.22018918,-0.025595477,12404787,5,600,0.018078072,36
5000114000080,28000500000445,5000114000092,5000114000000,28,2.8311827,5000114000081,-1,5000114000079,5000114000080,5000114000096,206,15.147558,15.147558,15.405755,20649,48.776245,37.847443,48.495026,250005,5,4,5,-126.618,14.803359,-56.10421,81.71286,134.97118,0.10058295,0.24544847,0.010736754,12404668,5,445,0.022651268,896
5000114000081,27000500000436,5000114000092,5000114000000,27,3.060419,5000114000082,-1,5000114000080,5000114000081,-1,204,14.71723,14.71723,15.147558,20648,48.842804,37.8294,48.510567,250012,5,4,5,-117.53126,15.64615,-54.08416,82.78923,144.36424,0.03937438,0.13715577,0.034062635,12404668,5,436,0.019674348,753
5000114000082,26000500000448,5000114000092,5000114000000,26,3.3080978,5000114000083,-1,5000114000081,5000114000082,-1,172,14.631165,14.631165,14.71723,20648,48.89711,37.826447,48.52881,250012,5,4,5,-97.73603,24.5721,-46.245796,91.08385,156.54817,0.20478064,0.028005868,0.009139305,12404633,5,448,0.016055694,243
5000114000083,25000500000463,5000114000092,5000114000000,25,3.575905,5000114000084,-1,5000114000082,5000114000083,-1,145,12.909851,12.909851,12.995916,20648,48.94156,37.805798,48.556892,250012,5,4,5,-90.5833,24.775042,-37.97821,102.358345,164.1233,0.36487323,-0.014284703,0.09026274,12404639,5,463,0.01003216,849
5000114000084,24000500000469,5000114000092,5000114000000,24,3.8656828,5000114000085,-1,5000114000083,5000114000084,-1,119,8.692633,8.606567,9.381158,20648,48.990532,37.829575,48.57646,250012,5,4,5,-94.939705,18.07974,-29.867298,72.26816,127.76472,0.36530623,-0.013541204,0.08236075,12404669,5,469,0.017016584,511
5000114000085,23000500001804,5000114000089,5000114000000,23,4.1794686,5000114000086,5000114000090,5000114000084,5000114000085,-1,30,2.7541015,2.7541015,2.840167,20648,49.028194,37.7551,48.684067,250012,5,4,5,-75.43554,11.0192175,-90.62306,53.20743,99.00397,-0.0030850358,-0.04876005,-0.060048826,12404747,5,1804,0.0069864173,488
5000114000086,22000500001270,5000114000089,5000114000000,22,4.5195556,5000114000087,-1,5000114000085,5000114000086,-1,35,2.6680357,2.6680357,2.7541015,20648,49.071743,37.749332,48.728973,250012,5,4,5,-71.34169,7.5742435,-80.80005,54.73361,101.66995,-0.041279506,-0.091907926,-0.055920377,12404633,5,1270,0.008095468,542
5000114000087,21000500001131,5000114000089,5000114000000,21,4.888449,5000114000088,-1,5000114000086,5000114000087,-1,31,2.3237731,2.3237731,2.5819702,20648,49.097397,37.750767,48.77182,250012,5,4,5,-60.844677,2.2560623,-77.19417,49.519554,93.35071,0.011246227,-0.006681592,-0.005686214,12404633,5,1131,0.0073838467,553
5000114000088,20000500001062,5000114000089,5000114000000,20,5.2888336,5000114000089,-1,5000114000087,5000114000088,-1,28,1.2049193,1.2049193,1.3770508,20648,49.116653,37.748745,48.798653,250012,5,4,5,-66.226105,6.472284,-76.54792,49.83475,90.35183,0.036592554,-0.015590869,-0.010187312,12404633,5,1062,0.009910573,21
5000114000089,19000500000600,5000114000089,5000114000000,19,5.7238646,-1,-1,5000114000088,5000114000089,-1,35,1.1188537,1.1188537,1.1188537,20648,49.149002,37.729885,48.78607,250012,5,4,5,-62.241577,-0.6436484,-63.149906,48.605145,81.650955,-0.05650475,3.3297436E-4,0.021733118,12404642,5,600,0.010126949,997
5000114000090,23000500001305,5000114000091,5000114000000,23,4.1794686,5000114000091,5000114000092,5000114000084,5000114000090,-1,40,3.6147583,3.6147583,3.7868896,20648,49.070717,37.819077,48.54812,250012,5,4,5,-122.531746,19.854696,10.102828,66.62395,103.63979,0.10517115,0.04745376,-0.10484253,12404709,5,1305,0.007409004,414
5000114000091,22000500000891,5000114000091,5000114000000,22,4.5195556,-1,-1,5000114000090,5000114000091,-1,43,2.840167,2.840167,3.098364,20648,49.131374,37.799355,48.545498,250012,5,4,5,-105.807304,20.674715,-0.9622844,55.586155,91.67142,0.084026046,0.06158429,-0.03939676,12402724,5,891,0.010458102,515
5000114000092,23000500002105,5000114000092,5000114000000,23,4.1794686,-1,-1,5000114000084,5000114000092,-1,21,0.60245967,0.60245967,0.60245967,20648,49.432404,37.905796,48.57414,250012,5,4,5,-164.05322,-12.139714,-51.885857,33.2306,62.533787,0.04055648,0.23438905,-0.004186702,12404532,5,2105,0.014102978,378
5000114000093,31000500000527,5000114000106,5000114000000,31,2.2394855,5000114000094,-1,5000114000076,5000114000077,-1,20,0.0,0.0,0.0,20649,48.577988,37.82858,48.44292,250005,5,4,5,-214.74104,60.026253,-229.76132,51.545338,95.04152,0.0031118644,0.022315169,-0.015528589,12404607,5,527,0.005603978,76
5000114000094,30000500000517,5000114000106,5000114000000,30,2.422044,5000114000095,-1,5000114000093,5000114000078,-1,35,0.0,0.0,0.0,20649,48.69154,37.789234,48.551266,250005,5,4,5,-156.23457,44.690193,-187.37149,43.76565,87.124,-0.025143275,0.041143384,-0.0015007263,12404820,5,517,0.009647036,698
5000114000095,29000500002300,5000114000106,5000114000000,29,2.6188614,5000114000096,-1,5000114000094,5000114000095,-1,39,2.840167,2.7541015,2.840167,20649,48.78696,37.78238,48.665707,250005,5,4,5,-136.76814,29.989595,-165.63635,47.332973,96.89851,0.11488709,0.07565815,0.040433593,12404754,5,2300,0.010659466,301
5000114000096,28000500000446,5000114000106,5000114000000,28,2.8311827,5000114000097,-1,5000114000095,5000114000080,-1,34,0.0,0.0,0.0,20648,48.856335,37.762028,48.752743,250012,5,4,5,-128.17772,24.409452,-147.65823,47.509743,88.71333,0.11493159,0.01689582,-0.0019550154,12404754,5,446,0.009612608,272
5000114000097,27000500002122,5000114000106,5000114000000,27,3.060419,5000114000098,-1,5000114000096,5000114000097,-1,35,3.098364,3.098364,3.2704954,20648,48.93478,37.729755,48.821545,250012,5,4,5,-112.57769,15.230731,-141.24019,51.289913,88.37515,0.10240627,0.08328643,-0.028455555,12404606,5,2122,0.009848299,248
5000114000098,26000500001302,5000114000106,5000114000000,26,3.3080978,5000114000099,-1,5000114000097,5000114000098,-1,49,2.9262328,2.840167,3.098364,20651,48.994358,37.728954,48.914814,250040,5,4,5,-101.079315,8.384104,-127.88851,49.534306,92.9499,0.10738385,0.03770312,0.025564374,12404754,5,1302,0.014242633,705
5000114000099,25000500001292,5000114000106,5000114000000,25,3.575905,5000114000100,-1,5000114000098,5000114000099,-1,46,2.5819702,2.5819702,2.840167,20651,49.0322,37.73376,49.01603,250040,5,4,5,-93.72822,-0.7236895,-116.09643,49.314545,83.76282,0.04061906,0.056409985,0.013700334,12404671,5,1292,0.01468783,915
5000114000100,24000500001204,5000114000106,5000114000000,24,3.8656828,5000114000101,-1,5000114000099,5000114000100,-1,42,2.5819702,2.4959044,2.7541015,20651,49.07262,37.741814,49.077686,250040,5,4,5,-80.35538,-16.699368,-115.80071,45.43601,81.52149,-0.08353432,-0.06911623,0.029057465,12404671,5,1204,0.012812405,387
5000114000101,23000500001143,5000114000106,5000114000000,23,4.1794686,5000114000102,-1,5000114000100,5000114000101,-1,43,1.8073791,1.8073791,1.8934448,20651,49.11518,37.74609,49.15568,250040,5,4,5,-77.35662,-14.627916,-99.652664,50.84662,83.771645,0.049103282,-0.059882265,0.008423153,12404664,5,1143,0.013675032,462
5000114000102,22000500001269,5000114000106,5000114000000,22,4.5195556,5000114000103,-1,5000114000101,5000114000102,-1,35,2.7541015,2.7541015,2.7541015,20651,49.160206,37.76948,49.181683,250040,5,4,5,-71.22287,-19.222473,-94.095985,61.948112,105.24349,0.030592222,0.011123976,-0.027926235,12404664,5,1269,0.0069209747,690
5000114000103,21000500001130,5000114000106,5000114000000,21,4.888449,5000114000104,-1,5000114000102,5000114000103,-1,31,2.4959044,2.4959044,2.6680357,20651,49.196064,37.771805,49.217827,250040,5,4,5,-70.46591,-26.32043,-93.268486,54.74819,93.15582,-0.018307786,0.032855567,-0.019732745,12404460,5,1130,0.0077019148,565
5000114000104,20000500001222,5000114000106,5000114000000,20,5.2888336,5000114000105,-1,5000114000103,5000114000104,-1,24,1.549182,1.549182,1.7213135,20651,49.22941,37.784496,49.244183,250040,5,4,5,-72.51267,-30.799221,-81.41835,39.332672,79.33806,0.026809467,-0.03142411,0.016041704,12404759,5,1222,0.0084125865,527
5000114000105,19000500000876,5000114000106,5000114000000,19,5.7238646,5000114000106,-1,5000114000104,5000114000105,-1,26,0.774591,0.774591,0.9467224,20651,49.274197,37.795254,49.246006,250040,5,4,5,-74.91299,-25.071062,-71.844154,47.294952,82.62472,-0.021857116,-0.102894574,0.050061353,12404665,5,876,0.013020246,67
5000114000106,18000500000757,5000114000106,5000114000000,18,6.1968336,-1,-1,5000114000105,5000114000106,-1,23,0.86065674,0.86065674,0.9467224,20651,49.313477,37.836834,49.376278,250040,5,4,5,-65.477036,-28.522299,-63.841602,45.14506,78.42738,-0.01916172,-0.07454654,0.05474146,12404888,5,757,0.009201874,678
5000114000107,41000500000408,5000114000116,5000114000000,41,0.98870814,5000114000108,-1,5000114000021,5000114000022,-1,23,0.0,0.0,0.0,20649,48.15933,37.913067,47.924603,250005,5,4,5,-301.08774,84.42,-38.16263,33.72852,56.051193,0.012466466,0.052017704,-0.12538934,12407137,5,408,0.015778279,434
5000114000108,40000500003698,5000114000116,5000114000000,40,1.0778745,5000114000109,-1,5000114000107,5000114000108,-1,28,2.3237731,2.3237731,2.3237731,20649,48.297935,37.884872,47.93281,250005,5,4,5,-270.3507,96.89311,-47.258575,32.278076,56.623886,0.014153913,-0.014591475,-0.111000836,12400277,5,3698,0.018570358,80
5000114000109,39000500003821,5000114000116,5000114000000,39,1.173417,5000114000110,-1,5000114000108,5000114000109,-1,27,2.2377074,2.2377074,2.2377074,20649,48.452427,37.815895,47.956,250005,5,4,5,-247.07846,99.642365,-50.035313,33.507282,67.77879,0.04693845,-0.013753873,-0.07125459,12407133,5,3821,0.012646221,30
5000114000110,38000500003663,5000114000116,5000114000000,38,1.2758462,5000114000111,-1,5000114000109,5000114000110,-1,30,2.5819702,2.4959044,2.5819702,20649,48.579914,37.757523,47.967712,250005,5,4,5,-221.63812,99.63485,-48.858227,31.5521,63.39606,0.10720157,-0.063759565,-0.08781334,12407137,5,3663,0.016839752,197
5000114000111,37000500003678,5000114000116,5000114000000,37,1.3857181,5000114000112,-1,5000114000110,5000114000111,-1,30,2.4959044,2.3237731,2.4959044,20649,48.71697,37.69801,48.007782,250005,5,4,5,-207.79678,95.704636,-48.652946,36.020535,64.12972,0.10545275,-0.06427619,-0.087412335,12400323,5,3678,0.016273474,412
5000114000112,36000500003709,5000114000116,5000114000000,36,1.5036365,5000114000113,-1,5000114000111,5000114000112,-1,29,2.065576,1.8934448,2.065576,20648,48.832424,37.656433,48.025177,250012,5,4,5,-196.39543,93.29382,-47.73693,37.673195,69.884575,0.06805938,-0.036008738,-0.05298283,12400328,5,3709,0.014601342,528
5000114000113,35000500003692,5000114000116,5000114000000,35,1.6302707,5000114000114,-1,5000114000112,5000114000113,-1,29,1.9795104,1.8073791,1.9795104,20648,48.924908,37.617195,48.053772,250012,5,4,5,-184.88812,88.6943,-46.685204,34.544575,68.29143,0.07066844,-0.033729855,-0.049719095,12400328,5,3692,0.013305716,569
5000114000114,34000500004507,5000114000116,5000114000000,34,1.766336,5000114000115,-1,5000114000113,5000114000114,-1,22,1.2909851,1.2909851,1.3770508,20648,49.005936,37.586334,48.082855,250012,5,4,5,-180.14539,81.07684,-42.166054,29.534721,53.27485,0.009187783,0.024774378,-0.028592361,12400328,5,4507,0.01609113,80
5000114000115,33000500004757,5000114000116,5000114000000,33,1.9126327,5000114000116,-1,5000114000114,5000114000115,-1,20,0.86065674,0.86065674,1.4631164,20648,49.13703,37.502052,48.113117,250012,5,4,5,-167.38472,76.48754,-43.156914,31.114971,55.236084,0.0047605364,0.021115711,-0.03268621,12407133,5,4757,0.019165972,645
5000114000116,32000500004565,5000114000116,5000114000000,32,2.0700274,-1,-1,5000114000115,5000114000116,-1,21,1.4631164,1.3770508,1.7213135,20648,49.216446,37.473984,48.12379,250012,5,4,5,-161.00328,73.094864,-41.14945,27.47336,57.853104,-0.024771433,0.019117752,-0.050075497,12405144,5,4565,0.017076083,923
5000114000117,53000500000513,5000114000132,5000114000000,53,0.2798018,5000114000118,-1,5000114000009,5000114000010,-1,20,0.0,0.0,0.0,20649,47.461227,37.75802,47.942535,250004,5,4,5,-279.48132,-60.80265,74.81309,31.532461,60.533184,-0.061139956,0.070310645,0.07695178,13417088,5,513,0.012604184,965
5000114000118,52000500000504,5000114000132,5000114000000,52,0.31970343,5000114000119,-1,5000114000117,5000114000011,-1,21,0.0,0.0,0.0,20649,47.555252,37.784676,47.920074,250004,5,4,5,-256.5378,-67.48882,97.08455,22.313406,51.766476,-0.017473007,0.10808581,0.006476607,13417088,5,504,0.016464815,633
5000114000119,51000500000489,5000114000132,5000114000000,51,0.36234027,5000114000120,-1,5000114000118,5000114000012,-1,21,0.0,0.0,0.0,20649,47.644497,37.820812,47.88369,250004,5,4,5,-232.00435,-73.837425,107.55614,18.804071,45.6759,-0.048079733,-0.11561203,-0.007560269,13417087,5,489,0.0202655,965
5000114000120,50000500003959,5000114000132,5000114000000,50,0.40789944,5000114000121,-1,5000114000119,5000114000120,-1,21,2.3237731,1.549182,1.9795104,20649,47.72863,37.837467,47.839005,250000,5,4,5,-197.93643,-80.53922,119.611824,22.18783,55.751564,-0.098028235,0.048239455,0.09959695,13414466,5,3959,0.01842335,734
5000114000121,48000500004282,5000114000132,5000114000000,48,0.5085914,5000114000122,-1,5000114000120,5000114000121,-1,21,1.8934448,1.6352477,1.8073791,20649,47.87138,37.907852,47.74281,250001,5,4,5,-145.48737,-81.91122,122.439964,26.559076,58.614517,-0.088421255,0.01870889,0.09255636,13414466,5,4282,0.013245678,495
5000114000122,47000500004209,5000114000132,5000114000000,47,0.5641766,5000114000123,-1,5000114000121,5000114000122,-1,20,1.8934448,1.6352477,1.8073791,20649,47.927345,37.940704,47.685997,250001,5,4,5,-127.682655,-79.074066,117.4101,30.849894,63.502094,-0.10517814,0.04850829,0.12285281,13414449,5,4209,0.012462864,545
5000114000123,45000500004768,5000114000132,5000114000000,45,0.6871088,5000114000124,-1,5000114000122,5000114000123,-1,20,1.6352477,1.4631164,1.6352477,20649,48.0278,38.00128,47.59148,250001,5,4,5,-95.04596,-72.12903,108.23261,24.143068,52.431274,-0.028514547,-0.002824588,0.08421189,13414453,5,4768,0.017597904,902
5000114000124,43000500004844,5000114000132,5000114000000,43,0.8276991,5000114000125,-1,5000114000123,5000114000124,-1,21,1.549182,1.4631164,1.549182,20649,48.113644,38.065987,47.462658,250001,5,4,5,-76.47464,-67.56119,96.123604,28.434566,61.70296,-0.023729315,0.08733941,0.06931979,13414453,5,4844,0.011211932,558
5000114000125,42000500004299,5000114000132,5000114000000,42,0.9054624,5000114000126,-1,5000114000124,5000114000125,-1,24,1.7213135,1.4631164,1.6352477,20649,48.142654,38.087795,47.424133,250003,5,4,5,-66.43091,-68.23228,92.30368,26.931505,56.32696,0.011100496,0.14360598,-0.031144245,13414466,5,4299,0.015682999,639
5000114000126,41000500004602,5000114000132,5000114000000,41,0.98870814,5000114000127,-1,5000114000125,5000114000126,-1,22,1.549182,1.4631164,1.549182,20649,48.17432,38.11877,47.380283,250003,5,4,5,-59.434002,-62.888744,89.05766,33.22639,65.832306,0.068596594,0.19688912,-0.06659418,13414466,5,4602,0.010248799,393
5000114000127,39000500004980,5000114000132,5000114000000,39,1.173417,5000114000128,-1,5000114000126,5000114000127,-1,20,1.3770508,1.3770508,1.3770508,20649,48.22828,38.19806,47.275406,250003,5,4,5,-58.19121,-63.57737,80.95429,25.939072,48.72818,0.06739057,-0.02152146,0.05699869,13417087,5,4980,0.01904451,260
5000114000128,38000500004204,5000114000132,5000114000000,38,1.2758462,5000114000129,-1,5000114000127,5000114000128,-1,22,1.6352477,1.549182,1.6352477,20649,48.271633,38.24248,47.241333,250003,5,4,5,-56.175983,-60.730045,75.163994,24.127216,50.509247,0.015055674,-0.0010719731,0.095055774,13417087,5,4204,0.021345085,497
5000114000129,36000500004645,5000114000132,5000114000000,36,1.5036365,5000114000130,-1,5000114000128,5000114000129,-1,22,1.3770508,1.2909851,1.3770508,20649,48.327682,38.28854,47.17027,250003,5,4,5,-52.372974,-60.62698,76.07958,27.854534,52.342358,0.029521955,0.036448576,0.06626031,13417079,5,4645,0.018008476,403
5000114000130,35000500004778,5000114000132,5000114000000,35,1.6302707,5000114000131,-1,5000114000129,5000114000130,-1,20,1.549182,1.2909851,1.549182,20649,48.3534,38.335728,47.12306,250003,5,4,5,-52.198837,-60.263138,74.74964,30.825512,49.761486,0.009638147,0.07529491,0.118039265,13417088,5,4778,0.020026255,480
5000114000131,34000500004366,5000114000132,5000114000000,34,1.766336,5000114000132,-1,5000114000130,5000114000131,-1,23,1.549182,1.549182,1.549182,20649,48.406036,38.380085,47.105637,250003,5,4,5,-49.619095,-62.59385,67.07738,36.53157,59.089798,0.12870507,0.12944715,0.06329492,13417080,5,4366,0.014238463,169
5000114000132,33000500004191,5000114000132,5000114000000,33,1.9126327,-1,-1,5000114000131,5000114000132,-1,24,1.549182,1.549182,1.549182,20649,48.44519,38.40436,47.043793,250003,5,4,5,-47.041023,-58.791447,64.72314,35.073486,62.59736,0.09009502,0.11825215,0.09281355,13417079,5,4191,0.012879985,691
5000114000133,56000500000524,5000114000133,5000114000000,56,0.17489761,-1,-1,5000114000006,5000114000007,-1,21,0.0,0.0,0.0,20649,47.17566,37.71099,47.9749,250004,5,4,5,-317.83038,-17.19895,-18.589727,24.549534,55.956318,0.061720505,0.035356965,-0.07609379,13417089,5,524,0.015777348,713
5000114000134,62000500000536,5000114000134,5000114000000,62,0.019932542,-1,-1,5000114000000,5000114000001,-1,21,0.0,0.0,0.0,24406,46.743767,37.74498,47.849937,246489,5,4,5,-233.3109,43.72004,-138.00076,22.345158,51.803097,0.02569702,0.060061473,-0.15594235,13417080,5,536,0.017407583,182
