haloID,subHaloID,lastProgenitorId,treeId,snapNum,redshift,firstProgenitorId,nextProgenitorId,descendantId,firstHaloInFOFgroupId,nextHaloInFOFgroupId,np,m_Mean200,m_Crit200,m_TopHat,phKey,x,y,z,zIndex,ix,iy,iz,velX,velY,velZ,velDisp,vMax,spinX,spinY,spinZ,mostBoundID,fileNr,subhaloIndex,halfmassRadius,random
6000062000000,63000600000305,6000062000198,6000062000000,63,0.0,6000062000001,-1,-1,6000062000000,6000062000199,2628,238.9183,167.65593,208.19286,26473,22.9432,32.769665,39.221905,202827,2,3,4,103.43885,77.697,-116.17511,120.87525,222.68533,1.7199649,0.41786572,-0.7914411,17869323,6,305,0.106746905,835
6000062000001,62000600000304,6000062000198,6000062000000,62,0.019932542,6000062000002,-1,6000062000000,6000062000001,6000062000200,2586,236.85272,165.76248,204.66417,26473,22.922892,32.75406,39.241413,202827,2,3,4,102.62488,79.56956,-116.29371,122.15581,222.66742,2.0764766,0.82744473,-0.96289575,15905152,6,304,0.10304711,165
6000062000002,61000600000301,6000062000198,6000062000000,61,0.041403063,6000062000003,-1,6000062000001,6000062000002,6000062000201,2592,233.58223,166.9674,202.51253,26473,22.900457,32.739777,39.266647,202827,2,3,4,103.71251,78.92621,-118.04741,121.16757,223.30414,1.9548427,0.66047454,-0.9191633,15905152,6,301,0.10435976,253
6000062000003,60000600000227,6000062000198,6000062000000,60,0.064493395,6000062000004,-1,6000062000002,6000062000003,6000062000202,2511,228.50436,168.17232,200.61908,26473,22.876263,32.72185,39.28834,202827,2,3,4,104.69477,79.37459,-116.79351,123.897385,225.09222,2.0397222,0.8982072,-0.9615858,15905152,6,227,0.096854545,758
6000062000004,59000600000298,6000062000198,6000062000000,59,0.08928783,6000062000005,-1,6000062000003,6000062000004,6000062000203,2496,224.3732,166.02068,201.22154,26473,22.852623,32.702137,39.314724,202827,2,3,4,105.96783,79.52014,-117.29364,127.05375,228.30035,1.931514,0.9084247,-0.8670774,15905152,6,298,0.09811378,660
6000062000005,58000600000297,6000062000198,6000062000000,58,0.11588337,6000062000006,-1,6000062000004,6000062000005,-1,2551,221.01665,166.02068,201.04941,26473,22.824436,32.68581,39.34617,202827,2,3,4,106.053345,79.428185,-118.693565,123.3236,220.75768,1.593304,0.49664396,-0.91164666,15905334,6,297,0.09847116,281
6000062000006,57000600000308,6000062000198,6000062000000,57,0.14438343,6000062000007,-1,6000062000005,6000062000006,-1,2479,218.77893,169.80757,198.03711,26473,22.7948,32.657192,39.37426,202827,2,3,4,107.825424,80.35258,-120.13602,124.785324,221.63527,1.3957626,0.40691873,-0.6551621,15905334,6,308,0.09901017,91
6000062000007,56000600000315,6000062000163,6000062000000,56,0.17489761,6000062000008,6000062000164,6000062000006,6000062000007,6000062000177,2391,217.31583,167.39774,197.95105,26473,22.764006,32.62841,39.400604,202827,2,3,4,104.29849,83.74746,-117.37958,125.21765,220.45409,1.7638205,0.48373708,-0.97074354,17869625,6,315,0.09403374,402
6000062000008,55000600000272,6000062000163,6000062000000,55,0.20754863,6000062000009,-1,6000062000007,6000062000008,6000062000178,2357,211.80762,166.7092,195.45514,26473,22.738544,32.599476,39.438637,202827,2,3,4,106.047295,83.74448,-121.30699,127.6132,226.54756,1.3620166,0.50770557,-0.9195036,17869625,6,272,0.0926687,499
6000062000009,54000600000315,6000062000163,6000062000000,54,0.24246909,6000062000010,-1,6000062000008,6000062000009,6000062000179,2294,206.29941,166.36494,190.63547,26473,22.70385,32.569733,39.470623,202827,2,3,4,105.82635,86.06237,-120.47523,128.8344,224.50563,1.3070437,0.40930322,-1.0256333,17869625,6,315,0.085306145,195
6000062000010,53000600000268,6000062000163,6000062000000,53,0.2798018,6000062000011,-1,6000062000009,6000062000010,-1,2314,199.93056,167.91412,187.0207,26473,22.666426,32.541416,39.508324,202827,2,3,4,106.85093,85.17659,-123.7048,129.22226,222.70613,1.3987075,0.38473764,-1.0677791,15905334,6,268,0.08671497,539
6000062000011,52000600000247,6000062000163,6000062000000,52,0.31970343,6000062000012,-1,6000062000010,6000062000011,-1,2236,193.99202,166.10675,183.492,26473,22.632784,32.515247,39.54868,202827,2,3,4,106.02479,86.954094,-123.05719,131.58,228.3345,1.2823759,0.17852247,-1.0742446,15905379,6,247,0.08335492,783
6000062000012,51000600000251,6000062000163,6000062000000,51,0.36234027,6000062000013,-1,6000062000011,6000062000012,-1,2180,189.2584,158.79117,178.67233,26473,22.59338,32.479015,39.59409,202827,2,3,4,106.48552,87.42442,-124.80742,134.08557,230.7144,1.2929703,0.14469562,-1.1683117,15905334,6,251,0.08131949,800
6000062000013,50000600000260,6000062000163,6000062000000,50,0.40789944,6000062000014,-1,6000062000012,6000062000013,-1,2101,181.34036,151.30345,169.29117,26473,22.550215,32.433887,39.63733,202827,2,3,4,105.55563,87.2066,-125.2186,129.07089,224.64151,1.4086088,0.29832208,-1.1103313,15905444,6,260,0.07806977,68
6000062000014,49000600000276,6000062000139,6000062000000,49,0.45657724,6000062000015,6000062000140,6000062000013,6000062000014,6000062000158,2073,172.2174,146.74197,164.38544,26473,22.507738,32.40864,39.69509,202827,2,3,4,101.40539,88.57886,-122.07971,125.299736,218.20038,1.3862201,0.34430808,-1.2576038,17871125,6,276,0.081432335,794
6000062000015,48000600000273,6000062000139,6000062000000,48,0.5085914,6000062000016,-1,6000062000014,6000062000015,6000062000159,1926,164.29936,140.20097,156.03706,26473,22.46159,32.380585,39.74598,202827,2,3,4,103.49343,85.92817,-124.69359,125.8376,221.1754,1.6327344,0.26370686,-0.9023967,17871125,6,273,0.07755031,223
6000062000016,47000600000274,6000062000139,6000062000000,47,0.5641766,6000062000017,-1,6000062000015,6000062000016,6000062000142,1883,156.81165,132.54114,149.41,26473,22.420885,32.348015,39.805046,202826,2,3,4,101.61825,87.30502,-122.68524,124.961624,216.8137,1.7604058,0.34870568,-0.99691427,17871125,6,274,0.077178895,79
6000062000017,46000600000285,6000062000139,6000062000000,46,0.6235901,6000062000018,-1,6000062000016,6000062000017,-1,1869,150.52885,130.3895,144.24606,26473,22.370544,32.315506,39.856125,202826,2,3,4,98.91949,85.67162,-120.300095,123.601944,215.37782,1.7067606,0.3944568,-1.1381781,15905400,6,285,0.07737437,669
6000062000018,45000600000297,6000062000139,6000062000000,45,0.6871088,6000062000019,-1,6000062000017,6000062000018,-1,1826,147.86082,130.21736,141.57803,26473,22.324469,32.277107,39.915073,202826,2,3,4,98.65783,83.85884,-122.00119,127.96733,216.43481,1.4919822,0.47891226,-1.2139583,15905400,6,297,0.07430668,660
6000062000019,44000600000299,6000062000139,6000062000000,44,0.75503564,6000062000020,-1,6000062000018,6000062000019,-1,1753,146.6559,133.31572,143.12721,26473,22.283014,32.241436,39.987152,202826,2,3,4,99.505325,81.19621,-121.758675,130.41502,221.27536,1.2682905,0.42570734,-1.1778748,15905400,6,299,0.069017164,318
6000062000020,43000600000322,6000062000139,6000062000000,43,0.8276991,6000062000021,-1,6000062000019,6000062000020,-1,1719,147.4305,132.97147,143.98787,26473,22.23941,32.211407,40.038334,202824,2,3,4,100.55468,78.718216,-119.85944,134.4587,221.72903,1.3480979,0.3126521,-1.1215912,17869334,6,322,0.06658785,523
6000062000021,42000600000295,6000062000139,6000062000000,42,0.9054624,6000062000022,-1,6000062000020,6000062000021,-1,1693,145.62312,134.26245,143.90181,26473,22.188976,32.176517,40.096222,202828,2,3,4,99.86937,76.83379,-120.703094,135.39171,220.59386,1.4824274,0.37343806,-0.99215627,17869334,6,295,0.06568245,185
6000062000022,41000600000230,6000062000139,6000062000000,41,0.98870814,6000062000023,-1,6000062000021,6000062000022,-1,1640,139.1682,128.66818,137.79114,26473,22.143364,32.12038,40.1594,202828,2,3,4,97.91567,78.374794,-117.31851,139.85715,227.70004,1.6295898,0.4505788,-1.0717248,17871050,6,230,0.059458107,913
6000062000023,40000600000252,6000062000139,6000062000000,40,1.0778745,6000062000024,-1,6000062000022,6000062000023,-1,1669,126.94686,120.31981,126.086205,26473,22.090374,32.076397,40.19951,202828,2,3,4,96.44558,78.73089,-116.43381,138.21634,231.97519,1.5184109,0.4264344,-0.9720894,15905409,6,252,0.058736797,138
6000062000024,39000600000219,6000062000122,6000062000000,39,1.173417,6000062000025,6000062000123,6000062000023,6000062000024,6000062000123,1483,122.04112,114.29521,121.52473,26473,22.03091,32.038147,40.271225,202828,2,3,4,95.39488,84.69594,-112.22014,132.48158,216.99243,1.4018496,0.14374967,-0.9699599,17869377,6,219,0.058876444,209
6000062000025,38000600000198,6000062000107,6000062000000,38,1.2758462,6000062000026,6000062000108,6000062000024,6000062000025,6000062000108,1457,119.80341,109.81979,119.80341,26473,21.97388,31.96734,40.328907,202828,2,3,4,92.276924,86.723495,-117.38328,130.70631,211.12782,0.6670008,0.1881802,-0.7515706,17869377,6,198,0.06093874,409
6000062000026,37000600000201,6000062000092,6000062000000,37,1.3857181,6000062000027,6000062000093,6000062000025,6000062000026,6000062000125,1364,116.27472,109.045204,116.791115,26473,21.93078,31.905039,40.40499,202828,2,3,4,84.68362,87.04806,-111.461395,136.20723,215.60132,0.9047611,0.3161914,-0.7819688,17871125,6,201,0.05606492,897
6000062000027,36000600000201,6000062000092,6000062000000,36,1.5036365,6000062000028,-1,6000062000026,6000062000027,-1,1374,117.823906,111.36898,119.11489,26473,21.89024,31.837206,40.43859,202828,2,3,4,91.29248,80.57705,-112.04375,142.73048,225.1739,0.693657,-0.09105319,-1.0619432,15905326,6,201,0.053949267,622
6000062000028,35000600000177,6000062000092,6000062000000,35,1.6302707,6000062000029,-1,6000062000027,6000062000028,6000062000126,1245,109.21734,105.60258,110.852585,26473,21.845251,31.794722,40.493755,202828,2,3,4,83.35492,70.707855,-100.04598,137.14642,222.51675,0.7840767,0.06849198,-0.836665,17869377,6,177,0.04852095,923
6000062000029,34000600000164,6000062000092,6000062000000,34,1.766336,6000062000030,-1,6000062000028,6000062000029,6000062000127,1198,105.08618,101.98782,105.77471,26473,21.783691,31.74765,40.547405,202828,2,3,4,87.377914,71.546906,-99.11125,144.98433,227.61185,0.8547116,0.18150233,-0.8943356,17869382,6,164,0.045821466,892
6000062000030,33000600000176,6000062000092,6000062000000,33,1.9126327,6000062000031,-1,6000062000029,6000062000030,6000062000128,1051,92.77879,90.45502,93.63945,26473,21.723078,31.741653,40.618237,202828,2,3,4,95.25186,71.02951,-86.75624,150.01408,240.54471,0.60691595,0.091504745,-0.45928225,15905761,6,176,0.034769833,368
6000062000031,32000600000169,6000062000091,6000062000000,32,2.0700274,6000062000032,6000062000092,6000062000030,6000062000031,6000062000092,866,76.16812,73.75828,78.233696,26473,21.647457,31.789476,40.65888,202828,2,3,4,95.24827,53.19659,-76.058014,137.5094,202.80107,0.4619385,0.008883304,-0.6231406,15905700,6,169,0.039809637,114
6000062000032,31000600000161,6000062000062,6000062000000,31,2.2394855,6000062000033,6000062000063,6000062000031,6000062000032,6000062000063,212,46.217266,45.270542,47.163986,26473,21.580225,31.84594,40.678036,202828,2,3,4,114.058556,-2.0974848,4.996006,87.872055,148.63908,-0.28442946,-0.021546973,-0.28261796,15905370,6,161,0.018459821,113
6000062000033,30000600000273,6000062000062,6000062000000,30,2.422044,6000062000034,-1,6000062000032,6000062000033,-1,386,34.082005,33.737743,34.684467,26473,21.516163,31.828346,40.68296,202828,2,3,4,104.36566,2.2894115,-14.908937,112.99617,178.80348,-0.4022894,0.15299815,-0.73853934,15905384,6,273,0.024441073,5
6000062000034,29000600000255,6000062000062,6000062000000,29,2.6188614,6000062000035,-1,6000062000033,6000062000034,-1,350,30.81151,30.467247,31.155773,26473,21.491112,31.791613,40.65527,202828,2,3,4,103.16316,11.924975,-21.848455,126.35247,204.3186,-0.36721307,0.20726098,-0.71958554,17871103,6,255,0.015912086,847
6000062000035,28000600000243,6000062000050,6000062000000,28,2.8311827,6000062000036,6000062000051,6000062000034,6000062000035,6000062000051,214,18.762316,17.987726,20.397564,26478,21.45863,31.74904,40.632282,202821,2,3,4,43.021847,47.272335,12.32774,92.643906,159.99892,-0.21293741,-0.11732236,-0.24186325,17871098,6,243,0.015832985,368
6000062000036,27000600000391,6000062000050,6000062000000,27,3.060419,6000062000037,-1,6000062000035,6000062000036,-1,181,14.200836,14.11477,14.372967,26478,21.445318,31.744505,40.602097,202821,2,3,4,40.877487,48.973797,2.621964,79.612656,136.46739,0.038868,-0.12274919,-0.11517797,15905681,6,391,0.018720157,414
6000062000037,26000600000384,6000062000050,6000062000000,26,3.3080978,6000062000038,-1,6000062000036,6000062000037,-1,156,11.5328,11.360668,11.963128,26478,21.40535,31.71816,40.597473,202821,2,3,4,47.63639,32.452484,3.1912262,80.94868,140.6961,-0.21610355,-0.016191255,-0.02511146,17871094,6,384,0.015891014,13
6000062000038,25000600000357,6000062000049,6000062000000,25,3.575905,6000062000039,6000062000050,6000062000037,6000062000038,-1,149,12.049194,12.049194,12.307391,26478,21.391861,31.70356,40.60868,202821,2,3,4,51.880524,31.954195,-2.4882536,81.717735,142.85066,-0.052976362,0.027408851,-0.045528598,17869388,6,357,0.014737182,183
6000062000039,24000600000354,6000062000049,6000062000000,24,3.8656828,6000062000040,-1,6000062000038,6000062000039,-1,127,10.500011,10.500011,10.758209,26478,21.336252,31.693638,40.61374,202821,2,3,4,50.488087,31.87002,-12.938731,88.54293,147.46062,-0.02352166,-0.012339993,-0.010724281,17869388,6,354,0.011387524,865
6000062000040,23000600000302,6000062000049,6000062000000,23,4.1794686,6000062000041,-1,6000062000039,6000062000040,-1,119,8.520501,8.348371,9.036896,26478,21.314758,31.655794,40.62423,202821,2,3,4,55.96186,29.796097,-21.002768,78.4245,135.0751,0.010906718,-0.07601349,-0.017398339,17871120,6,302,0.012386217,883
6000062000041,22000600000281,6000062000049,6000062000000,22,4.5195556,6000062000042,-1,6000062000040,6000062000041,-1,110,8.520501,8.348371,8.9508295,26478,21.305841,31.635143,40.6422,202821,2,3,4,49.407906,33.83636,-21.759487,75.96418,132.57832,-0.032057762,-0.061386228,-2.1431946E-4,17871120,6,281,0.013118792,290
6000062000042,21000600000246,6000062000049,6000062000000,21,4.888449,6000062000043,-1,6000062000041,6000062000042,-1,95,7.3155823,7.3155823,7.4016476,26478,21.26049,31.622786,40.6581,202821,2,3,4,44.753857,39.910385,-24.558317,87.88167,148.53311,-0.0677314,0.02009612,0.039031956,15905708,6,246,0.008442489,272
6000062000043,20000600000166,6000062000049,6000062000000,20,5.2888336,6000062000044,-1,6000062000042,6000062000043,-1,94,6.6270566,6.6270566,7.057385,26478,21.23262,31.585405,40.67274,202821,2,3,4,41.786777,37.09863,-28.522232,79.87315,135.16101,-0.044915646,0.023417983,0.0060896836,15905708,6,166,0.010086589,93
6000062000044,19000600000159,6000062000049,6000062000000,19,5.7238646,6000062000045,-1,6000062000043,6000062000044,-1,84,5.4221373,5.4221373,5.8524656,26478,21.226545,31.562267,40.682384,202821,2,3,4,41.497402,40.790203,-33.55235,73.314896,130.70576,-0.026000818,0.02409229,0.0025921531,15905700,6,159,0.009880103,284
6000062000045,18000600000159,6000062000049,6000062000000,18,6.1968336,6000062000046,-1,6000062000044,6000062000045,-1,64,4.4754148,4.4754148,4.4754148,26478,21.179707,31.603136,40.689075,202821,2,3,4,44.173252,24.515097,-32.59901,74.97619,127.9811,-0.02420884,-0.02703283,-0.0100943465,15905703,6,159,0.007787431,102
6000062000046,17000600000130,6000062000049,6000062000000,17,6.7115865,6000062000047,-1,6000062000045,6000062000046,-1,54,4.3893495,4.3893495,4.3893495,26478,21.172453,31.575169,40.71803,202821,2,3,4,47.270252,17.575403,-32.998665,77.82677,141.3136,-0.005827605,-0.032357745,-0.06194511,15905710,6,130,0.006339269,253
6000062000047,16000600000094,6000062000049,6000062000000,16,7.272188,6000062000048,-1,6000062000046,6000062000047,-1,47,3.098364,3.098364,3.098364,26478,21.135193,31.534613,40.742374,202821,2,3,4,43.41469,22.850204,-36.109035,76.962166,121.7942,0.0013527815,0.0010244779,-0.09710843,15905328,6,94,0.0072325934,310
6000062000048,15000600000186,6000062000049,6000062000000,15,7.8832035,6000062000049,-1,6000062000047,6000062000048,-1,23,1.7213135,1.6352477,1.8073791,26478,21.123646,31.573954,40.739723,202821,2,3,4,49.36628,19.653421,-24.626297,63.64174,113.59616,0.006004982,-0.018191984,-0.042227324,15905379,6,186,0.0041516004,700
6000062000049,14000600000094,6000062000049,6000062000000,14,8.549912,-1,-1,6000062000048,6000062000049,-1,25,0.516394,0.0,0.516394,26478,21.117243,31.530535,40.757687,202821,2,3,4,44.940586,16.562685,-24.102495,56.495083,92.512886,-5.89101E-4,0.0053907996,0.01862439,17871101,6,94,0.006788822,503
6000062000050,25000600001998,6000062000050,6000062000000,25,3.575905,-1,-1,6000062000037,6000062000050,-1,23,1.2049193,0.774591,1.2049193,26478,21.370728,31.492378,40.73163,202821,2,3,4,17.66659,85.47281,-76.34939,36.36342,60.57571,-0.04840852,-0.06774003,0.109450944,17869367,6,1998,0.0128772715,481
6000062000051,28000600000244,6000062000062,6000062000000,28,2.8311827,6000062000052,-1,6000062000034,6000062000035,-1,68,0.0,0.0,0.0,26478,21.376215,31.830652,40.740036,202821,2,3,4,182.08975,-25.655787,-84.34635,75.654915,124.974785,0.00998179,-0.04061531,0.009172157,15905411,6,244,0.008803386,750
6000062000052,27000600000602,6000062000062,6000062000000,27,3.060419,6000062000053,-1,6000062000051,6000062000052,-1,113,9.209027,8.9508295,9.209027,26478,21.28317,31.86458,40.758625,202821,2,3,4,171.4452,1.7628489,-84.02477,72.30317,123.2987,0.12113339,3.3083593E-4,-0.14184226,15905409,6,602,0.015207214,16
6000062000053,26000600000611,6000062000062,6000062000000,26,3.3080978,6000062000054,-1,6000062000052,6000062000053,-1,99,6.7131224,6.6270566,7.7459106,26478,21.19366,31.865568,40.801483,202821,2,3,4,150.21068,16.756527,-81.92492,66.510895,119.44556,0.09644486,-0.19468102,-0.03828602,15905445,6,611,0.014897869,897
6000062000054,25000600000603,6000062000062,6000062000000,25,3.575905,6000062000055,-1,6000062000053,6000062000054,-1,87,6.024597,6.024597,6.196728,26478,21.100502,31.85656,40.86232,202821,2,3,4,143.85768,21.48196,-75.44964,67.00118,123.65037,0.11431262,-0.13965149,-0.028629087,15905445,6,603,0.011173932,335
6000062000055,24000600000597,6000062000062,6000062000000,24,3.8656828,6000062000056,-1,6000062000054,6000062000055,-1,76,5.1639404,5.1639404,5.2500057,26478,21.042622,31.825926,40.893665,202821,2,3,4,137.26837,18.873861,-62.501328,68.432594,113.83355,-0.062156584,-0.07424978,0.00825056,15905444,6,597,0.011459406,632
6000062000056,23000600000576,6000062000062,6000062000000,23,4.1794686,6000062000057,-1,6000062000055,6000062000056,-1,68,4.5614805,4.5614805,4.6475463,26478,20.964272,31.811886,40.93277,202821,2,3,4,135.04944,24.243637,-61.47857,60.916195,106.7944,-0.009479553,-0.06946747,-0.054328334,15905444,6,576,0.012334746,990
6000062000057,22000600000585,6000062000062,6000062000000,22,4.5195556,6000062000058,-1,6000062000056,6000062000057,-1,58,3.7008238,3.6147583,3.7868896,26478,20.875435,31.82608,40.959385,202821,2,3,4,122.599236,29.807707,-53.341827,59.364647,101.10859,0.031462196,-0.05386077,0.019240761,17869397,6,585,0.011297638,783
6000062000058,21000600000482,6000062000062,6000062000000,21,4.888449,6000062000059,-1,6000062000057,6000062000058,-1,55,4.0450864,4.0450864,4.131152,26478,20.843954,31.802893,40.979237,202821,2,3,4,119.76537,28.718483,-50.888065,65.690765,109.70506,0.040660996,0.043797996,-0.057234738,15905403,6,482,0.008671323,490
6000062000059,20000600000382,6000062000062,6000062000000,20,5.2888336,6000062000060,-1,6000062000058,6000062000059,-1,53,3.7868896,3.7868896,3.8729553,26478,20.783096,31.79538,41.007946,202821,2,3,4,114.81036,30.578863,-47.668587,65.37322,110.00337,0.046699967,-0.04276519,0.024165113,15905439,6,382,0.009514072,453
6000062000060,19000600000380,6000062000062,6000062000000,19,5.7238646,6000062000061,-1,6000062000059,6000062000060,-1,44,3.442627,3.442627,3.7008238,26477,20.713934,31.773361,41.020885,202849,2,3,4,106.483444,34.706245,-51.993538,69.351875,118.81594,0.036614347,-0.10634355,0.08072596,15905403,6,380,0.0075448616,145
6000062000061,18000600000400,6000062000062,6000062000000,18,6.1968336,6000062000062,-1,6000062000060,6000062000061,-1,33,2.4959044,2.4959044,2.6680357,26477,20.650616,31.768293,41.0587,202849,2,3,4,112.32847,27.955063,-56.71083,70.67573,122.59543,0.053402025,-0.14540896,0.10978778,15905403,6,400,0.0041866847,653
6000062000062,17000600000288,6000062000062,6000062000000,17,6.7115865,-1,-1,6000062000061,6000062000062,-1,32,1.549182,1.549182,1.6352477,26477,20.610485,31.749754,41.06896,202849,2,3,4,107.97895,26.336575,-52.82395,59.19759,100.7375,0.065559916,-0.16203712,0.10939311,15905403,6,288,0.0067943577,398
6000062000063,31000600000160,6000062000078,6000062000000,31,2.2394855,6000062000064,6000062000079,6000062000031,6000062000032,6000062000079,566,0.0,0.0,0.0,26473,21.627853,31.538927,40.726067,202828,2,3,4,82.464645,114.48773,-123.5743,115.54412,171.5095,-0.021672096,-0.03553043,0.52397287,15905142,6,160,0.037253592,775
6000062000064,30000600000240,6000062000078,6000062000000,30,2.422044,6000062000065,-1,6000062000063,6000062000064,-1,439,38.815617,37.696762,39.59021,26473,21.578493,31.509596,40.81072,202828,2,3,4,71.12487,116.08122,-129.5986,120.13332,184.15604,-0.99187225,-0.23096395,0.37477568,17844331,6,240,0.0258504,852
6000062000065,29000600000219,6000062000078,6000062000000,29,2.6188614,6000062000066,-1,6000062000064,6000062000065,6000062000080,356,28.918066,28.573803,29.520525,26473,21.53901,31.487915,40.87519,202828,2,3,4,75.40659,91.77092,-138.90427,109.31996,166.52104,-0.76774985,-0.3502543,0.55808103,17869498,6,219,0.0250743,325
6000062000066,28000600000227,6000062000078,6000062000000,28,2.8311827,6000062000067,-1,6000062000065,6000062000081,-1,242,0.0,0.0,0.0,26478,21.469563,31.461143,40.925983,202821,2,3,4,80.8598,61.186752,-155.48712,96.211266,145.91386,-0.16387989,-0.37662983,0.67920214,17869561,6,227,0.021370117,323
6000062000067,27000600000432,6000062000078,6000062000000,27,3.060419,6000062000068,-1,6000062000066,6000062000067,-1,157,10.93034,10.241815,11.704931,26478,21.445333,31.414167,41.012825,202821,2,3,4,58.766712,43.99321,-146.26157,77.91462,122.49789,0.20385662,-0.26863664,0.13846411,17869507,6,432,0.021070706,369
6000062000068,26000600000879,6000062000072,6000062000000,26,3.3080978,6000062000069,6000062000073,6000062000067,6000062000068,-1,61,4.3032837,4.3032837,4.5614805,26477,21.408916,31.34819,41.082188,202849,2,3,4,96.473946,84.014465,-140.00356,64.10964,100.77793,-0.09435,-0.096124545,-0.009453307,17869571,6,879,0.011727952,394
6000062000069,25000600001059,6000062000072,6000062000000,25,3.575905,6000062000070,-1,6000062000068,6000062000069,-1,52,3.7008238,3.7008238,3.8729553,26477,21.341238,31.29412,41.12991,202849,2,3,4,101.22335,72.83806,-131.44395,58.710934,97.4583,9.4656646E-4,-0.12402957,0.04247602,17869472,6,1059,0.011151118,128
6000062000070,24000600001736,6000062000072,6000062000000,24,3.8656828,6000062000071,-1,6000062000069,6000062000070,-1,29,2.6680357,2.6680357,2.7541015,29748,21.286945,31.238066,41.189934,146675,2,3,4,102.17723,71.101036,-112.62259,52.32789,88.40194,-0.09173016,-0.15501718,0.1512507,17869472,6,1736,0.008759876,394
6000062000071,23000600001354,6000062000072,6000062000000,23,4.1794686,6000062000072,-1,6000062000070,6000062000071,-1,33,0.86065674,0.86065674,0.9467224,29748,21.226952,31.229795,41.29473,146675,2,3,4,93.27331,71.473206,-118.0572,43.439007,71.93414,-0.07104097,-0.11495379,0.09495547,17869560,6,1354,0.0134312585,52
6000062000072,22000600001807,6000062000072,6000062000000,22,4.5195556,-1,-1,6000062000071,6000062000072,-1,22,0.0,0.0,0.0,29748,21.185455,31.154598,41.3854,146675,2,3,4,65.006195,67.86729,-129.14009,35.031326,58.720673,-0.07039151,0.05445133,0.0939773,17869563,6,1807,0.013838736,833
6000062000073,26000600002268,6000062000075,6000062000000,26,3.3080978,6000062000074,6000062000076,6000062000067,6000062000073,-1,27,1.7213135,1.7213135,1.8073791,26477,21.332619,31.524126,41.24375,202849,2,3,4,89.24727,-3.431028,-188.58086,43.012913,77.41398,0.0897072,-0.0027352981,-0.037438598,15905105,6,2268,0.011783121,488
6000062000074,25000600002338,6000062000075,6000062000000,25,3.575905,6000062000075,-1,6000062000073,6000062000074,-1,25,2.065576,2.065576,2.065576,26477,21.322414,31.509289,41.37612,202849,2,3,4,93.13299,4.618095,-175.45041,45.69828,78.92037,0.026778087,-0.0019351427,0.036602955,17869549,6,2338,0.009493065,155
6000062000075,24000600002150,6000062000075,6000062000000,24,3.8656828,-1,-1,6000062000074,6000062000075,-1,24,1.2049193,1.2049193,1.3770508,26477,21.269814,31.49281,41.469223,202849,2,3,4,88.234985,9.144047,-161.46594,48.756866,86.87093,0.0035843535,-0.033849962,0.045936074,17869541,6,2150,0.011192891,841
6000062000076,26000600001435,6000062000078,6000062000000,26,3.3080978,6000062000077,-1,6000062000067,6000062000076,-1,39,1.9795104,1.9795104,1.9795104,26477,21.465103,31.450272,41.129387,202849,2,3,4,-26.110128,0.8391255,-125.51129,51.123528,92.12855,0.10129261,-0.1824781,0.10039482,15905142,6,1435,0.011542861,757
6000062000077,25000600001412,6000062000078,6000062000000,25,3.575905,6000062000078,-1,6000062000076,6000062000077,-1,38,1.7213135,1.7213135,1.7213135,26477,21.478083,31.440191,41.19914,202849,2,3,4,-10.409499,7.6831145,-122.016365,40.94892,73.79184,0.014251976,-0.1312717,0.03273207,15905142,6,1412,0.013595126,31
6000062000078,24000600002316,6000062000078,6000062000000,24,3.8656828,-1,-1,6000062000077,6000062000078,-1,22,0.516394,0.516394,0.516394,26474,21.485367,31.440538,41.280243,202856,2,3,4,17.383821,9.042166,-127.598145,35.093815,59.79687,-0.021544896,-0.060531642,0.0105348965,15905142,6,2316,0.015201935,103
6000062000079,31000600000162,6000062000091,6000062000000,31,2.2394855,6000062000080,-1,6000062000031,6000062000032,-1,35,0.0,0.0,0.0,26473,21.624094,31.665571,40.732773,202828,2,3,4,89.250496,152.43636,-155.38356,59.245472,86.70369,-0.07392636,-0.01631485,-0.061915576,17869197,6,162,0.00907795,8
6000062000080,29000600000220,6000062000091,6000062000000,29,2.6188614,6000062000081,-1,6000062000079,6000062000065,-1,41,0.0,0.0,0.0,26473,21.517534,31.35458,40.85986,202828,2,3,4,89.19488,221.5226,-49.769608,61.979015,105.6264,-0.08979042,0.0099166455,0.035746,17869279,6,220,0.007630058,787
6000062000081,28000600000228,6000062000091,6000062000000,28,2.8311827,6000062000082,-1,6000062000080,6000062000081,6000062000066,74,17.47133,17.041002,17.901659,26478,21.471714,31.262554,40.90388,202821,2,3,4,91.85901,172.99176,-43.65426,58.20479,104.2756,0.04403475,-0.08106324,-9.856382E-4,17869195,6,228,0.0141462665,21
6000062000082,27000600000791,6000062000091,6000062000000,27,3.060419,6000062000083,-1,6000062000081,6000062000082,-1,90,7.3155823,7.3155823,7.573779,29751,21.42309,31.18385,40.927544,146647,2,3,4,86.98874,145.10684,-52.07853,75.856995,120.45676,0.14844447,-0.17503999,-0.052526888,17869277,6,791,0.012887865,263
6000062000083,26000700000717,6000062000091,6000062000000,26,3.3080978,6000062000084,-1,6000062000082,6000062000083,-1,85,7.4016476,7.2295165,7.659845,29751,21.372932,31.079334,40.956375,146647,2,3,4,79.84776,125.90484,-56.154232,71.41641,118.79387,0.16146944,-0.14593922,-0.06569168,17869197,7,717,0.011989964,438
6000062000084,25000700000688,6000062000091,6000062000000,25,3.575905,6000062000085,-1,6000062000083,6000062000084,-1,79,5.9385314,5.9385314,6.1106625,29751,21.32339,30.998611,40.976448,146647,2,3,4,86.469696,121.351494,-57.43406,64.22422,115.37091,0.061985355,-0.20334157,-0.056862492,17869279,7,688,0.0118113505,910
6000062000085,24000700000827,6000062000091,6000062000000,24,3.8656828,6000062000086,-1,6000062000084,6000062000085,-1,59,4.991809,4.991809,5.0778747,29748,21.273384,30.928349,41.036243,146675,2,3,4,93.474846,116.31445,-71.07088,67.92103,116.47892,-0.024994498,-0.1268394,-0.10120268,17869277,7,827,0.009503711,911
6000062000086,23000700000736,6000062000091,6000062000000,23,4.1794686,6000062000087,-1,6000062000085,6000062000086,-1,56,3.7868896,3.7868896,3.9590209,29748,21.205385,30.85702,41.082203,146675,2,3,4,87.04289,105.25797,-70.45287,61.696686,105.756744,-0.08948011,-0.05900474,-0.0127503155,17869190,7,736,0.010364914,538
6000062000087,22000700000685,6000062000091,6000062000000,22,4.5195556,6000062000088,-1,6000062000086,6000062000087,-1,52,2.6680357,2.6680357,2.7541015,29748,21.13279,30.767424,41.093876,146675,2,3,4,81.920364,92.98073,-69.56035,55.1963,91.10054,-0.052211706,-0.05030614,-0.008982526,17869197,7,685,0.012536786,413
6000062000088,21000700000667,6000062000091,6000062000000,21,4.888449,6000062000089,-1,6000062000087,6000062000088,-1,44,1.8934448,1.8934448,1.8934448,29748,21.081347,30.727522,41.13649,146675,2,3,4,76.2055,96.02326,-65.42345,48.616417,88.13466,0.03203303,-0.1343334,-0.05324073,17869197,7,667,0.012471361,858
6000062000089,20000700001134,6000062000091,6000062000000,20,5.2888336,6000062000090,-1,6000062000088,6000062000089,-1,23,1.7213135,1.7213135,1.7213135,29748,21.045765,30.714405,41.17781,146675,2,3,4,77.744545,87.739746,-55.123734,46.84297,85.54862,0.024471205,-0.053019766,0.010825917,17869344,7,1134,0.007849229,561
6000062000090,19000700000926,6000062000091,6000062000000,19,5.7238646,6000062000091,-1,6000062000089,6000062000090,-1,23,1.4631164,1.3770508,1.4631164,29748,21.025906,30.687355,41.188675,146675,2,3,4,72.8492,77.107376,-54.59422,52.0345,84.494896,0.021931589,-0.039031766,-0.03745616,17869197,7,926,0.008218536,937
6000062000091,18000700000837,6000062000091,6000062000000,18,6.1968336,-1,-1,6000062000090,6000062000091,-1,20,1.1188537,1.1188537,1.1188537,29748,20.967999,30.611448,41.228107,146675,2,3,4,55.774837,70.23571,-58.8829,46.824093,84.57445,0.046874333,-0.07471426,0.02248272,17869190,7,837,0.0059307087,365
6000062000092,32000600000170,6000062000092,6000062000000,32,2.0700274,-1,-1,6000062000030,6000062000031,-1,54,0.0,0.0,0.0,26473,21.662949,31.645151,40.6657,202828,2,3,4,67.154175,210.83228,-162.15625,76.55864,113.580154,-0.19432256,-0.048052493,-0.067799926,17869432,6,170,0.008954153,262
6000062000093,37000600000203,6000062000107,6000062000000,37,1.3857181,6000062000094,-1,6000062000025,6000062000026,-1,29,0.0,0.0,0.0,26473,21.981483,31.922565,40.29513,202828,2,3,4,307.012,-50.084747,-263.69647,59.846294,83.05876,0.013954885,-0.16991232,0.095429346,17844451,6,203,0.011068749,41
6000062000094,35000600001326,6000062000107,6000062000000,35,1.6302707,6000062000095,-1,6000062000093,6000062000094,-1,69,5.594269,4.5614805,5.594269,26473,21.647814,31.842815,40.68671,202828,2,3,4,188.28319,105.66473,-322.322,45.826725,75.80449,0.005272935,-0.05631664,-0.008051703,17844411,6,1326,0.029115848,889
6000062000095,34000600001469,6000062000107,6000062000000,34,1.766336,6000062000096,-1,6000062000094,6000062000095,-1,67,4.217218,3.9590209,4.3032837,26473,21.585552,31.852325,40.86807,202828,2,3,4,155.84418,108.3718,-280.81644,51.478634,84.77685,0.07833079,-0.03375991,0.020098852,17844821,6,1469,0.024347318,324
6000062000096,33000600001489,6000062000107,6000062000000,33,1.9126327,6000062000097,-1,6000062000095,6000062000096,-1,64,4.3893495,4.217218,4.4754148,26473,21.504375,31.785084,41.014908,202828,2,3,4,135.26741,111.66476,-252.3922,50.171642,86.00777,0.12957685,-0.068283185,0.002130212,17844824,6,1489,0.021037731,496
6000062000097,32000600001702,6000062000107,6000062000000,32,2.0700274,6000062000098,-1,6000062000096,6000062000097,-1,52,4.0450864,3.5286925,4.0450864,26477,21.44956,31.699982,41.187477,202849,2,3,4,119.99777,97.48076,-234.04567,46.348076,75.97062,0.42055595,-0.1020004,0.0024984863,17844824,6,1702,0.020325225,993
6000062000098,31000600001627,6000062000107,6000062000000,31,2.2394855,6000062000099,-1,6000062000097,6000062000098,-1,54,2.1516418,1.9795104,2.3237731,26477,21.355408,31.597073,41.278767,202849,2,3,4,109.83872,95.27005,-219.2247,41.57562,66.78021,0.39871454,-0.07717325,0.064092316,17844872,6,1627,0.025293615,742
6000062000099,30000600003327,6000062000103,6000062000000,30,2.422044,6000062000100,6000062000104,6000062000098,6000062000099,-1,24,1.9795104,1.9795104,1.9795104,26477,21.279255,31.50232,41.387085,202849,2,3,4,114.82372,133.62447,-210.48615,35.710148,70.390495,-0.050525576,-0.017156528,0.0152830435,17844818,6,3327,0.012385842,266
6000062000100,29000600003089,6000062000103,6000062000000,29,2.6188614,6000062000101,-1,6000062000099,6000062000100,-1,25,2.065576,1.9795104,2.065576,26477,21.221195,31.431694,41.509556,202849,2,3,4,108.71794,124.63897,-201.01292,46.719604,84.05068,-0.057858966,0.014962353,-0.042902686,17844817,6,3089,0.00757028,484
6000062000101,28000600002935,6000062000103,6000062000000,28,2.8311827,6000062000102,-1,6000062000100,6000062000101,-1,25,2.1516418,2.1516418,2.1516418,26477,21.14997,31.36233,41.633896,202849,2,3,4,103.69316,115.47526,-190.47687,43.134777,76.33206,-0.089953914,-0.012449165,-0.021332033,17844818,6,2935,0.008708761,474
6000062000102,27000600002539,6000062000103,6000062000000,27,3.060419,6000062000103,-1,6000062000101,6000062000102,-1,27,1.6352477,1.6352477,1.6352477,26477,21.067297,31.29061,41.73743,202849,2,3,4,98.119286,113.63382,-186.05295,39.53793,67.51726,-0.08160699,0.05692968,0.0589203,17844817,6,2539,0.012902516,981
6000062000103,26000600002589,6000062000103,6000062000000,26,3.3080978,-1,-1,6000062000102,6000062000103,-1,25,1.2909851,1.2909851,1.4631164,29748,21.052704,31.225956,41.814514,146675,2,3,4,88.01572,103.46257,-178.8214,37.231552,68.153015,-0.03420662,0.056856785,0.03937993,17844434,6,2589,0.010359603,752
6000062000104,30000600002816,6000062000107,6000062000000,30,2.422044,6000062000105,-1,6000062000098,6000062000104,-1,28,2.1516418,1.9795104,2.1516418,26477,21.325912,31.652594,41.461754,202849,2,3,4,94.07254,57.896168,-208.25847,39.688763,66.6687,0.0904837,0.08211712,0.084722556,17844411,6,2816,0.015023218,61
6000062000105,29000600003088,6000062000107,6000062000000,29,2.6188614,6000062000106,-1,6000062000104,6000062000105,-1,25,1.8934448,1.8934448,1.8934448,26477,21.299345,31.613958,41.563797,202849,2,3,4,85.81094,58.55739,-195.0721,43.748096,76.588425,0.09197096,0.07066396,0.037815645,17844411,6,3088,0.008832487,957
6000062000106,28000600003050,6000062000107,6000062000000,28,2.8311827,6000062000107,-1,6000062000105,6000062000106,-1,24,2.065576,2.065576,2.065576,26477,21.224588,31.57209,41.659904,202849,2,3,4,81.86602,59.316525,-186.86862,45.08423,74.26109,0.06598792,0.026869187,0.04493523,17844387,6,3050,0.0108381165,333
6000062000107,27000600002980,6000062000107,6000062000000,27,3.060419,-1,-1,6000062000106,6000062000107,-1,23,1.032788,1.032788,1.032788,26477,21.207243,31.533598,41.752697,202849,2,3,4,80.58684,62.507812,-175.78139,37.220333,59.046364,0.090619326,0.06506402,0.006654464,17844441,6,2980,0.013166649,374
6000062000108,38000600000199,6000062000122,6000062000000,38,1.2758462,6000062000109,-1,6000062000024,6000062000025,6000062000124,39,0.0,0.0,0.0,26473,22.007448,32.29044,40.28533,202830,2,3,4,118.58624,-124.31939,21.652792,39.54604,74.078705,-0.023388764,0.056302372,0.091122545,15905688,6,199,0.014057498,529
6000062000109,37000600001854,6000062000122,6000062000000,37,1.3857181,6000062000110,-1,6000062000108,6000062000109,-1,47,4.4754148,4.217218,4.4754148,26473,21.92855,32.337765,40.270214,202830,2,3,4,127.25349,-80.715004,-3.2881074,42.90273,79.09544,0.18951572,0.17023262,0.027748598,15905624,6,1854,0.01810035,966
6000062000110,36000600001702,6000062000122,6000062000000,36,1.5036365,6000062000111,-1,6000062000109,6000062000110,-1,52,3.9590209,3.18443,3.9590209,26473,21.841965,32.3632,40.278896,202830,2,3,4,126.78535,-54.2751,-15.854105,39.072166,69.27468,0.18027538,0.17360424,0.18658093,15905624,6,1702,0.022101598,529
6000062000111,35000600001797,6000062000122,6000062000000,35,1.6302707,6000062000112,-1,6000062000110,6000062000111,-1,44,2.6680357,2.5819702,2.6680357,26473,21.773203,32.38755,40.2713,202830,2,3,4,125.52472,-38.5808,-24.035486,38.722164,70.677444,0.19605209,0.17084102,0.05313364,15905624,6,1797,0.020141076,861
6000062000112,34000600002674,6000062000122,6000062000000,34,1.766336,6000062000113,-1,6000062000111,6000062000112,-1,32,2.6680357,2.5819702,2.7541015,26473,21.721334,32.41938,40.28809,202830,2,3,4,120.89685,-21.933147,-30.18656,38.00007,69.47606,0.13524152,0.11752501,-0.008722757,15905688,6,2674,0.014109892,23
6000062000113,33000600002084,6000062000122,6000062000000,33,1.9126327,6000062000114,-1,6000062000112,6000062000113,-1,43,1.9795104,1.9795104,1.9795104,26473,21.659569,32.437435,40.293175,202830,2,3,4,119.47108,-14.060752,-33.57449,37.424152,68.83391,0.061614495,0.20302732,-0.09873625,15905691,6,2084,0.018833933,79
6000062000114,32000600001946,6000062000122,6000062000000,32,2.0700274,6000062000115,-1,6000062000113,6000062000114,-1,42,2.1516418,1.9795104,2.2377074,26473,21.589962,32.452137,40.30179,202830,2,3,4,119.49185,-7.013981,-41.027687,36.70135,63.40726,0.033393454,0.15148054,0.0028055976,15905464,6,1946,0.020563202,297
6000062000115,31000600002132,6000062000122,6000062000000,31,2.2394855,6000062000116,-1,6000062000114,6000062000115,-1,35,1.549182,1.549182,1.549182,26473,21.532757,32.463326,40.32685,202830,2,3,4,114.79415,-5.4260745,-42.894142,36.728184,71.28779,0.028302802,0.15360306,0.06447522,15905688,6,2132,0.017027348,168
6000062000116,30000600003546,6000062000122,6000062000000,30,2.422044,6000062000117,-1,6000062000115,6000062000116,-1,21,1.549182,1.549182,1.549182,26478,21.469795,32.475883,40.362476,202823,2,3,4,100.76652,-2.918825,-41.560863,36.513542,68.303856,0.002672568,-0.034751322,-0.0649387,15905688,6,3546,0.010815629,734
6000062000117,29000600003653,6000062000122,6000062000000,29,2.6188614,6000062000118,-1,6000062000116,6000062000117,-1,20,1.4631164,1.3770508,1.4631164,26478,21.386957,32.463562,40.401352,202823,2,3,4,101.45396,3.2529268,-42.760056,38.054676,63.513103,0.009054193,-0.044860728,-0.09761197,15905495,6,3653,0.012592819,1
6000062000118,28000600003240,6000062000122,6000062000000,28,2.8311827,6000062000119,-1,6000062000117,6000062000118,-1,21,1.1188537,1.032788,1.2909851,26478,21.355457,32.4384,40.428413,202823,2,3,4,101.40518,8.467008,-45.17582,34.009457,63.87848,-0.009291938,0.0034995154,-0.07883663,15905621,6,3240,0.012364303,73
6000062000119,27000600002903,6000062000122,6000062000000,27,3.060419,6000062000120,-1,6000062000118,6000062000119,-1,21,1.032788,1.032788,1.1188537,26478,21.310112,32.42834,40.43424,202823,2,3,4,106.2621,2.4596388,-47.32999,32.380558,58.807087,0.030890824,0.054642394,0.06752483,15905495,6,2903,0.013019652,670
6000062000120,26000600002439,6000062000122,6000062000000,26,3.3080978,6000062000121,-1,6000062000119,6000062000120,-1,24,0.86065674,0.86065674,0.86065674,26478,21.261269,32.44501,40.461643,202823,2,3,4,99.59452,16.881584,-40.444344,34.2461,58.502846,0.055766508,0.054555852,0.03014841,15905589,6,2439,0.015765734,571
6000062000121,25000600002634,6000062000122,6000062000000,25,3.575905,6000062000122,-1,6000062000120,6000062000121,-1,21,0.86065674,0.86065674,0.86065674,26478,21.198196,32.461914,40.49458,202823,2,3,4,100.179504,19.708553,-37.899685,36.628418,59.31179,0.017991245,0.06757004,-0.04068188,15905495,6,2634,0.012960029,81
6000062000122,24000600001904,6000062000122,6000062000000,24,3.8656828,-1,-1,6000062000121,6000062000122,-1,26,0.0,0.0,0.0,26478,21.132046,32.47569,40.524006,202823,2,3,4,86.08404,16.785719,-37.935883,36.210655,54.25296,-0.084241524,0.093570806,0.15784244,15905589,6,1904,0.01864022,579
6000062000123,39000600000220,6000062000139,6000062000000,39,1.173417,6000062000124,-1,6000062000023,6000062000024,-1,21,0.0,0.0,0.0,26473,22.083773,32.18659,40.376076,202828,2,3,4,127.70323,-44.261024,-114.145615,36.18956,59.712654,-0.03413684,0.045429762,-0.0024169972,17844916,6,220,0.011419046,863
6000062000124,38000600000200,6000062000139,6000062000000,38,1.2758462,6000062000125,-1,6000062000123,6000062000025,-1,30,0.0,0.0,0.0,26473,22.006895,32.17715,40.41538,202828,2,3,4,160.90901,37.53749,-35.399998,42.381443,69.56632,-0.054727037,-0.044630308,0.062444463,17844916,6,200,0.013032428,676
6000062000125,37000600000202,6000062000139,6000062000000,37,1.3857181,6000062000126,-1,6000062000124,6000062000026,6000062000093,38,0.0,0.0,0.0,26473,21.896568,32.117714,40.413677,202828,2,3,4,178.99135,124.74504,-6.19216,47.068466,77.31108,-0.10648813,-0.023003042,-0.06552735,17869622,6,202,0.01389565,699
6000062000126,35000600000178,6000062000139,6000062000000,35,1.6302707,6000062000127,-1,6000062000125,6000062000028,-1,28,0.0,0.0,0.0,26473,21.769363,31.823975,40.453682,202828,2,3,4,3.8268948,391.82788,-89.132576,50.98896,89.270134,-0.029942574,0.0218637,0.04906958,17844918,6,178,0.0086604925,821
6000062000127,34000600000165,6000062000139,6000062000000,34,1.766336,6000062000128,-1,6000062000126,6000062000029,-1,22,0.0,0.0,0.0,26473,21.825855,31.61943,40.545692,202828,2,3,4,-148.97932,260.57996,-212.82579,50.403694,81.696754,0.038496,-0.08281794,-0.024391338,17844918,6,165,0.0070183296,722
6000062000128,33000600000177,6000062000139,6000062000000,33,1.9126327,6000062000129,-1,6000062000127,6000062000030,-1,60,0.0,0.0,0.0,26473,21.897858,31.511856,40.646828,202828,2,3,4,-80.93381,162.3082,-224.3612,52.72707,88.81525,-0.08272385,-0.05791112,0.22856149,17869863,6,177,0.016216684,232
6000062000129,32000600001002,6000062000139,6000062000000,32,2.0700274,6000062000130,-1,6000062000128,6000062000129,-1,95,7.4877133,7.1434507,7.573779,26473,21.925734,31.431929,40.78485,202828,2,3,4,-53.281994,131.6623,-205.83607,57.091286,96.62525,-0.14725666,-0.08088824,0.40974066,17869673,6,1002,0.021150004,644
6000062000130,31000600000865,6000062000139,6000062000000,31,2.2394855,6000062000131,-1,6000062000129,6000062000130,-1,113,7.3155823,7.1434507,7.4877133,26473,21.960546,31.348425,40.904728,202828,2,3,4,-33.135616,121.37211,-193.79486,61.31777,101.85031,-0.13500729,-0.13852464,0.30411503,17869651,6,865,0.022592563,575
6000062000131,30000600000882,6000062000139,6000062000000,30,2.422044,6000062000132,-1,6000062000130,6000062000131,-1,101,8.004107,7.831976,8.090173,26474,21.972584,31.293612,41.028053,202856,2,3,4,-18.099016,112.70373,-181.2592,60.59573,103.91574,-0.08198889,-0.24060059,0.32415935,17869621,6,882,0.0203717,857
6000062000132,29000600000881,6000062000139,6000062000000,29,2.6188614,6000062000133,-1,6000062000131,6000062000132,-1,93,7.1434507,7.1434507,7.2295165,26474,21.95307,31.25531,41.13062,202856,2,3,4,-10.048255,109.18042,-171.3273,65.41628,105.11212,-0.014933626,-0.24023469,0.3196721,17869635,6,881,0.016508488,771
6000062000133,28000600000947,6000062000139,6000062000000,28,2.8311827,6000062000134,-1,6000062000132,6000062000133,-1,80,6.1106625,5.9385314,6.282794,29749,21.939684,31.195322,41.213905,146682,2,3,4,-5.9557867,92.354225,-164.92435,61.46005,101.0931,-0.03234672,-0.29690054,0.2631079,17869641,6,947,0.01648316,163
6000062000134,27000600000981,6000062000139,6000062000000,27,3.060419,6000062000135,-1,6000062000133,6000062000134,-1,71,2.4959044,2.4959044,3.098364,29749,21.922197,31.198807,41.31843,146682,2,3,4,0.5134327,88.30793,-155.74892,54.65194,86.153824,-0.03440959,-0.16443644,0.21877779,17869649,6,981,0.021256493,717
6000062000135,26000700001066,6000062000139,6000062000000,26,3.3080978,6000062000136,-1,6000062000134,6000062000135,-1,60,4.0450864,3.8729553,4.0450864,29749,21.940504,31.13797,41.38185,146682,2,3,4,4.5956163,75.78726,-146.23535,60.275894,99.24301,-0.15380476,-0.20746954,0.12808052,17869621,7,1066,0.012506788,192
6000062000136,25000700001294,6000062000139,6000062000000,25,3.575905,6000062000137,-1,6000062000135,6000062000136,-1,44,3.7868896,3.7868896,3.7868896,29749,21.950527,31.085564,41.460247,146682,2,3,4,1.9246154,65.86144,-138.31622,61.632988,98.68716,-0.038173623,-0.11539081,-0.018865947,17869621,7,1294,0.009911509,61
6000062000137,24000700001223,6000062000139,6000062000000,24,3.8656828,6000062000138,-1,6000062000136,6000062000137,-1,42,1.8934448,1.8934448,2.4098387,29749,21.987638,31.029442,41.54946,146682,2,3,4,9.210151,66.49401,-131.20824,53.36116,84.487114,-0.022411387,-0.082394086,0.003318788,17869650,7,1223,0.013698761,274
6000062000138,23000700002031,6000062000139,6000062000000,23,4.1794686,6000062000139,-1,6000062000137,6000062000138,-1,23,1.8934448,1.8073791,1.8934448,29749,21.993088,30.975637,41.597164,146682,2,3,4,-10.001228,65.08681,-114.03078,45.639366,79.081245,0.025092695,0.100098506,0.043664146,17869647,7,2031,0.008557803,628
6000062000139,21000700001500,6000062000139,6000062000000,21,4.888449,-1,-1,6000062000138,6000062000139,-1,23,1.2909851,1.2909851,1.2909851,29749,21.99254,30.906693,41.70978,146682,2,3,4,10.288108,70.93973,-124.296295,38.7046,78.07006,0.0014003058,-0.07280407,-0.006422302,17869865,7,1500,0.007287559,939
6000062000140,49000600000278,6000062000157,6000062000000,49,0.45657724,6000062000141,6000062000158,6000062000013,6000062000014,-1,21,0.0,0.0,0.0,26473,22.4129,32.52572,39.835846,202826,2,3,4,284.42206,-12.368962,-305.12708,36.666847,66.695496,-0.017789904,-0.03534604,-0.18649043,15889223,6,278,0.00988318,301
6000062000141,48000600000275,6000062000157,6000062000000,48,0.5085914,6000062000142,-1,6000062000140,6000062000015,-1,25,0.0,0.0,0.0,26473,22.312378,32.52201,39.9471,202826,2,3,4,247.52626,0.9992692,-256.64905,26.864105,56.236546,-0.03507838,-0.008294678,-0.15002552,15889127,6,275,0.018120153,641
6000062000142,47000600000275,6000062000157,6000062000000,47,0.5641766,6000062000143,-1,6000062000141,6000062000016,-1,38,0.0,0.0,0.0,26473,22.2131,32.51833,40.056347,202830,2,3,4,236.09335,15.497957,-233.40343,29.459787,56.901707,0.0051991576,-0.12967242,0.059942283,15889127,6,275,0.028707465,228
6000062000143,46000600001156,6000062000157,6000062000000,46,0.6235901,6000062000144,-1,6000062000142,6000062000143,-1,59,3.2704954,2.2377074,3.18443,26473,22.109312,32.519714,40.144806,202830,2,3,4,202.97453,20.430176,-220.14299,36.600975,59.405357,-0.6320488,-0.47829837,0.32678285,15889118,6,1156,0.04174976,443
6000062000144,45000600001503,6000062000157,6000062000000,45,0.6871088,6000062000145,-1,6000062000143,6000062000144,6000062000161,27,3.18443,2.3237731,2.9262328,26473,22.00812,32.51737,40.233047,202830,2,3,4,198.51607,19.810566,-198.6005,33.620228,59.624203,-0.1137313,0.010525087,-0.1201463,15889127,6,1503,0.015166934,233
6000062000145,44000600001491,6000062000157,6000062000000,44,0.75503564,6000062000146,-1,6000062000144,6000062000145,6000062000162,42,2.7541015,2.2377074,2.7541015,26473,21.927002,32.524162,40.32662,202830,2,3,4,184.27364,16.808939,-196.14279,28.581453,53.191204,-0.055036932,0.113970846,-0.07111669,15889123,6,1491,0.029839966,386
6000062000146,43000600002247,6000062000157,6000062000000,43,0.8276991,6000062000147,-1,6000062000145,6000062000146,-1,40,2.1516418,1.9795104,2.065576,26473,21.85013,32.512318,40.413567,202830,2,3,4,169.53717,20.340698,-190.84229,27.74322,54.08105,-0.051131982,0.043285802,0.016083553,15889223,6,2247,0.028649101,138
6000062000147,42000600002340,6000062000157,6000062000000,42,0.9054624,6000062000148,-1,6000062000146,6000062000147,-1,39,1.9795104,1.8934448,1.9795104,26473,21.784018,32.495556,40.50777,202830,2,3,4,162.30211,22.341185,-189.92131,27.389086,53.900402,-0.024778072,-0.013461242,0.0723069,15889114,6,2340,0.028131371,674
6000062000148,41000600002492,6000062000157,6000062000000,41,0.98870814,6000062000149,-1,6000062000147,6000062000148,-1,36,2.065576,1.2909851,2.065576,26473,21.656319,32.472042,40.612957,202830,2,3,4,150.91083,23.73504,-184.84308,27.900808,51.8832,0.017435282,0.01704073,0.004599146,15889123,6,2492,0.03204674,708
6000062000149,40000600002493,6000062000157,6000062000000,40,1.0778745,6000062000150,-1,6000062000148,6000062000149,-1,36,2.065576,1.8073791,1.8073791,26473,21.610529,32.4454,40.69865,202830,2,3,4,142.1028,28.459269,-181.96542,28.172657,51.697227,0.00885807,-0.09250501,0.034940682,15889118,6,2493,0.026789043,873
6000062000150,39000600002348,6000062000157,6000062000000,39,1.173417,6000062000151,-1,6000062000149,6000062000150,-1,39,1.3770508,1.2049193,1.3770508,26473,21.550587,32.44047,40.786743,202830,2,3,4,134.21136,31.704517,-181.65587,29.56265,54.471863,0.16734262,-0.02120439,0.11633212,15889123,6,2348,0.03751282,629
6000062000151,38000600002037,6000062000157,6000062000000,38,1.2758462,6000062000152,-1,6000062000150,6000062000151,-1,43,0.774591,0.516394,0.774591,26478,21.456741,32.41055,40.87729,202823,2,3,4,122.03324,34.799015,-175.06586,29.566322,54.678818,0.08041463,0.029940095,0.10696523,15889118,6,2037,0.034080658,383
6000062000152,37000600001980,6000062000157,6000062000000,37,1.3857181,6000062000153,-1,6000062000151,6000062000152,-1,41,1.1188537,1.032788,1.1188537,26478,21.384909,32.383896,40.97072,202823,2,3,4,116.40621,34.2931,-172.49403,32.114334,55.375782,0.058474883,-0.017204503,0.055142473,15889118,6,1980,0.032315377,690
6000062000153,36000600001850,6000062000157,6000062000000,36,1.5036365,6000062000154,-1,6000062000152,6000062000153,-1,51,2.4959044,1.8934448,2.4959044,26477,21.296324,32.358128,41.0755,202851,2,3,4,107.07649,33.857277,-176.19875,36.74846,60.33828,0.07074665,0.030302308,0.06365435,15889114,6,1850,0.027767431,4
6000062000154,35000600002280,6000062000157,6000062000000,35,1.6302707,6000062000155,-1,6000062000153,6000062000154,-1,40,3.098364,2.4959044,3.18443,26477,21.21819,32.34572,41.198196,202851,2,3,4,99.92427,34.916965,-168.86613,43.15049,65.56024,-0.005664014,-0.0028198815,-0.013243326,15889123,6,2280,0.021819107,306
6000062000155,34000600002012,6000062000157,6000062000000,34,1.766336,6000062000156,-1,6000062000154,6000062000155,-1,43,3.7008238,3.5286925,3.7008238,26477,21.169321,32.34187,41.311234,202851,2,3,4,99.266624,37.85102,-167.40205,49.04308,72.72589,0.045696292,0.09989436,0.12911993,15889118,6,2012,0.017735401,737
6000062000156,33000600002171,6000062000157,6000062000000,33,1.9126327,6000062000157,-1,6000062000155,6000062000156,-1,39,2.9262328,2.9262328,3.0122986,26477,21.131521,32.33478,41.396687,202851,2,3,4,88.196976,38.86887,-164.87563,43.18059,70.402466,0.043541607,-0.020701114,0.034357663,15889123,6,2171,0.015916696,163
6000062000157,32000600003479,6000062000157,6000062000000,32,2.0700274,-1,-1,6000062000156,6000062000157,-1,23,1.3770508,1.3770508,1.4631164,26477,21.102413,32.31674,41.485973,202851,2,3,4,65.61652,37.144096,-163.40251,32.869167,57.126366,0.03235673,-0.0938445,0.20227957,15889123,6,3479,0.014400243,257
6000062000158,49000600000277,6000062000163,6000062000000,49,0.45657724,6000062000159,-1,6000062000013,6000062000014,6000062000140,22,0.0,0.0,0.0,26473,22.258656,32.669212,39.86851,202826,2,3,4,177.23456,15.5834675,-292.79825,24.493288,40.914898,0.018159281,-0.035302408,-0.044542298,15889099,6,277,0.027618656,384
6000062000159,48000600000274,6000062000163,6000062000000,48,0.5085914,6000062000160,-1,6000062000158,6000062000015,6000062000141,25,0.0,0.0,0.0,26473,22.170622,32.650818,39.97204,202826,2,3,4,150.67125,29.575981,-292.23978,28.774395,53.22329,-0.010371931,-0.08389372,-0.033659298,15889096,6,274,0.018793102,461
6000062000160,47000600003138,6000062000163,6000062000000,47,0.5641766,6000062000161,-1,6000062000159,6000062000160,-1,24,3.6147583,2.5819702,3.098364,26473,22.116154,32.640358,40.087097,202830,2,3,4,130.6529,42.935406,-283.81613,34.399982,52.3344,-0.06650353,-0.14188102,0.08508052,15889096,6,3138,0.018373938,259
6000062000161,45000600001502,6000062000163,6000062000000,45,0.6871088,6000062000162,-1,6000062000160,6000062000144,-1,27,0.0,0.0,0.0,26473,21.973372,32.582687,40.33936,202830,2,3,4,98.973045,71.427765,-270.86066,28.654335,47.54929,-0.035812378,-0.17965205,-0.0072923442,15889099,6,1502,0.026070366,453
6000062000162,44000600001492,6000062000163,6000062000000,44,0.75503564,6000062000163,-1,6000062000161,6000062000145,-1,24,0.0,0.0,0.0,26473,21.934885,32.55483,40.460052,202830,2,3,4,89.78976,76.03095,-259.94113,27.635666,47.56617,-0.13768895,-0.19563463,0.061861854,17844480,6,1492,0.029058313,248
6000062000163,43000600003487,6000062000163,6000062000000,43,0.8276991,-1,-1,6000062000162,6000062000163,-1,23,1.1188537,1.032788,1.1188537,26473,21.881416,32.522434,40.5751,202830,2,3,4,83.19661,81.60199,-250.1558,25.955215,51.050793,-0.07131593,-0.16305022,0.04950155,15889099,6,3487,0.026655948,958
6000062000164,56000600002252,6000062000164,6000062000000,56,0.17489761,-1,6000062000165,6000062000006,6000062000164,-1,21,1.6352477,1.4631164,1.549182,26473,22.429817,32.899445,39.6419,202826,2,3,4,110.07113,35.94201,-284.0821,28.943335,63.84554,-0.024192926,-0.17425802,-0.04874992,17843747,6,2252,0.022336556,53
6000062000165,56000600000317,6000062000176,6000062000000,56,0.17489761,6000062000166,6000062000177,6000062000006,6000062000007,-1,21,0.0,0.0,0.0,26473,22.733398,32.73478,39.610493,202827,2,3,4,192.89957,-22.798952,-322.0084,24.027472,52.50525,-0.095834136,0.11240588,-0.023560746,15908467,6,317,0.015077408,708
6000062000166,54000600000317,6000062000176,6000062000000,54,0.24246909,6000062000167,-1,6000062000165,6000062000009,-1,24,0.0,0.0,0.0,26473,22.609602,32.746998,39.798264,202827,2,3,4,186.88763,-5.918102,-268.70053,24.408426,51.71966,-0.0545069,0.017830448,-0.018875796,15908464,6,317,0.019937502,346
6000062000167,52000600002625,6000062000176,6000062000000,52,0.31970343,6000062000168,-1,6000062000166,6000062000167,-1,29,2.3237731,2.1516418,2.3237731,26473,22.471731,32.755962,39.966633,202827,2,3,4,182.50777,7.38943,-234.22762,28.91662,52.73156,0.006891913,0.14627035,-0.019977946,15905023,6,2625,0.021112537,195
6000062000168,51000600003108,6000062000176,6000062000000,51,0.36234027,6000062000169,-1,6000062000167,6000062000168,-1,26,2.4098387,2.1516418,2.2377074,26473,22.407455,32.748295,40.055958,202830,2,3,4,180.989,9.677063,-225.43042,31.315847,60.989697,-0.030652367,0.006676074,0.06699423,15908469,6,3108,0.013931086,136
6000062000169,50000600002093,6000062000176,6000062000000,50,0.40789944,6000062000170,-1,6000062000168,6000062000169,-1,29,2.6680357,1.8934448,2.4959044,26473,22.328241,32.743454,40.12877,202830,2,3,4,181.64056,15.60462,-215.70296,28.803411,53.55364,-0.03271907,0.09936778,-0.024128333,15908469,6,2093,0.020612225,930
6000062000170,49000600002523,6000062000176,6000062000000,49,0.45657724,6000062000171,-1,6000062000169,6000062000170,-1,30,2.840167,2.2377074,2.840167,26473,22.2528,32.73272,40.21926,202830,2,3,4,180.92406,18.227821,-210.56369,25.399757,49.078777,0.0038521718,0.046354823,-0.05165509,15908464,6,2523,0.026638763,703
6000062000171,48000600002668,6000062000176,6000062000000,48,0.5085914,6000062000172,-1,6000062000170,6000062000171,-1,29,2.840167,1.8934448,2.4959044,26473,22.167225,32.731285,40.306496,202830,2,3,4,180.88223,22.001766,-205.13477,27.303328,49.63208,0.022309007,0.014870771,-0.027583772,15908436,6,2668,0.024384027,845
6000062000172,47000600002759,6000062000176,6000062000000,47,0.5641766,6000062000173,-1,6000062000171,6000062000172,-1,29,2.3237731,2.065576,2.1516418,26473,22.09145,32.725986,40.403812,202830,2,3,4,177.89328,27.830761,-202.43095,28.360283,53.013252,-0.015609411,0.0022146194,-0.01722155,15908436,6,2759,0.025931422,264
6000062000173,46000600003153,6000062000176,6000062000000,46,0.6235901,6000062000174,-1,6000062000172,6000062000173,-1,27,2.2377074,1.9795104,2.1516418,26473,22.013792,32.70846,40.492558,202830,2,3,4,173.61697,31.041325,-193.06297,30.188593,57.86584,0.02763379,-0.07950614,-0.06257941,15908436,6,3153,0.02102418,325
6000062000174,45000600003117,6000062000176,6000062000000,45,0.6871088,6000062000175,-1,6000062000173,6000062000174,-1,26,2.065576,1.8073791,2.065576,26473,21.943083,32.686836,40.588844,202830,2,3,4,176.28476,32.44338,-189.08752,30.978048,56.23375,-0.0580704,-0.015148233,-0.13266675,15908407,6,3117,0.016387165,679
6000062000175,44000600003412,6000062000176,6000062000000,44,0.75503564,6000062000176,-1,6000062000174,6000062000175,-1,23,1.8934448,1.7213135,1.8934448,26473,21.869265,32.686993,40.67694,202830,2,3,4,170.58081,37.23583,-181.88185,32.21325,58.837708,-0.08318391,-0.044664536,-0.010774992,15908407,6,3412,0.015551534,192
6000062000176,43000600003176,6000062000176,6000062000000,43,0.8276991,-1,-1,6000062000175,6000062000176,-1,25,1.8073791,1.6352477,1.8073791,26473,21.786802,32.664455,40.75861,202830,2,3,4,169.73518,42.318623,-173.9683,27.645973,58.849857,-0.02576335,-0.08346084,-0.01332188,15908462,6,3176,0.016917037,436
6000062000177,56000600000316,6000062000198,6000062000000,56,0.17489761,6000062000178,-1,6000062000006,6000062000007,6000062000165,23,0.0,0.0,0.0,26473,22.669758,32.588978,39.561882,202827,2,3,4,376.35812,90.72136,-159.65018,24.58282,51.722317,0.16577485,0.04922605,0.14597183,15907804,6,316,0.019193845,151
6000062000178,55000600000273,6000062000198,6000062000000,55,0.20754863,6000062000179,-1,6000062000177,6000062000008,-1,24,0.0,0.0,0.0,26473,22.56776,32.564568,39.603615,202827,2,3,4,355.9346,71.908646,-123.68056,23.764986,50.02329,0.14039308,0.006064348,0.12706904,15907803,6,273,0.024661751,264
6000062000179,54000600000316,6000062000198,6000062000000,54,0.24246909,6000062000180,-1,6000062000178,6000062000009,6000062000166,24,0.0,0.0,0.0,26473,22.464928,32.54003,39.635586,202827,2,3,4,333.49704,62.678394,-102.721565,22.21342,48.06961,0.046050597,0.0074932803,0.04219475,15908118,6,316,0.02957062,130
6000062000180,53000600002613,6000062000198,6000062000000,53,0.2798018,6000062000181,-1,6000062000179,6000062000180,-1,29,2.065576,1.8934448,2.065576,26473,22.357206,32.51955,39.664993,202826,2,3,4,314.26025,52.96527,-88.64782,24.66629,46.92084,0.017835053,0.049873535,0.06549883,15907803,6,2613,0.032450784,714
6000062000181,52000600002627,6000062000198,6000062000000,52,0.31970343,6000062000182,-1,6000062000180,6000062000181,-1,29,2.2377074,1.8073791,1.9795104,26473,22.249908,32.508884,39.70293,202826,2,3,4,297.35535,47.5974,-80.414406,25.799183,52.1146,-0.0068350723,0.020005748,-0.0030366902,15907794,6,2627,0.028326282,358
6000062000182,51000600002776,6000062000198,6000062000000,51,0.36234027,6000062000183,-1,6000062000181,6000062000182,-1,29,2.4098387,1.8934448,2.065576,26473,22.13579,32.49524,39.742798,202826,2,3,4,283.67798,42.837605,-73.33392,25.71841,53.75675,0.06376286,0.04953493,-0.027356789,15907794,6,2776,0.024642918,778
6000062000183,50000600003048,6000062000198,6000062000000,50,0.40789944,6000062000184,-1,6000062000182,6000062000183,-1,26,2.3237731,1.8073791,2.1516418,26473,22.02141,32.478424,39.773357,202826,2,3,4,268.98618,40.7937,-71.73034,25.3713,51.191128,-0.034462616,-0.055813707,-0.07535192,15908118,6,3048,0.029295372,42
6000062000184,49000600002919,6000062000198,6000062000000,49,0.45657724,6000062000185,-1,6000062000183,6000062000184,-1,28,1.9795104,1.6352477,1.8934448,26473,21.9113,32.460403,39.806404,202826,2,3,4,256.90414,38.852497,-69.65217,22.690987,47.336536,-0.056138758,-0.06873137,-0.040361688,15907803,6,2919,0.028626248,508
6000062000185,48000600003110,6000062000198,6000062000000,48,0.5085914,6000062000186,-1,6000062000184,6000062000185,-1,27,2.065576,1.6352477,1.8073791,26473,21.807014,32.44774,39.83495,202826,2,3,4,247.74216,36.61549,-68.08831,24.469028,54.15412,-0.047922507,-0.043266393,-0.016925618,15907803,6,3110,0.02760861,544
6000062000186,47000600003053,6000062000198,6000062000000,47,0.5641766,6000062000187,-1,6000062000185,6000062000186,-1,28,1.9795104,1.549182,1.8934448,26473,21.694841,32.42991,39.858967,202826,2,3,4,239.59657,35.6748,-65.766335,25.02809,45.440117,-0.007458105,0.06668738,-0.07210192,15907803,6,3053,0.031317193,430
6000062000187,46000600003254,6000062000198,6000062000000,46,0.6235901,6000062000188,-1,6000062000186,6000062000187,-1,26,1.9795104,1.2049193,1.7213135,26473,21.596846,32.417477,39.892178,202826,2,3,4,228.61646,33.949944,-64.31924,25.677765,52.613346,0.012777887,0.048016306,-0.067197666,15908108,6,3254,0.030042287,533
6000062000188,45000600003032,6000062000198,6000062000000,45,0.6871088,6000062000189,-1,6000062000187,6000062000188,-1,29,1.8073791,1.7213135,1.8073791,26473,21.512272,32.401947,39.915676,202826,2,3,4,224.2444,34.363316,-63.724075,23.81387,49.059822,-0.0045582163,0.06706824,-0.08255301,15907803,6,3032,0.027411979,281
6000062000189,44000600003519,6000062000198,6000062000000,44,0.75503564,6000062000190,-1,6000062000188,6000062000189,-1,24,1.6352477,1.2909851,1.4631164,26478,21.419123,32.386356,39.943096,202819,2,3,4,217.37936,30.798876,-66.095146,23.73398,56.882423,-0.029468764,-0.0659165,-0.10854691,15907803,6,3519,0.024364056,853
6000062000190,43000600003376,6000062000198,6000062000000,43,0.8276991,6000062000191,-1,6000062000189,6000062000190,-1,26,1.1188537,1.032788,1.1188537,26478,21.326284,32.378292,39.971657,202819,2,3,4,209.83961,31.385626,-62.87796,23.915834,49.406353,-0.075034745,-0.015247405,-0.097770214,15908100,6,3376,0.034056738,238
6000062000191,42000600003967,6000062000198,6000062000000,42,0.9054624,6000062000192,-1,6000062000190,6000062000191,-1,21,0.86065674,0.86065674,0.86065674,26478,21.22357,32.354843,40.00231,202819,2,3,4,206.80235,32.51583,-67.011635,21.666939,41.46672,-0.07788761,-0.14408816,-0.12445211,15908100,6,3967,0.03019211,249
6000062000192,41000600003327,6000062000198,6000062000000,41,0.98870814,6000062000193,-1,6000062000191,6000062000192,-1,26,0.60245967,0.516394,0.60245967,26478,21.041332,32.353333,40.024693,202819,2,3,4,202.01588,32.405994,-64.744385,23.792204,42.74752,-0.02548847,0.00326116,-0.05393926,15908118,6,3327,0.033246797,182
6000062000193,40000600003496,6000062000198,6000062000000,40,1.0778745,6000062000194,-1,6000062000192,6000062000193,-1,25,1.1188537,0.86065674,1.1188537,26478,21.010155,32.339085,40.061012,202823,2,3,4,196.92451,31.498253,-62.579712,26.517721,43.87431,-0.005839439,0.013921025,-0.049800944,15908100,6,3496,0.027214013,73
6000062000194,39000600003258,6000062000198,6000062000000,39,1.173417,6000062000195,-1,6000062000193,6000062000194,-1,27,0.516394,0.516394,0.516394,26478,20.842741,32.30308,40.12557,202823,2,3,4,192.9342,29.857607,-62.225735,27.314327,49.899357,0.0037716886,-0.0034992439,-0.050046705,15907705,6,3258,0.027582416,688
6000062000195,38000600003259,6000062000198,6000062000000,38,1.2758462,6000062000196,-1,6000062000194,6000062000195,-1,27,1.7213135,1.6352477,1.7213135,26478,20.786625,32.29958,40.122158,202823,2,3,4,185.40718,28.964346,-61.35249,29.79852,54.882744,0.0030987128,0.0021203982,-0.0493108,15907802,6,3259,0.018156948,922
6000062000196,37000600003855,6000062000198,6000062000000,37,1.3857181,6000062000197,-1,6000062000195,6000062000196,-1,22,1.6352477,1.4631164,1.6352477,26478,20.650572,32.268177,40.152313,202823,2,3,4,181.08105,30.819414,-58.62321,35.198524,60.795425,0.03161335,-0.08234819,-0.05864199,15908092,6,3855,0.012927004,180
6000062000197,36000600003946,6000062000198,6000062000000,36,1.5036365,6000062000198,-1,6000062000196,6000062000197,-1,21,1.549182,1.549182,1.549182,26478,20.543434,32.251446,40.19476,202823,2,3,4,179.84529,31.946264,-59.642574,34.527958,57.536453,-0.01407074,-0.0452549,-0.07491189,15908118,6,3946,0.014455596,786
6000062000198,35000600004043,6000062000198,6000062000000,35,1.6302707,-1,-1,6000062000197,6000062000198,-1,20,1.3770508,1.2049193,1.3770508,26478,20.49258,32.253716,40.233837,202822,2,3,4,175.15347,30.759123,-61.43854,28.935175,49.85555,0.01322572,-0.023901213,-0.04901222,15908100,6,4043,0.018609803,848
