haloID,subHaloID,lastProgenitorId,treeId,snapNum,redshift,firstProgenitorId,nextProgenitorId,descendantId,firstHaloInFOFgroupId,nextHaloInFOFgroupId,np,m_Mean200,m_Crit200,m_TopHat,phKey,x,y,z,zIndex,ix,iy,iz,velX,velY,velZ,velDisp,vMax,spinX,spinY,spinZ,mostBoundID,fileNr,subhaloIndex,halfmassRadius,random
7000075000000,63000700000223,7000075000296,7000075000000,63,0.0,7000075000001,-1,-1,7000075000000,7000075000332,3519,318.70117,204.14777,255.44292,28736,1.6228037,23.102333,61.385147,158131,0,2,6,-236.91328,-28.169426,-27.705061,126.869514,227.82727,2.00331,-1.9677787,-1.6340845,17298422,7,223,0.13728264,964
7000075000001,62000700000226,7000075000296,7000075000000,62,0.019932542,7000075000002,-1,7000075000000,7000075000001,7000075000333,3482,297.70117,203.71744,251.65602,28736,1.6675559,23.11404,61.388485,158131,0,2,6,-238.26321,-27.62093,-28.663437,125.27868,223.89087,1.9462696,-2.2478156,-1.5944744,2437842,7,226,0.13584955,625
7000075000002,61000700000226,7000075000296,7000075000000,61,0.041403063,7000075000003,-1,7000075000001,7000075000002,7000075000334,3432,289.26672,206.38548,248.64372,28736,1.7187965,23.113398,61.400124,158131,0,2,6,-234.72105,-20.424671,-21.175135,124.149704,226.44244,3.832243,-1.02532,-3.6458793,17245313,7,226,0.13585046,87
7000075000003,60000700000280,7000075000296,7000075000000,60,0.064493395,7000075000004,-1,7000075000002,7000075000003,7000075000335,3144,281.95114,206.81581,245.28717,28736,1.7720153,23.119598,61.398174,158131,0,2,6,-237.47112,-27.23472,-23.746494,126.38265,223.18419,1.5897267,-1.6100544,-0.9094641,17242388,7,280,0.122304305,441
7000075000004,59000700000243,7000075000225,7000075000000,59,0.08928783,7000075000005,7000075000226,7000075000003,7000075000004,7000075000301,2990,275.3241,205.52483,243.39372,28736,1.8296139,23.115685,61.40753,158131,0,2,6,-235.63216,-27.203537,-19.083508,125.865036,216.7771,0.6487323,-1.5929526,-0.1264192,17245313,7,243,0.120739035,382
7000075000005,58000700000243,7000075000225,7000075000000,58,0.11588337,7000075000006,-1,7000075000004,7000075000005,7000075000227,2879,271.36505,205.26663,244.1683,28736,1.8822064,23.118874,61.41305,158131,0,2,6,-236.97984,-27.177092,-17.473808,125.42473,215.19984,0.85516596,-1.8419509,-0.74230856,17245370,7,243,0.11616894,651
7000075000006,57000700000222,7000075000225,7000075000000,57,0.14438343,7000075000007,-1,7000075000005,7000075000006,7000075000338,3020,269.0413,201.04941,241.50027,28736,1.9505415,23.117252,61.427963,158131,0,2,6,-241.65211,-28.77266,-20.459597,127.87337,220.10472,1.4587121,-1.6818651,-1.2834026,2437842,7,222,0.11612216,161
7000075000007,56000700000254,7000075000201,7000075000000,56,0.17489761,7000075000008,7000075000202,7000075000006,7000075000007,7000075000228,2834,267.40604,195.11087,237.62732,28737,2.0157154,23.116285,61.439884,158138,0,2,6,-240.76532,-25.837894,-22.572563,128.64673,218.68561,1.4512018,-1.4567783,-0.29436764,17245370,7,254,0.11594829,622
7000075000008,55000700000308,7000075000201,7000075000000,55,0.20754863,7000075000009,-1,7000075000007,7000075000008,7000075000305,2807,267.92242,189.77481,233.84042,28737,2.0939548,23.125364,61.447937,158138,0,2,6,-240.78719,-27.959267,-18.712679,131.59167,225.14154,1.1187239,-1.2176808,-0.34776,17245467,7,308,0.10789979,447
7000075000009,54000700000248,7000075000201,7000075000000,54,0.24246909,7000075000010,-1,7000075000008,7000075000009,7000075000203,2894,268.0085,186.41824,236.50847,28737,2.1560917,23.13569,61.437298,158138,0,2,6,-243.496,-26.883947,-20.437857,135.9048,240.70123,1.9068251,-0.89091784,-0.39067742,17245291,7,248,0.11268732,44
7000075000010,53000700000287,7000075000201,7000075000000,53,0.2798018,7000075000011,-1,7000075000009,7000075000010,7000075000230,2795,268.5249,187.79529,235.47568,28737,2.2147055,23.156918,61.422897,158138,0,2,6,-243.87895,-20.045027,-15.615763,124.44014,205.07343,1.5419143,-1.0476687,-0.680284,17245289,7,287,0.12521447,244
7000075000011,52000700000278,7000075000188,7000075000000,52,0.31970343,7000075000012,7000075000189,7000075000010,7000075000011,7000075000231,2767,266.54538,183.75021,240.89781,28737,2.3043916,23.160376,61.409824,158138,0,2,6,-245.28168,-16.812672,-12.07183,122.597984,200.17493,1.4513505,-1.1978769,-0.42140883,2440495,7,278,0.12897742,496
7000075000012,51000700000274,7000075000188,7000075000000,51,0.36234027,7000075000013,-1,7000075000011,7000075000012,7000075000232,2674,256.7339,193.81989,239.4347,28737,2.3890655,23.16726,61.404327,158138,0,2,6,-250.54607,-17.492857,-15.952952,123.628296,201.89165,1.5275594,-0.97992563,-0.2445564,2440495,7,274,0.1231196,885
7000075000013,50000700000251,7000075000188,7000075000000,50,0.40789944,7000075000014,-1,7000075000012,7000075000013,7000075000233,2661,258.28308,199.50023,239.09044,28737,2.4845042,23.182093,61.40099,158138,0,2,6,-250.51514,-21.06546,-22.008112,129.7009,206.59401,1.1053293,-0.86202556,-0.17842634,17242380,7,251,0.11590573,976
7000075000014,49000700000257,7000075000188,7000075000000,49,0.45657724,7000075000015,-1,7000075000013,7000075000014,7000075000234,2387,258.11096,213.44287,246.23389,28737,2.5858176,23.18742,61.414856,158138,0,2,6,-262.0683,-24.830807,-39.380775,137.07922,215.47816,-0.032232985,-1.6211327,0.8381566,17242390,7,257,0.09571234,259
7000075000015,48000700000239,7000075000188,7000075000000,48,0.5085914,7000075000016,-1,7000075000014,7000075000015,7000075000235,2373,252.51668,221.70517,242.79126,28737,2.7045023,23.18696,61.4529,158138,0,2,6,-257.18848,-45.100246,-52.26578,144.00304,228.57399,0.096002325,-1.3678249,0.77628547,17245580,7,239,0.08920856,778
7000075000016,47000700000238,7000075000188,7000075000000,47,0.5641766,7000075000017,-1,7000075000015,7000075000016,7000075000236,2501,249.67651,212.75433,239.60683,28737,2.8302317,23.211403,61.5097,158138,0,2,6,-247.10284,-50.903885,-42.557507,144.30614,228.00723,0.17938231,-1.3952274,0.4523277,17242394,7,238,0.08970989,874
7000075000017,46000700000243,7000075000164,7000075000000,46,0.6235901,7000075000018,7000075000165,7000075000016,7000075000017,7000075000237,2293,236.1642,200.61908,227.47157,28737,2.9389925,23.262821,61.54257,158143,0,2,6,-241.3672,-61.19747,-36.96769,132.59766,210.92955,-0.15761384,-1.4585723,0.57502216,17245289,7,243,0.098784186,725
7000075000018,45000700000230,7000075000129,7000075000000,45,0.6871088,7000075000019,7000075000130,7000075000017,7000075000018,7000075000238,1992,195.36908,162.2338,183.66414,28737,3.039686,23.289759,61.555386,158143,0,2,6,-235.44093,-68.30432,-38.258804,135.40714,215.84789,-0.23642832,-1.3840207,0.32468283,17245593,7,230,0.08108811,605
7000075000019,44000700000267,7000075000129,7000075000000,44,0.75503564,7000075000020,-1,7000075000018,7000075000019,7000075000144,1761,169.29117,150.09853,164.81577,28737,3.1604662,23.341568,61.577045,158143,0,2,6,-230.03928,-77.35388,-37.257427,140.40375,225.74576,-0.33800492,-1.3558935,0.1420154,17245339,7,267,0.06416697,468
7000075000020,43000700000243,7000075000129,7000075000000,43,0.8276991,7000075000021,-1,7000075000019,7000075000020,7000075000167,1617,154.83214,138.1354,151.99197,28737,3.267963,23.388659,61.585743,158143,0,2,6,-214.59914,-84.14737,-37.051006,130.27574,210.87148,0.07721482,-0.7894606,-0.023011757,2437526,7,243,0.0684082,978
7000075000021,42000700000231,7000075000129,7000075000000,42,0.9054624,7000075000022,-1,7000075000020,7000075000021,7000075000168,1490,139.59853,112.401764,134.95097,28732,3.3734405,23.445448,61.59794,159021,0,2,6,-213.30038,-82.649864,-37.194237,125.7065,204.63788,-0.13358139,-0.53771365,0.19779828,17245593,7,231,0.06684098,152
7000075000022,41000700000271,7000075000104,7000075000000,41,0.98870814,7000075000023,7000075000105,7000075000021,7000075000022,7000075000169,1420,117.39358,101.81569,114.72554,28732,3.4791644,23.480484,61.61277,159021,0,2,6,-207.45688,-83.68989,-37.213108,124.50782,205.69238,0.092414364,-0.5279274,0.20332125,17245593,7,271,0.063062206,541
7000075000023,40000700000291,7000075000098,7000075000000,40,1.0778745,7000075000024,7000075000099,7000075000022,7000075000023,-1,1280,113.00423,100.43864,111.627174,28732,3.5928087,23.510902,61.653378,159021,0,2,6,-199.88045,-80.65091,-36.804207,129.33298,210.2404,0.15704174,-0.6597081,0.2416574,2437526,7,291,0.05506317,170
7000075000024,39000700000280,7000075000098,7000075000000,39,1.173417,7000075000025,-1,7000075000023,7000075000024,7000075000114,1275,112.14357,102.332085,111.54111,28732,3.7020214,23.55414,61.6822,159021,0,2,6,-204.3589,-80.289665,-40.389805,134.72377,213.43132,0.039418567,-0.586664,0.19133133,17298379,7,280,0.053079423,328
7000075000025,38000700000268,7000075000098,7000075000000,38,1.2758462,7000075000026,-1,7000075000024,7000075000025,-1,1266,106.63537,98.0288,106.63537,28732,3.8037288,23.577477,61.704716,159021,0,2,6,-200.11932,-76.36304,-38.179016,133.54367,217.42188,-0.06588378,-0.55706424,0.11319929,17298379,7,268,0.05090311,651
7000075000026,37000700000213,7000075000098,7000075000000,37,1.3857181,7000075000027,-1,7000075000025,7000075000026,7000075000115,1249,97.68454,93.29519,98.45913,28709,3.9254131,23.632864,61.736412,159076,0,2,6,-198.97568,-70.31068,-39.813854,127.32738,201.25548,-0.0825894,-0.6795768,0.08843831,2384465,7,213,0.05837565,227
7000075000027,36000700000228,7000075000094,7000075000000,36,1.5036365,7000075000028,7000075000095,7000075000026,7000075000027,7000075000116,1066,88.991905,81.33206,90.28289,28709,4.039282,23.663311,61.792397,159076,0,2,6,-198.20648,-65.9371,-44.67513,122.90125,195.4053,-0.07243827,-0.20439164,-0.03511563,2384465,7,228,0.053835798,826
7000075000028,35000700000231,7000075000062,7000075000000,35,1.6302707,7000075000029,7000075000063,7000075000027,7000075000028,7000075000063,891,89.85256,85.54928,90.36896,28709,4.1319313,23.704514,61.80884,159076,0,2,6,-184.87599,-65.95548,-40.129303,133.48225,198.20728,-0.102917366,-0.5849359,-0.43780264,2384465,7,231,0.042763002,703
7000075000029,34000700000234,7000075000062,7000075000000,34,1.766336,7000075000030,-1,7000075000028,7000075000029,-1,873,82.53698,80.12714,83.31157,28709,4.2111177,23.715418,61.81946,159076,0,2,6,-183.56558,-57.987324,-34.90521,149.95651,234.34818,0.004279558,-0.5152465,-0.46296018,17298378,7,234,0.029687712,87
7000075000030,33000700000215,7000075000062,7000075000000,33,1.9126327,7000075000031,-1,7000075000029,7000075000030,7000075000064,589,64.03286,60.934494,65.323845,28709,4.2482715,23.69932,61.823376,159076,0,2,6,-128.9772,-6.619625,-32.93626,117.21697,194.03769,-0.5853712,-0.18402156,0.052807413,17298375,7,215,0.029415015,589
7000075000031,32000700000210,7000075000062,7000075000000,32,2.0700274,7000075000032,-1,7000075000030,7000075000031,7000075000065,532,45.09841,43.377098,46.217266,28709,4.327252,23.714659,61.83268,159076,0,2,6,-138.30457,-15.782093,-36.21887,111.02223,181.49796,-0.74601793,0.14411071,0.21360818,17245343,7,210,0.030923842,677
7000075000032,31000700000253,7000075000058,7000075000000,31,2.2394855,7000075000033,7000075000059,7000075000031,7000075000032,7000075000059,503,35.803318,35.114796,36.491844,28709,4.383044,23.699402,61.860516,159076,0,2,6,-139.14786,-23.065054,-29.703514,100.928795,174.13554,-0.25115994,-0.1438767,0.12155324,2437530,7,253,0.032449413,447
7000075000033,30000700000224,7000075000058,7000075000000,30,2.422044,7000075000034,-1,7000075000032,7000075000033,-1,476,38.299225,37.43857,40.19267,28709,4.45327,23.699425,61.873062,159076,0,2,6,-144.28609,-33.60027,-26.71079,105.98126,172.37231,-0.0013900626,-0.3242284,-0.004430451,2437528,7,224,0.03215569,899
7000075000034,29000700000203,7000075000058,7000075000000,29,2.6188614,7000075000035,-1,7000075000033,7000075000034,-1,453,39.59021,39.073814,40.1066,28709,4.565337,23.815557,61.844593,159076,0,2,6,-143.54579,-37.698196,-27.605022,128.67299,188.47119,0.14371413,-0.31558242,0.041504554,2437521,7,203,0.025795167,108
7000075000035,28000700000199,7000075000058,7000075000000,28,2.8311827,7000075000036,-1,7000075000034,7000075000035,-1,418,36.061516,35.717255,36.922173,28709,4.6313076,23.82074,61.876522,159076,0,2,6,-142.02261,-36.13371,-24.589697,121.23079,199.2645,0.11581262,-0.28694996,0.028778708,2437528,7,199,0.023341658,134
7000075000036,27000700000265,7000075000047,7000075000000,27,3.060419,7000075000037,7000075000048,7000075000035,7000075000036,-1,264,24.356585,24.012321,24.528717,28709,4.7368703,23.861586,61.878864,159076,0,2,6,-169.05083,-74.80333,-3.8847175,108.23703,175.82945,-0.5843092,-0.0919045,-0.37522194,2437526,7,265,0.018405853,24
7000075000037,26000700000244,7000075000047,7000075000000,26,3.3080978,7000075000038,-1,7000075000036,7000075000037,-1,244,17.901659,17.729528,18.245922,28709,4.8611217,23.92733,61.883503,159076,0,2,6,-160.57603,-64.102516,-5.8583055,92.755875,151.50462,-0.6719245,-0.0383014,-0.47383142,2437490,7,244,0.021563234,871
7000075000038,25000700000868,7000075000042,7000075000000,25,3.575905,7000075000039,7000075000043,7000075000037,7000075000038,-1,61,4.3893495,4.217218,5.0778747,28709,4.8048987,23.933126,61.82514,159076,0,2,6,-79.67822,-54.818764,16.66449,56.903618,95.54963,0.17852128,-0.08406982,0.09188786,17245321,7,868,0.014989346,846
7000075000039,24000700000725,7000075000042,7000075000000,24,3.8656828,7000075000040,-1,7000075000038,7000075000039,-1,62,3.7868896,2.2377074,4.131152,28709,4.852025,23.987568,61.80399,159076,0,2,6,-95.97791,-59.603004,7.4709587,55.56903,95.399704,0.24307497,-0.060853627,0.052420653,17245008,7,725,0.016294228,944
7000075000040,23000700000616,7000075000042,7000075000000,23,4.1794686,7000075000041,-1,7000075000039,7000075000040,-1,64,2.4098387,2.4098387,2.6680357,28709,4.8943524,24.055796,61.774315,159077,0,2,6,-113.30082,-73.097626,3.9922097,57.117435,94.67806,0.23135532,-0.046718832,-0.24401374,17245310,7,616,0.018792536,928
7000075000041,22000700001055,7000075000042,7000075000000,22,4.5195556,7000075000042,-1,7000075000040,7000075000041,-1,34,1.1188537,1.1188537,1.549182,28709,4.89469,24.07137,61.78374,159077,0,2,6,-106.404564,-49.744305,3.085095,48.53439,79.73599,0.08973376,-0.08502328,0.1774119,17245301,7,1055,0.011984676,990
7000075000042,21000700001481,7000075000042,7000075000000,21,4.888449,-1,-1,7000075000041,7000075000042,-1,22,0.516394,0.516394,0.516394,28709,5.027187,24.082537,61.797806,159077,0,2,6,-109.14322,-64.69813,-6.48809,41.603504,59.718124,0.17503972,0.1757265,0.1205718,17244959,7,1481,0.015405816,803
7000075000043,25000700000488,7000075000045,7000075000000,25,3.575905,7000075000044,7000075000046,7000075000037,7000075000043,-1,107,9.122961,9.122961,9.811486,28709,4.9837523,23.99642,61.91931,159077,0,2,6,-180.36084,-82.970245,-28.149864,81.02797,127.83882,-0.47781506,0.17295165,-0.20748045,17245342,7,488,0.014305017,641
7000075000044,24000700000510,7000075000045,7000075000000,24,3.8656828,7000075000045,-1,7000075000043,7000075000044,-1,81,5.508203,5.3360715,5.7664,28709,5.100941,24.032131,61.952908,159077,0,2,6,-163.95425,-83.14462,-51.823418,65.75044,106.30489,-0.29630488,0.13396764,-0.051843084,2437525,7,510,0.015659027,366
7000075000045,23000700000983,7000075000045,7000075000000,23,4.1794686,-1,-1,7000075000044,7000075000045,-1,41,2.5819702,2.4959044,2.7541015,28709,5.1992326,24.087063,61.994453,159077,0,2,6,-168.39276,-43.20202,-75.04147,52.15324,91.83406,-0.31095937,0.037040394,-0.12571971,2437573,7,983,0.010356092,347
7000075000046,25000700001690,7000075000047,7000075000000,25,3.575905,7000075000047,-1,7000075000037,7000075000046,-1,32,1.549182,1.549182,1.6352477,28709,4.9889774,23.784216,61.93257,159077,0,2,6,-215.4388,72.83226,31.968904,41.224194,80.21002,-0.031318653,0.10113376,0.11010862,17245233,7,1690,0.012494552,267
7000075000047,24000700002020,7000075000047,7000075000000,24,3.8656828,-1,-1,7000075000046,7000075000047,-1,27,1.032788,1.032788,1.1188537,28709,5.1247206,23.756115,61.887863,159077,0,2,6,-197.62975,55.381023,32.07335,38.159863,67.796165,-0.042025905,0.057105385,0.09548635,17245233,7,2020,0.016241783,368
7000075000048,27000700000641,7000075000058,7000075000000,27,3.060419,7000075000049,-1,7000075000035,7000075000048,-1,106,9.983618,9.983618,9.983618,28709,4.6482625,23.666615,61.940273,159076,0,2,6,-85.55544,62.39709,-89.92517,71.965256,125.896034,-0.12805143,-0.030449014,0.1199759,2384496,7,641,0.014342232,443
7000075000049,26000700000536,7000075000058,7000075000000,26,3.3080978,7000075000050,-1,7000075000048,7000075000049,-1,112,9.381158,9.295093,9.639355,28709,4.6850667,23.639215,62.016716,159076,0,2,6,-91.05673,38.77623,-83.35269,72.954765,125.396,-0.057223465,-0.06321064,0.17276677,17298375,7,536,0.016042149,691
7000075000050,25000700000534,7000075000058,7000075000000,25,3.575905,7000075000051,-1,7000075000049,7000075000050,-1,100,8.606567,8.606567,8.778699,28709,4.7468643,23.626316,62.04363,159076,0,2,6,-98.016014,30.94616,-79.17932,79.464355,130.98454,-0.031475347,-0.03343113,0.1957799,17245257,7,534,0.012064027,414
7000075000051,24000700000487,7000075000058,7000075000000,24,3.8656828,7000075000052,-1,7000075000050,7000075000051,-1,91,6.282794,6.282794,6.799188,28709,4.805048,23.626959,62.07882,159076,0,2,6,-102.64475,20.83505,-71.759476,69.26931,118.69226,0.0050819367,0.06343973,0.18106173,17298375,7,487,0.01337067,502
7000075000052,23000700000469,7000075000058,7000075000000,23,4.1794686,7000075000053,-1,7000075000051,7000075000052,-1,82,3.3565612,3.3565612,3.3565612,28709,4.8325415,23.642916,62.102745,159076,0,2,6,-105.637665,14.124504,-71.579475,58.41731,95.73912,-0.1736995,0.15061255,0.07941436,17298378,7,469,0.017634017,819
7000075000053,22000700000824,7000075000056,7000075000000,22,4.5195556,7000075000054,7000075000057,7000075000052,7000075000053,-1,43,2.3237731,2.3237731,2.4959044,28709,4.890291,23.633215,62.09588,159077,0,2,6,-103.04726,6.8314686,-33.428192,51.164135,89.83772,0.025005374,0.04212655,-0.034500293,17298378,7,824,0.011670212,955
7000075000054,21000700000897,7000075000056,7000075000000,21,4.888449,7000075000055,-1,7000075000053,7000075000054,-1,33,2.9262328,2.840167,2.9262328,28709,4.9557333,23.614904,62.131004,159077,0,2,6,-98.12443,4.402696,-32.57007,60.891815,99.29155,0.059360974,0.022669068,-0.020966437,2437608,7,897,0.007828161,214
7000075000055,20000700000790,7000075000056,7000075000000,20,5.2888336,7000075000056,-1,7000075000054,7000075000055,-1,31,2.6680357,2.6680357,2.840167,28709,5.001147,23.626385,62.152805,159077,0,2,6,-100.596176,3.0206094,-27.613586,71.45919,114.4761,0.055364788,0.025112338,-0.029761974,17298379,7,790,0.0052505997,551
7000075000056,19000700000750,7000075000056,7000075000000,19,5.7238646,-1,-1,7000075000055,7000075000056,-1,27,1.6352477,1.6352477,1.6352477,28709,5.0549245,23.607372,62.154064,159077,0,2,6,-104.64075,11.327907,-24.369482,62.649117,99.567825,0.058045078,0.044068567,0.021954361,2437838,7,750,0.0053084553,345
7000075000057,22000700001966,7000075000058,7000075000000,22,4.5195556,7000075000058,-1,7000075000052,7000075000057,-1,20,1.2909851,1.2909851,1.3770508,28709,4.971452,23.570654,62.310444,159077,0,2,6,-113.61515,31.051731,-118.97954,44.753357,71.92213,-0.13860418,-0.15017696,0.06411164,2384465,7,1966,0.008847792,520
7000075000058,20000700001121,7000075000058,7000075000000,20,5.2888336,-1,-1,7000075000057,7000075000058,-1,23,0.0,0.0,0.516394,28709,5.059805,23.548117,62.384705,159077,0,2,6,-101.76979,26.04226,-94.02622,35.298378,65.22444,-0.16008297,-0.13109377,0.0613095,2384494,7,1121,0.01068725,331
7000075000059,31000700000254,7000075000062,7000075000000,31,2.2394855,7000075000060,-1,7000075000031,7000075000032,-1,23,0.0,0.0,0.0,28709,4.5186644,23.67874,62.03089,159076,0,2,6,-209.67023,127.30153,-148.57275,45.420593,70.54443,0.009519042,0.018978244,0.027613277,2384443,7,254,0.010302855,979
7000075000060,30000700001722,7000075000062,7000075000000,30,2.422044,7000075000061,-1,7000075000059,7000075000060,-1,46,3.8729553,3.6147583,4.0450864,28709,4.6431594,23.605953,62.080795,159076,0,2,6,-185.2638,99.5268,-114.943855,55.9735,86.79892,-0.25082165,-0.015664957,-0.19071527,2384443,7,1722,0.014730025,202
7000075000061,29000700002117,7000075000062,7000075000000,29,2.6188614,7000075000062,-1,7000075000060,7000075000061,-1,36,2.7541015,2.7541015,3.0122986,28709,4.7405066,23.56494,62.12436,159076,0,2,6,-176.77074,86.744606,-90.69785,51.356514,81.4423,-0.21946204,-0.07949076,-0.1843453,2384443,7,2117,0.0119262785,883
7000075000062,28000700002508,7000075000062,7000075000000,28,2.8311827,-1,-1,7000075000061,7000075000062,-1,30,1.8073791,1.7213135,1.8934448,28709,4.8473988,23.502361,62.168236,159076,0,2,6,-159.32416,61.441467,-84.48812,46.414017,65.526695,-0.17625453,-0.14598241,-0.13143797,2384444,7,2508,0.015034157,611
7000075000063,35000700000232,7000075000094,7000075000000,35,1.6302707,7000075000064,-1,7000075000027,7000075000028,-1,89,0.0,0.0,0.0,28709,4.006741,23.62446,61.76048,159076,0,2,6,-195.55836,-54.680267,-50.44102,69.79952,107.52384,0.063133284,0.0878766,-0.0699282,17242388,7,232,0.0146518145,22
7000075000064,33000700000216,7000075000094,7000075000000,33,1.9126327,7000075000065,-1,7000075000063,7000075000030,-1,191,0.0,0.0,0.0,28709,4.393999,23.796892,61.845425,159076,0,2,6,-311.69403,-197.51317,-35.50866,84.83387,139.1475,0.312766,-0.1397681,-0.3577439,17242358,7,216,0.02034434,280
7000075000065,32000700000211,7000075000094,7000075000000,32,2.0700274,7000075000066,-1,7000075000064,7000075000031,-1,206,0.0,0.0,0.0,28709,4.563927,23.93398,61.875233,159076,0,2,6,-271.03195,-170.81378,-41.277657,101.3913,160.8876,0.22517014,-0.19708565,-0.3553615,17242353,7,211,0.015379609,653
7000075000066,31000700000476,7000075000085,7000075000000,31,2.2394855,7000075000067,7000075000086,7000075000065,7000075000066,7000075000086,196,17.729528,16.954937,18.67625,28709,4.7310185,24.075043,61.89301,159076,0,2,6,-243.46436,-175.1503,-25.243263,76.77557,120.42099,0.36145556,-0.15753902,-0.16544338,17242386,7,476,0.027056448,7
7000075000067,30000700000394,7000075000085,7000075000000,30,2.422044,7000075000068,-1,7000075000066,7000075000067,7000075000087,178,10.155749,9.036896,10.500011,28709,4.8264894,24.183392,61.867218,159076,0,2,6,-226.76822,-168.05997,-14.216113,67.60524,110.51239,0.3958434,-0.03634647,0.011093434,17242480,7,394,0.028238695,720
7000075000068,29000700000376,7000075000085,7000075000000,29,2.6188614,7000075000069,-1,7000075000067,7000075000068,7000075000088,139,10.241815,10.069683,10.586078,28709,4.9823174,24.278927,61.89375,159077,0,2,6,-223.21112,-166.5463,-1.9497925,69.44368,120.25057,0.08412166,0.06210736,-0.08006039,17242386,7,376,0.02133754,763
7000075000069,28000700000758,7000075000085,7000075000000,28,2.8311827,7000075000070,-1,7000075000068,7000075000069,-1,101,9.381158,9.122961,9.639355,28709,5.1256123,24.351374,61.908756,159077,0,2,6,-213.42834,-148.12462,-2.4329526,78.70911,123.941635,0.05522463,-0.015740316,-0.08552349,17245466,7,758,0.013501997,320
7000075000070,27000700000668,7000075000085,7000075000000,27,3.060419,7000075000071,-1,7000075000069,7000075000070,-1,105,8.262304,8.004107,8.348371,28709,5.224759,24.413843,61.876385,159077,0,2,6,-205.87598,-139.25931,-7.5097237,77.75679,124.38997,0.10380089,-0.012384038,-0.07497087,17242403,7,668,0.014951265,454
7000075000071,26000700000617,7000075000078,7000075000000,26,3.3080978,7000075000072,7000075000079,7000075000070,7000075000071,7000075000079,69,5.9385314,5.9385314,6.024597,28709,5.343393,24.511911,61.930622,159079,0,2,6,-209.79561,-138.11513,-32.900192,57.74406,102.73548,0.14081314,-0.119717605,-0.030821897,17242358,7,617,0.013291019,143
7000075000072,25000700001030,7000075000078,7000075000000,25,3.575905,7000075000073,-1,7000075000071,7000075000072,-1,54,4.131152,4.131152,4.3893495,28709,5.487565,24.60818,61.96472,159079,0,2,6,-213.24272,-133.404,-40.746273,59.670376,101.44216,0.039444685,-0.045072153,-0.024574505,17242352,7,1030,0.010432749,724
7000075000073,24000700001033,7000075000078,7000075000000,24,3.8656828,7000075000074,-1,7000075000072,7000075000073,-1,47,3.6147583,3.6147583,3.6147583,28709,5.6264,24.700186,61.999374,159079,0,2,6,-201.4499,-134.7543,-34.12827,60.82382,97.03795,-0.024929,-0.14724402,0.11034212,17242388,7,1033,0.010691581,698
7000075000074,23000700001171,7000075000078,7000075000000,23,4.1794686,7000075000075,-1,7000075000073,7000075000074,-1,38,2.7541015,2.7541015,2.7541015,28709,5.7182994,24.737354,62.019096,159079,0,2,6,-197.3417,-125.672775,-33.101166,53.22308,97.59356,0.039063334,-0.056369573,0.060571905,17242358,7,1171,0.009138396,744
7000075000075,22000700001156,7000075000078,7000075000000,22,4.5195556,7000075000076,-1,7000075000074,7000075000075,-1,33,1.9795104,1.9795104,2.065576,28709,5.803396,24.789064,62.04421,159079,0,2,6,-190.3039,-114.50767,-35.017414,48.615738,85.14443,-0.03148693,-0.042584807,0.0033721486,17242390,7,1156,0.009367702,88
7000075000076,21000700001219,7000075000078,7000075000000,21,4.888449,7000075000077,-1,7000075000075,7000075000076,-1,27,1.6352477,1.549182,1.7213135,28710,5.9166713,24.845804,62.044067,159086,0,2,6,-162.78386,-104.59147,-23.933983,46.737717,82.14989,-0.058326676,-0.017102942,-0.010094353,17242386,7,1219,0.008398381,117
7000075000077,20000700001056,7000075000078,7000075000000,20,5.2888336,7000075000078,-1,7000075000076,7000075000077,-1,25,1.549182,1.549182,1.6352477,28710,5.9714866,24.885958,62.038307,159086,0,2,6,-162.17014,-105.87799,-21.059204,49.979588,93.375374,-0.060594484,0.073842816,-0.06729744,17242390,7,1056,0.0058464753,202
7000075000078,19000700000868,7000075000078,7000075000000,19,5.7238646,-1,-1,7000075000077,7000075000078,-1,24,1.4631164,1.4631164,1.6352477,28710,6.051294,24.950651,62.058056,159086,0,2,6,-151.47696,-104.044975,-21.595581,50.74777,84.713066,-0.036294952,0.09119829,-0.056100033,17242392,7,868,0.006985205,958
7000075000079,26000700000618,7000075000085,7000075000000,26,3.3080978,7000075000080,-1,7000075000070,7000075000071,-1,23,0.0,0.0,0.0,28709,5.3141203,24.492058,61.857887,159079,0,2,6,-146.08562,-105.302826,67.595474,45.669746,75.069405,-0.056321517,-0.04563432,0.006812352,17245465,7,618,0.010053397,851
7000075000080,25000700001261,7000075000085,7000075000000,25,3.575905,7000075000081,-1,7000075000079,7000075000080,-1,45,3.442627,3.442627,3.6147583,28709,5.3935704,24.557636,61.80266,159079,0,2,6,-162.61475,-103.11936,41.623775,48.63953,91.839455,-0.040046632,-0.0028370952,0.026238313,17242483,7,1261,0.011789022,192
7000075000081,24000700001180,7000075000085,7000075000000,24,3.8656828,7000075000082,-1,7000075000080,7000075000081,-1,43,3.3565612,3.3565612,3.6147583,28709,5.4654937,24.619265,61.764538,159079,0,2,6,-159.2473,-101.6069,32.346386,55.651443,96.35274,-0.036183726,-0.030614235,0.055523705,17245465,7,1180,0.010282398,267
7000075000082,23000700001175,7000075000085,7000075000000,23,4.1794686,7000075000083,-1,7000075000081,7000075000082,-1,38,3.098364,3.098364,3.18443,28709,5.566764,24.674707,61.764652,159079,0,2,6,-159.80322,-95.43388,22.83102,57.908123,106.007744,-0.027679998,0.027918616,0.052833214,17242588,7,1175,0.007379649,369
7000075000083,22000700001059,7000075000085,7000075000000,22,4.5195556,7000075000084,-1,7000075000082,7000075000083,-1,36,2.7541015,2.7541015,2.7541015,28709,5.6530275,24.731493,61.746693,159079,0,2,6,-152.92566,-91.43146,20.758564,51.980347,96.91464,-0.025075506,0.030006927,0.06720854,17242477,7,1059,0.008641478,266
7000075000084,21000700001126,7000075000085,7000075000000,21,4.888449,7000075000085,-1,7000075000083,7000075000084,-1,29,1.6352477,1.6352477,1.8073791,28709,5.7362657,24.800262,61.75657,159079,0,2,6,-157.90999,-98.50189,25.165115,49.334373,80.052086,-0.01789606,0.017752215,0.04980504,17242477,7,1126,0.009221866,626
7000075000085,20000700001011,7000075000085,7000075000000,20,5.2888336,-1,-1,7000075000084,7000075000085,-1,26,0.0,0.0,0.0,28709,5.850288,24.828438,61.762787,159079,0,2,6,-156.88237,-86.57339,22.119541,41.353573,66.41981,-0.080115505,0.028909657,0.023379833,17242477,7,1011,0.012185238,635
7000075000086,31000700000477,7000075000094,7000075000000,31,2.2394855,7000075000087,-1,7000075000065,7000075000066,-1,29,0.0,0.0,0.0,28709,4.6974664,23.944353,61.924385,159076,0,2,6,-264.68054,-55.035244,-74.7539,48.028004,75.37447,0.021413116,-0.10864743,0.12292818,2437301,7,477,0.011154522,369
7000075000087,30000700000395,7000075000094,7000075000000,30,2.422044,7000075000088,-1,7000075000086,7000075000067,-1,45,0.0,0.0,0.0,28709,4.8812356,23.998459,61.95671,159076,0,2,6,-238.1241,-85.64515,-59.681984,52.815536,81.59921,-0.097666636,-0.19332166,0.04566868,2437314,7,395,0.014905957,55
7000075000088,29000700000377,7000075000094,7000075000000,29,2.6188614,7000075000089,-1,7000075000087,7000075000068,-1,95,0.0,0.0,0.0,28709,4.9677644,24.052704,61.979393,159077,0,2,6,-230.28278,-93.02212,-81.990715,67.48315,111.386375,-0.3605184,-0.39466348,0.10597523,17245574,7,377,0.017825762,89
7000075000089,28000700000753,7000075000094,7000075000000,28,2.8311827,7000075000090,-1,7000075000088,7000075000089,-1,102,7.9180417,7.659845,8.004107,28709,5.101542,24.137363,62.02148,159077,0,2,6,-220.85881,-93.95897,-71.20312,69.20474,113.51724,-0.335794,-0.52080774,0.152117,17245574,7,753,0.01686784,417
7000075000090,27000700000825,7000075000094,7000075000000,27,3.060419,7000075000091,-1,7000075000089,7000075000090,-1,84,5.8524656,5.7664,5.8524656,28709,5.1928835,24.181086,62.05542,159077,0,2,6,-203.57191,-101.8762,-64.81832,65.35767,106.3653,-0.24475986,-0.3574037,0.19782536,2440294,7,825,0.014468704,78
7000075000091,26000700000940,7000075000094,7000075000000,26,3.3080978,7000075000092,-1,7000075000090,7000075000091,-1,68,4.905743,4.8196774,4.991809,28709,5.2934856,24.24205,62.100796,159077,0,2,6,-180.8707,-106.285416,-69.518036,59.500538,99.51517,-0.14845079,-0.18069826,0.1891315,2440294,7,940,0.016216405,352
7000075000092,25000700001487,7000075000094,7000075000000,25,3.575905,7000075000093,-1,7000075000091,7000075000092,-1,39,3.442627,3.3565612,3.442627,28709,5.383574,24.303097,62.11618,159077,0,2,6,-146.82994,-112.21671,-51.43223,55.86154,97.16433,-0.017654186,-0.031182157,-0.02123287,2437305,7,1487,0.010239794,476
7000075000093,24000700001374,7000075000094,7000075000000,24,3.8656828,7000075000094,-1,7000075000092,7000075000093,-1,37,2.840167,2.7541015,2.840167,28709,5.4497457,24.345728,62.11516,159077,0,2,6,-147.58153,-107.48403,-52.090504,54.213078,89.48836,-0.014891466,-0.0071127196,-0.030183956,2440293,7,1374,0.010089994,136
7000075000094,23000700001614,7000075000094,7000075000000,23,4.1794686,-1,-1,7000075000093,7000075000094,-1,28,1.4631164,1.4631164,1.9795104,28709,5.551169,24.415384,62.162426,159079,0,2,6,-151.36964,-109.12449,-53.639854,48.117363,80.9343,0.036924656,-0.069362335,0.029512255,2437305,7,1614,0.008476096,587
7000075000095,36000700002809,7000075000097,7000075000000,36,1.5036365,7000075000096,7000075000098,7000075000026,7000075000095,-1,24,2.065576,2.065576,2.2377074,28732,3.6930857,23.637903,61.523613,159021,0,2,6,-38.349464,-3.7771425,-12.366443,31.219852,52.37617,0.1956602,-0.09030128,-0.1681032,17298313,7,2809,0.017540654,657
7000075000096,35000700002911,7000075000097,7000075000000,35,1.6302707,7000075000097,-1,7000075000095,7000075000096,-1,29,0.86065674,0.774591,0.86065674,28732,3.6859362,23.57367,61.53903,159021,0,2,6,-54.19695,4.552598,-26.810884,25.591093,46.62381,0.22880052,0.016006082,-0.007213998,17245031,7,2911,0.029102996,220
7000075000097,34000700003077,7000075000097,7000075000000,34,1.766336,-1,-1,7000075000096,7000075000097,-1,25,0.516394,0.0,0.516394,28732,3.7338228,23.678698,61.54966,159021,0,2,6,-68.31542,1.3538926,-33.899635,24.906034,42.37819,0.16027316,0.12374554,0.04444895,17298302,7,3077,0.031999268,289
7000075000098,36000700000230,7000075000098,7000075000000,36,1.5036365,-1,-1,7000075000026,7000075000027,-1,23,0.0,0.0,0.0,28709,3.9458675,23.61376,61.73882,159076,0,2,6,-111.79602,-10.872987,-18.458061,46.853855,78.8958,0.028030114,-0.009975647,0.11574684,2437305,7,230,0.009504208,537
7000075000099,40000700002113,7000075000104,7000075000000,40,1.0778745,7000075000100,-1,7000075000022,7000075000099,-1,22,2.840167,2.1516418,2.5819702,28732,3.5688303,23.689783,61.330963,159017,0,2,6,-281.54333,-150.67496,90.783516,27.33756,48.981316,0.13859442,0.12779294,-0.018459853,17242419,7,2113,0.021958103,570
7000075000100,39000700002180,7000075000104,7000075000000,39,1.173417,7000075000101,-1,7000075000099,7000075000100,-1,33,3.3565612,2.065576,3.0122986,28732,3.7077465,23.776808,61.284336,159017,0,2,6,-269.5227,-162.73521,64.251396,32.575375,52.69246,-0.37054643,-0.050375234,0.12058045,17242421,7,2180,0.0243878,496
7000075000101,38000700002352,7000075000104,7000075000000,38,1.2758462,7000075000102,-1,7000075000100,7000075000101,-1,36,1.8073791,1.549182,1.8073791,28732,3.8682415,23.849607,61.251186,159017,0,2,6,-260.69583,-168.64742,46.531227,34.752193,52.21143,-0.4802903,-0.13700601,0.096176386,17245526,7,2352,0.028957933,161
7000075000102,37000700003892,7000075000104,7000075000000,37,1.3857181,7000075000103,-1,7000075000101,7000075000102,-1,24,1.6352477,1.4631164,1.6352477,28709,4.020215,23.927948,61.22022,159072,0,2,6,-274.04736,-137.76543,42.5062,29.578732,52.621986,0.15375222,0.11902664,-0.094092146,17242419,7,3892,0.020467376,853
7000075000103,36000700003882,7000075000104,7000075000000,36,1.5036365,7000075000104,-1,7000075000102,7000075000103,-1,23,1.4631164,1.1188537,1.4631164,28709,4.1750865,23.974802,61.21007,159072,0,2,6,-270.62,-134.86844,37.12368,32.039795,55.26861,0.17783803,0.12644161,-0.11236508,17242419,7,3882,0.01636802,617
7000075000104,35000700004112,7000075000104,7000075000000,35,1.6302707,-1,-1,7000075000103,7000075000104,-1,20,1.2049193,1.2049193,1.2909851,28709,4.3275533,24.078392,61.187134,159072,0,2,6,-267.13406,-122.02363,32.304436,32.57157,57.15883,0.10307688,0.100402564,-0.13652316,17242419,7,4112,0.012462235,58
7000075000105,41000700003130,7000075000112,7000075000000,41,0.98870814,7000075000106,7000075000113,7000075000021,7000075000105,-1,30,2.1516418,1.9795104,2.1516418,28737,3.7865674,23.091072,61.72622,158143,0,2,6,-338.7747,150.14691,22.872667,32.66383,56.623856,0.009432502,0.028337691,-0.16757894,17298740,7,3130,0.019878993,168
7000075000106,40000700003362,7000075000112,7000075000000,40,1.0778745,7000075000107,-1,7000075000105,7000075000106,-1,29,2.4098387,2.1516418,2.4098387,28798,3.963609,23.004345,61.73205,158198,0,2,6,-321.07693,130.09961,28.498497,31.769766,60.40063,-0.042857625,-0.072092935,-0.14110477,17299196,7,3362,0.017518803,920
7000075000107,39000700003335,7000075000112,7000075000000,39,1.173417,7000075000108,-1,7000075000106,7000075000107,-1,30,2.5819702,2.1516418,2.5819702,28798,4.13945,22.9272,61.723923,158198,0,2,6,-310.60645,114.45766,30.749609,32.761692,58.912373,-0.084527604,-0.08633152,-0.18956997,17298740,7,3335,0.021177549,906
7000075000108,38000700003727,7000075000112,7000075000000,38,1.2758462,7000075000109,-1,7000075000107,7000075000108,-1,26,2.065576,2.065576,2.065576,28798,4.313086,22.867048,61.695274,158198,0,2,6,-295.0908,100.617676,30.665018,35.011272,63.53265,-0.03901449,-0.026920801,-0.09107517,17299187,7,3727,0.013501818,180
7000075000109,37000700003879,7000075000112,7000075000000,37,1.3857181,7000075000110,-1,7000075000108,7000075000109,-1,23,1.8934448,1.8073791,1.8934448,28798,4.476758,22.832039,61.671066,158198,0,2,6,-291.96094,92.21298,30.005766,37.759544,70.76347,-0.04708224,-0.06107495,-0.0121802185,17299187,7,3879,0.008870188,907
7000075000110,36000700003634,7000075000112,7000075000000,36,1.5036365,7000075000111,-1,7000075000109,7000075000110,-1,25,1.7213135,1.7213135,1.7213135,28798,4.6377993,22.785946,61.66964,158198,0,2,6,-284.9567,81.087776,30.262169,30.557096,61.418427,0.037148267,-0.0325531,2.37103E-4,17298740,7,3634,0.014790309,887
7000075000111,35000700003985,7000075000112,7000075000000,35,1.6302707,7000075000112,-1,7000075000110,7000075000111,-1,23,1.549182,1.2909851,1.549182,28798,4.793578,22.727674,61.660206,158198,0,2,6,-275.13904,73.308556,30.861496,25.039701,52.995956,0.044020742,0.023960536,0.015895342,17298740,7,3985,0.016626216,535
7000075000112,34000700003936,7000075000112,7000075000000,34,1.766336,-1,-1,7000075000111,7000075000112,-1,23,1.2049193,1.032788,1.2049193,28798,4.954996,22.675455,61.649483,158199,0,2,6,-270.69778,66.64738,33.178413,25.31051,50.82802,0.05378099,0.0231091,0.024333505,17298746,7,3936,0.01907062,761
7000075000113,41000700000273,7000075000129,7000075000000,41,0.98870814,7000075000114,-1,7000075000021,7000075000022,-1,23,0.0,0.0,0.0,28737,3.5568678,23.286663,61.804684,158143,0,2,6,-163.86122,-36.36366,-44.136494,27.946987,58.475357,0.045369726,0.019138845,0.045565546,17351777,7,273,0.017713476,540
7000075000114,39000700000281,7000075000129,7000075000000,39,1.173417,7000075000115,-1,7000075000113,7000075000024,-1,24,0.0,0.0,0.0,28737,3.7068849,23.383825,61.799366,158143,0,2,6,-112.543045,-136.06871,55.180145,41.24439,70.74505,0.057699565,-0.026069902,0.014929296,17351774,7,281,0.011708871,652
7000075000115,37000700000214,7000075000129,7000075000000,37,1.3857181,7000075000116,-1,7000075000114,7000075000026,-1,20,0.0,0.0,0.0,28732,3.858132,23.684225,61.655094,159021,0,2,6,-271.48642,-341.33405,105.81713,50.113922,81.5273,-0.0021063376,-0.06279951,-0.03482049,17242347,7,214,0.007445682,36
7000075000116,36000700000229,7000075000129,7000075000000,36,1.5036365,7000075000117,-1,7000075000115,7000075000027,7000075000098,43,0.0,0.0,0.0,28709,4.018313,23.857475,61.62649,159076,0,2,6,-293.85345,-286.73108,44.68828,42.238632,79.13381,0.08645252,-0.06572539,-0.11884858,17351777,7,229,0.014598703,756
7000075000117,35000700001505,7000075000129,7000075000000,35,1.6302707,7000075000118,-1,7000075000116,7000075000117,-1,69,5.508203,5.2500057,5.680334,28709,4.199246,24.00481,61.60926,159076,0,2,6,-290.08347,-244.32104,13.434304,49.675213,85.80415,0.03552353,-0.15462783,-0.009907995,17351773,7,1505,0.020070467,207
7000075000118,34000700001617,7000075000129,7000075000000,34,1.766336,7000075000119,-1,7000075000117,7000075000118,-1,65,4.8196774,4.6475463,4.991809,28709,4.3629403,24.127058,61.610577,159076,0,2,6,-287.64462,-219.60875,5.189492,51.39518,92.25939,0.10562944,-0.20453672,0.036345743,17351775,7,1617,0.018677445,297
7000075000119,33000700001685,7000075000129,7000075000000,33,1.9126327,7000075000120,-1,7000075000118,7000075000119,-1,55,4.991809,4.905743,5.0778747,28709,4.5242233,24.253567,61.605705,159076,0,2,6,-285.65292,-213.38434,-10.806916,44.573483,83.584564,-0.058230318,-0.12688364,0.018082904,17351775,7,1685,0.018011963,383
7000075000120,32000700001823,7000075000129,7000075000000,32,2.0700274,7000075000121,-1,7000075000119,7000075000120,-1,52,3.7868896,3.6147583,3.8729553,28709,4.6944118,24.374357,61.604736,159076,0,2,6,-281.84018,-198.44147,-8.475933,47.113335,90.82472,-0.086323604,-0.15665384,0.03844256,17242347,7,1823,0.017943803,42
7000075000121,31000700002324,7000075000129,7000075000000,31,2.2394855,7000075000122,-1,7000075000120,7000075000121,-1,40,3.2704954,3.18443,3.2704954,28709,4.83771,24.482159,61.59999,159078,0,2,6,-272.61536,-186.01622,-10.567325,50.668488,88.780525,-0.083334945,-0.085018285,-0.12650448,17351777,7,2324,0.011209317,828
7000075000122,30000700002264,7000075000129,7000075000000,30,2.422044,7000075000123,-1,7000075000121,7000075000122,-1,38,2.6680357,2.5819702,2.6680357,28709,4.9800406,24.578024,61.57016,159079,0,2,6,-265.4529,-176.7375,-11.718077,46.369186,77.14202,-0.019490069,-0.06134825,-0.11442338,17242347,7,2264,0.0126677565,251
7000075000123,29000700002518,7000075000129,7000075000000,29,2.6188614,7000075000124,-1,7000075000122,7000075000123,-1,33,2.4098387,2.4098387,2.4098387,28709,5.1276784,24.675968,61.585632,159079,0,2,6,-260.68106,-165.09792,-12.985448,48.05807,85.85995,-0.076483116,-0.1303702,-0.034892306,17351775,7,2518,0.009906357,65
7000075000124,28000700002008,7000075000129,7000075000000,28,2.8311827,7000075000125,-1,7000075000123,7000075000124,-1,39,2.4098387,2.4098387,2.4098387,28709,5.2673073,24.760725,61.599266,159079,0,2,6,-254.41678,-159.10744,-10.5696125,47.04863,107.20712,-0.076893166,-0.12864871,-0.055387758,17351775,7,2008,0.01275293,651
7000075000125,27000700002390,7000075000129,7000075000000,27,3.060419,7000075000126,-1,7000075000124,7000075000125,-1,30,2.4959044,2.4098387,2.4959044,28709,5.415512,24.856482,61.607414,159079,0,2,6,-244.45547,-154.60051,-5.3098707,46.798428,85.072716,-5.873665E-4,-0.06421563,0.031740718,17351773,7,2390,0.008940595,485
7000075000126,26000700002325,7000075000129,7000075000000,26,3.3080978,7000075000127,-1,7000075000125,7000075000126,-1,28,2.4098387,2.4098387,2.4959044,28709,5.5678606,24.950024,61.625206,159079,0,2,6,-238.76213,-142.97592,-12.513107,49.508507,84.189,0.035327718,-0.061181452,-0.029081836,17242335,7,2325,0.008419014,632
7000075000127,25000700001952,7000075000129,7000075000000,25,3.575905,7000075000128,-1,7000075000126,7000075000127,-1,31,2.1516418,2.1516418,2.1516418,28709,5.6906505,25.033073,61.649334,159079,0,2,6,-231.85292,-139.77338,-8.98918,44.040363,81.31845,0.04362243,-0.10751682,0.026029762,17351773,7,1952,0.0102485465,760
7000075000128,24000700002192,7000075000129,7000075000000,24,3.8656828,7000075000129,-1,7000075000127,7000075000128,-1,25,1.8934448,1.8934448,1.9795104,28709,5.8232217,25.118876,61.669758,159079,0,2,6,-234.60452,-142.85904,-19.16692,50.002094,89.30869,-0.009097949,-0.024000626,-0.050742988,17242327,7,2192,0.006279584,819
7000075000129,23000700002016,7000075000129,7000075000000,23,4.1794686,-1,-1,7000075000128,7000075000129,-1,24,1.8934448,1.8934448,1.8934448,28710,5.9678774,25.190573,61.67482,159086,0,2,6,-230.62532,-135.71764,-18.5568,43.422787,80.38361,0.008845283,-0.01089667,-0.045500457,17242327,7,2016,0.00745602,63
7000075000130,45000700000235,7000075000142,7000075000000,45,0.6871088,7000075000131,7000075000143,7000075000017,7000075000018,-1,21,0.0,0.0,0.0,28737,3.0331333,23.19626,61.708305,158143,0,2,6,-540.0324,10.086478,-91.82486,40.999542,69.04256,0.15819629,0.05655263,0.16345914,17352168,7,235,0.011720506,381
7000075000131,44000700000269,7000075000142,7000075000000,44,0.75503564,7000075000132,-1,7000075000130,7000075000019,7000075000166,23,0.0,0.0,0.0,28737,3.299168,23.212566,61.735973,158143,0,2,6,-533.8054,-55.786823,1.082294,33.45923,61.769733,0.117484726,-0.06521033,0.08721516,17352587,7,269,0.013752739,312
7000075000132,43000700000245,7000075000142,7000075000000,43,0.8276991,7000075000133,-1,7000075000131,7000075000020,7000075000145,24,0.0,0.0,0.0,28737,3.5505967,23.250418,61.717365,158143,0,2,6,-480.9333,-96.61808,26.474085,32.43863,58.962646,0.0994314,0.070501216,0.16441506,17352587,7,245,0.014151072,779
7000075000133,42000700003047,7000075000142,7000075000000,42,0.9054624,7000075000134,-1,7000075000132,7000075000133,-1,31,2.6680357,2.3237731,2.6680357,28737,3.775367,23.30539,61.71205,158143,0,2,6,-435.38324,-107.66406,33.456657,26.318724,53.943943,0.05487126,0.14749263,0.12899214,17352639,7,3047,0.022919059,498
7000075000134,41000700003203,7000075000142,7000075000000,41,0.98870814,7000075000135,-1,7000075000133,7000075000134,-1,31,2.2377074,1.549182,2.065576,28798,3.9813738,23.373674,61.701317,158198,0,2,6,-402.66278,-110.27378,32.36797,26.620338,50.878075,0.051189933,0.094766155,0.074938685,17352335,7,3203,0.025375815,523
7000075000135,40000700003283,7000075000142,7000075000000,40,1.0778745,7000075000136,-1,7000075000134,7000075000135,-1,30,1.2909851,1.2909851,1.2909851,28709,4.191073,23.443996,61.683624,159076,0,2,6,-379.85663,-111.11998,32.319748,28.582039,58.21844,0.05430427,0.19223575,0.09276336,17352330,7,3283,0.03031544,1
7000075000136,39000700003338,7000075000142,7000075000000,39,1.173417,7000075000137,-1,7000075000135,7000075000136,-1,29,1.2909851,1.1188537,1.2909851,28709,4.378284,23.520266,61.658783,159076,0,2,6,-360.10733,-110.73359,33.34559,29.226051,55.739246,0.048942786,0.15791966,0.089153655,17352580,7,3338,0.031655554,711
7000075000137,38000700003517,7000075000142,7000075000000,38,1.2758462,7000075000138,-1,7000075000136,7000075000137,-1,27,1.8934448,1.6352477,1.8934448,28709,4.5949435,23.534748,61.645836,159076,0,2,6,-338.96457,-108.98453,30.735647,28.904446,54.488983,0.053876236,0.060263008,-0.09301008,17352594,7,3517,0.018397465,65
7000075000138,37000700003556,7000075000142,7000075000000,37,1.3857181,7000075000139,-1,7000075000137,7000075000138,-1,26,2.2377074,1.8073791,2.2377074,28709,4.7544193,23.591805,61.624447,159076,0,2,6,-325.18057,-110.19231,30.384338,32.130203,56.00725,0.04468462,0.074118204,0.037974082,17352639,7,3556,0.016765358,454
7000075000139,36000700003650,7000075000142,7000075000000,36,1.5036365,7000075000140,-1,7000075000138,7000075000139,-1,25,2.1516418,2.065576,2.1516418,28709,4.946283,23.648615,61.609756,159077,0,2,6,-314.33725,-108.30786,26.404615,34.19032,60.91061,0.029629368,0.037014596,0.046055246,17352639,7,3650,0.0151955495,796
7000075000140,35000700003717,7000075000142,7000075000000,35,1.6302707,7000075000141,-1,7000075000139,7000075000140,-1,25,2.065576,1.9795104,2.065576,28709,5.1152344,23.724197,61.60247,159077,0,2,6,-302.16885,-101.85055,19.84568,37.211697,60.690975,0.12134132,0.079062104,0.008663665,17352639,7,3717,0.013922721,449
7000075000141,33000700003757,7000075000142,7000075000000,33,1.9126327,7000075000142,-1,7000075000140,7000075000141,-1,24,0.6885254,0.6885254,0.6885254,28709,5.465642,23.837317,61.6055,159077,0,2,6,-284.94406,-98.56988,15.906996,27.768606,50.455746,0.12891002,0.048501704,-0.08801174,17352359,7,3757,0.022040134,315
7000075000142,32000700003922,7000075000142,7000075000000,32,2.0700274,-1,-1,7000075000141,7000075000142,-1,21,0.60245967,0.516394,0.60245967,28709,5.6244383,23.888208,61.590866,159077,0,2,6,-270.66507,-94.18391,16.017284,24.476147,45.25699,0.1347924,-0.016014073,-0.008696969,17352594,7,3922,0.024192221,804
7000075000143,45000700000234,7000075000164,7000075000000,45,0.6871088,7000075000144,-1,7000075000017,7000075000018,7000075000130,24,0.0,0.0,0.0,28732,3.0665598,23.459927,61.58574,159021,0,2,6,-167.40028,-33.293507,-5.149278,33.169827,62.77702,-0.17417757,0.14584619,0.05989048,17298841,7,234,0.014762857,923
7000075000144,44000700000268,7000075000164,7000075000000,44,0.75503564,7000075000145,-1,7000075000143,7000075000019,7000075000131,26,0.0,0.0,0.0,28732,3.1414492,23.455378,61.58213,159021,0,2,6,-127.21945,138.155,23.129076,38.794865,72.214645,-0.14187609,0.17033656,0.01778964,17298860,7,268,0.011747884,541
7000075000145,43000700000246,7000075000164,7000075000000,43,0.8276991,7000075000146,-1,7000075000144,7000075000020,-1,24,0.0,0.0,0.0,28737,3.2340896,23.329426,61.56934,158143,0,2,6,-303.2132,279.19928,61.425568,50.60153,85.763885,-0.10586137,0.09847111,0.0558796,17299043,7,246,0.009348402,216
7000075000146,42000700000233,7000075000164,7000075000000,42,0.9054624,7000075000147,-1,7000075000145,7000075000021,-1,42,0.0,0.0,0.0,28737,3.3960977,23.206879,61.5407,158143,0,2,6,-309.5762,163.65442,28.758614,39.349857,80.49036,0.012554347,0.109383464,-0.12207132,17298860,7,233,0.01373077,52
7000075000147,41000700001685,7000075000164,7000075000000,41,0.98870814,7000075000148,-1,7000075000146,7000075000147,-1,52,4.3032837,4.131152,4.3032837,28737,3.550586,23.146355,61.54081,158143,0,2,6,-302.29785,124.1769,12.844044,39.417843,78.74628,-0.0044484334,0.15001021,-0.004987457,2383998,7,1685,0.016540343,488
7000075000148,40000700002222,7000075000164,7000075000000,40,1.0778745,7000075000149,-1,7000075000147,7000075000148,-1,50,4.217218,4.131152,4.217218,28737,3.7039595,23.075706,61.53383,158143,0,2,6,-292.61865,104.91498,-1.6069604,43.83294,87.26768,-0.05642234,0.041194785,-0.057268165,17298829,7,2222,0.012655708,467
7000075000149,39000700002212,7000075000164,7000075000000,39,1.173417,7000075000150,-1,7000075000148,7000075000149,-1,50,4.4754148,4.3032837,4.4754148,28737,3.8695405,23.02523,61.520897,158139,0,2,6,-279.43378,91.34555,-9.0976305,42.978638,80.86485,-0.09570154,0.15577671,-0.053661056,17298855,7,2212,0.015403156,142
7000075000150,38000700002070,7000075000164,7000075000000,38,1.2758462,7000075000151,-1,7000075000149,7000075000150,-1,54,4.4754148,4.3032837,4.4754148,28798,4.006749,22.980164,61.529957,158198,0,2,6,-269.07803,82.62666,-13.272711,42.314003,84.16337,-0.15922083,0.02234752,-0.032677718,17298855,7,2070,0.014631259,475
7000075000151,37000700001940,7000075000164,7000075000000,37,1.3857181,7000075000152,-1,7000075000150,7000075000151,-1,57,4.3893495,3.8729553,4.3893495,28798,4.1684833,22.934513,61.538258,158198,0,2,6,-261.4696,75.961235,-13.673982,44.048042,86.627914,-0.14506403,-0.04514857,-0.041277405,17298837,7,1940,0.014923997,36
7000075000152,36000700002038,7000075000164,7000075000000,36,1.5036365,7000075000153,-1,7000075000151,7000075000152,-1,54,4.3032837,4.131152,4.3032837,28798,4.2903023,22.888523,61.551178,158198,0,2,6,-254.97571,72.30055,-19.302525,43.67425,80.60178,-0.20919536,-0.14752921,-0.113649264,2383998,7,2038,0.018330725,814
7000075000153,35000700002216,7000075000164,7000075000000,35,1.6302707,7000075000154,-1,7000075000152,7000075000153,-1,49,4.217218,4.217218,4.3032837,28798,4.4443703,22.867174,61.55348,158198,0,2,6,-243.60527,64.31957,-22.129942,43.149784,81.94023,0.019463945,0.12509538,-0.19967519,2383984,7,2216,0.0143744005,1
7000075000154,34000700001978,7000075000164,7000075000000,34,1.766336,7000075000155,-1,7000075000153,7000075000154,-1,53,4.3032837,4.131152,4.3032837,28798,4.5735884,22.808619,61.56077,158198,0,2,6,-240.3274,63.47097,-25.257866,44.341953,80.86685,0.05594584,0.10406956,-0.1830053,17298878,7,1978,0.017955294,939
7000075000155,33000700001925,7000075000164,7000075000000,33,1.9126327,7000075000156,-1,7000075000154,7000075000155,-1,53,4.3893495,4.217218,4.3893495,28798,4.716279,22.803577,61.58112,158198,0,2,6,-235.67575,61.309364,-28.344784,48.450035,86.011284,-0.03549081,0.1527039,-0.11680574,17298878,7,1925,0.013818584,802
7000075000156,32000700002031,7000075000164,7000075000000,32,2.0700274,7000075000157,-1,7000075000155,7000075000156,-1,48,3.7008238,3.7008238,3.7868896,28798,4.8413806,22.773643,61.600414,158198,0,2,6,-229.39195,57.898087,-30.4025,45.058132,84.95877,-0.04091355,0.171628,-0.15050933,17298830,7,2031,0.014022311,685
7000075000157,31000700002034,7000075000164,7000075000000,31,2.2394855,7000075000158,-1,7000075000156,7000075000157,-1,46,2.840167,2.7541015,2.840167,28798,4.992151,22.753868,61.618534,158199,0,2,6,-223.04881,57.56935,-33.25775,42.135456,76.4988,-0.047409635,0.101254016,-0.037861694,17298836,7,2034,0.01578355,609
7000075000158,30000700002153,7000075000164,7000075000000,30,2.422044,7000075000159,-1,7000075000157,7000075000158,-1,41,2.840167,2.840167,2.840167,28798,5.1052127,22.722515,61.63418,158199,0,2,6,-219.96135,55.70234,-34.812366,40.38565,74.9114,-0.075693265,0.19515525,-0.049678292,17298830,7,2153,0.014913938,985
7000075000159,29000700002006,7000075000164,7000075000000,29,2.6188614,7000075000160,-1,7000075000158,7000075000159,-1,41,2.2377074,2.065576,2.5819702,28798,5.219558,22.683094,61.666286,158199,0,2,6,-220.00214,54.40497,-33.447754,45.42797,79.59129,-0.09909058,0.18452172,-0.024898944,17298830,7,2006,0.015987769,220
7000075000160,28000700002101,7000075000164,7000075000000,28,2.8311827,7000075000161,-1,7000075000159,7000075000160,-1,36,2.7541015,2.7541015,2.7541015,28798,5.345852,22.621407,61.67394,158199,0,2,6,-212.80656,49.911137,-37.667145,44.56602,79.67816,-0.10846822,0.14917433,0.009764681,17298830,7,2101,0.012320418,872
7000075000161,27000700002380,7000075000164,7000075000000,27,3.060419,7000075000162,-1,7000075000160,7000075000161,-1,30,2.3237731,2.2377074,2.3237731,28798,5.4582105,22.583916,61.69203,158199,0,2,6,-205.00316,50.039455,-33.400646,44.150745,82.10652,-0.06308094,0.067646466,-0.048765983,17298871,7,2380,0.010223452,662
7000075000162,26000700002098,7000075000164,7000075000000,26,3.3080978,7000075000163,-1,7000075000161,7000075000162,-1,32,1.2909851,1.2909851,1.2909851,28798,5.560452,22.52352,61.706055,158199,0,2,6,-195.4353,52.03154,-30.290064,40.29631,69.43647,-0.08159065,0.08488494,-0.06701193,17298871,7,2098,0.015711773,573
7000075000163,25000700001689,7000075000164,7000075000000,25,3.575905,7000075000164,-1,7000075000162,7000075000163,-1,35,0.774591,0.6885254,0.86065674,28798,5.655308,22.535566,61.735966,158199,0,2,6,-193.9484,53.74023,-31.336815,41.382256,71.24818,-0.10607072,0.09338664,-0.10151475,17298828,7,1689,0.016955376,938
7000075000164,24000700002719,7000075000164,7000075000000,24,3.8656828,-1,-1,7000075000163,7000075000164,-1,20,1.3770508,1.3770508,1.4631164,28798,5.791492,22.448627,61.69681,158197,0,2,6,-195.89648,57.179623,-15.260033,49.530228,82.61833,-0.059048023,0.016379178,-0.050630104,17298828,7,2719,0.008255492,279
7000075000165,46000700000248,7000075000188,7000075000000,46,0.6235901,7000075000166,-1,7000075000016,7000075000017,-1,31,0.0,0.0,0.0,28737,2.893826,23.317724,61.38666,158138,0,2,6,-196.38809,-169.54312,-131.24826,42.188843,68.732254,-0.008898084,0.009873262,-0.03222472,17298922,7,248,0.013496246,613
7000075000166,44000700000270,7000075000188,7000075000000,44,0.75503564,7000075000167,-1,7000075000165,7000075000019,-1,20,0.0,0.0,0.0,28737,3.1226053,23.38715,61.591774,158143,0,2,6,-335.06488,45.383602,-305.74832,49.419884,73.77955,0.0468555,-0.048771232,-0.0133461375,17298929,7,270,0.008294161,826
7000075000167,43000700000244,7000075000188,7000075000000,43,0.8276991,7000075000168,-1,7000075000166,7000075000020,7000075000132,74,0.0,0.0,0.0,28737,3.314293,23.34169,61.69712,158143,0,2,6,-438.57632,139.72981,-100.38388,64.185036,103.07791,0.02083559,-0.18039358,0.057431143,17298722,7,244,0.015261379,752
7000075000168,42000700000232,7000075000188,7000075000000,42,0.9054624,7000075000169,-1,7000075000167,7000075000021,7000075000146,82,0.0,0.0,0.0,28737,3.527747,23.284681,61.737606,158143,0,2,6,-399.90152,106.00403,-48.670944,53.74048,95.28031,0.06865752,-0.24940622,-0.04301419,17299232,7,232,0.018255247,611
7000075000169,41000700000272,7000075000188,7000075000000,41,0.98870814,7000075000170,-1,7000075000168,7000075000022,7000075000113,101,0.0,0.0,0.0,28737,3.7310514,23.21679,61.75559,158143,0,2,6,-356.472,82.52802,-34.4246,49.875732,90.38992,0.048464067,-0.32578853,-0.20534252,17298922,7,272,0.025885936,573
7000075000170,40000700001222,7000075000188,7000075000000,40,1.0778745,7000075000171,-1,7000075000169,7000075000170,-1,111,9.295093,8.606567,9.209027,28798,3.9219923,23.186165,61.769047,158198,0,2,6,-334.2543,61.524315,-20.762922,51.843143,90.69444,0.1564561,0.019930411,0.0468994,17298922,7,1222,0.026853453,173
7000075000171,39000700001203,7000075000188,7000075000000,39,1.173417,7000075000172,-1,7000075000170,7000075000171,-1,117,8.9508295,8.090173,8.9508295,28798,4.076583,23.164062,61.787643,158198,0,2,6,-317.2638,54.257896,-18.858988,52.857418,95.30218,-0.110685244,-0.09152207,-0.17363587,17298722,7,1203,0.02592747,167
7000075000172,38000700001183,7000075000188,7000075000000,38,1.2758462,7000075000173,-1,7000075000171,7000075000172,-1,112,9.209027,8.348371,9.209027,28798,4.2383323,23.16216,61.802322,158198,0,2,6,-292.44684,37.50637,-16.064896,50.415737,92.45038,0.114521615,-0.07456696,0.046152566,17299232,7,1183,0.027437529,591
7000075000173,37000700001117,7000075000188,7000075000000,37,1.3857181,7000075000174,-1,7000075000172,7000075000173,-1,115,9.209027,8.9508295,9.295093,28798,4.402285,23.12983,61.821354,158198,0,2,6,-286.61038,30.988682,-12.200457,57.208633,95.76542,0.12405944,-0.097318746,-0.04392935,17298928,7,1117,0.023989119,416
7000075000174,36000700001113,7000075000188,7000075000000,36,1.5036365,7000075000175,-1,7000075000173,7000075000174,-1,116,9.122961,8.778699,9.209027,28798,4.5546007,23.12979,61.818913,158198,0,2,6,-279.0435,27.2344,-9.444863,60.807384,102.22057,0.09677236,-0.114969514,-0.076827586,17298922,7,1113,0.022154588,72
7000075000175,35000700001167,7000075000188,7000075000000,35,1.6302707,7000075000176,-1,7000075000174,7000075000175,-1,106,8.692633,8.434436,8.692633,28798,4.6896243,23.124468,61.817616,158198,0,2,6,-264.32272,24.517786,-4.4502473,58.101887,104.11766,0.22434112,-0.17925669,-0.13107066,17298933,7,1167,0.021190997,985
7000075000176,34000700001215,7000075000188,7000075000000,34,1.766336,7000075000177,-1,7000075000175,7000075000176,-1,93,8.004107,7.659845,8.004107,28798,4.812132,23.097775,61.799805,158198,0,2,6,-261.2798,14.994288,-5.6341367,56.414803,89.68187,0.2636816,-0.11674005,-0.1335176,17299214,7,1215,0.025223635,88
7000075000177,33000700001214,7000075000188,7000075000000,33,1.9126327,7000075000178,-1,7000075000176,7000075000177,-1,88,5.508203,5.508203,5.508203,28798,4.9705024,23.07397,61.79962,158199,0,2,6,-254.21901,13.554743,-1.7744322,51.39918,88.58989,0.29234347,-0.1270763,-0.105185784,17299219,7,1214,0.02272761,898
7000075000178,32000700001570,7000075000188,7000075000000,32,2.0700274,7000075000179,-1,7000075000177,7000075000178,-1,63,4.8196774,4.733612,4.8196774,28798,5.115739,23.063944,61.79749,158199,0,2,6,-237.44962,19.41356,-7.9278216,50.767365,86.524765,0.18114705,-0.047636792,-0.024904879,17298932,7,1570,0.016160445,775
7000075000179,31000700001637,7000075000188,7000075000000,31,2.2394855,7000075000180,-1,7000075000178,7000075000179,-1,57,4.6475463,4.6475463,4.6475463,28798,5.270309,23.027866,61.833153,158199,0,2,6,-236.58208,19.96051,-9.076061,47.97259,85.411766,0.12245841,-0.075540856,-0.04575159,17299005,7,1637,0.015565282,378
7000075000180,30000700001729,7000075000188,7000075000000,30,2.422044,7000075000181,-1,7000075000179,7000075000180,-1,50,4.3893495,4.3893495,4.733612,28798,5.41313,23.033567,61.83057,158199,0,2,6,-244.18074,16.252535,-5.738601,54.21351,99.310715,0.13214786,0.022159187,-0.03930913,17298931,7,1729,0.010123721,327
7000075000181,29000700001628,7000075000188,7000075000000,29,2.6188614,7000075000182,-1,7000075000180,7000075000181,-1,51,4.131152,4.131152,4.217218,28798,5.5497766,23.022789,61.845497,158199,0,2,6,-235.96613,12.092332,-2.8512964,55.547955,94.7246,0.12359644,0.015804,-0.06311056,17298721,7,1628,0.013266369,935
7000075000182,28000700001658,7000075000188,7000075000000,28,2.8311827,7000075000183,-1,7000075000181,7000075000182,-1,46,3.7868896,3.7868896,3.7868896,28798,5.6889524,23.029222,61.85256,158199,0,2,6,-219.86543,8.862921,-1.1305859,54.715843,90.65821,0.14775571,-0.02823994,-0.04074808,17298993,7,1658,0.01254548,385
7000075000183,27000700002011,7000075000188,7000075000000,27,3.060419,7000075000184,-1,7000075000182,7000075000183,-1,34,3.098364,3.098364,3.18443,28798,5.7811246,23.037222,61.83868,158199,0,2,6,-212.63795,-4.3036776,23.267136,51.933186,88.12999,0.038955577,-0.02317248,-9.962291E-4,17299005,7,2011,0.011890887,493
7000075000184,26000700001980,7000075000188,7000075000000,26,3.3080978,7000075000185,-1,7000075000183,7000075000184,-1,34,1.9795104,1.9795104,2.3237731,28799,5.9075923,23.041601,61.7954,158206,0,2,6,-198.47725,0.95124793,21.348309,38.92295,75.27772,-0.025447525,-0.023605565,-0.05806448,17299001,7,1980,0.01332912,70
7000075000185,25000700002189,7000075000188,7000075000000,25,3.575905,7000075000186,-1,7000075000184,7000075000185,-1,28,1.8073791,1.7213135,1.8073791,28799,6.0079947,23.045467,61.811413,158206,0,2,6,-197.45314,-7.533795,21.380344,40.633846,76.38026,-0.0443985,-0.012471779,0.011989005,17298721,7,2189,0.010124601,667
7000075000186,24000700002617,7000075000188,7000075000000,24,3.8656828,7000075000187,-1,7000075000185,7000075000186,-1,21,1.7213135,1.7213135,1.8073791,28799,6.099771,23.056778,61.79656,158206,0,2,6,-180.9905,-6.7107034,15.598097,48.2766,90.35492,0.0034160167,0.008062926,-0.010965077,17298721,7,2617,0.006978702,837
7000075000187,23000700002414,7000075000188,7000075000000,23,4.1794686,7000075000188,-1,7000075000186,7000075000187,-1,20,1.549182,1.3770508,1.6352477,28799,6.2243595,23.060112,61.775276,158206,0,2,6,-177.9487,-6.336224,13.407175,43.517536,81.079414,-0.014856523,0.028993357,-0.019672476,17299001,7,2414,0.006874984,625
7000075000188,22000700002067,7000075000188,7000075000000,22,4.5195556,-1,-1,7000075000187,7000075000188,-1,20,1.2049193,1.2049193,1.2049193,28799,6.341511,23.070976,61.771015,158206,0,2,6,-172.74255,-4.201212,14.184852,35.55947,72.27132,-0.012001282,-0.0199475,-0.024893928,17299000,7,2067,0.008165159,665
7000075000189,52000700000283,7000075000201,7000075000000,52,0.31970343,7000075000190,-1,7000075000010,7000075000011,-1,27,0.0,0.0,0.0,28737,2.5380359,23.18836,61.584522,158142,0,2,6,-316.24777,16.777548,-262.06628,31.94686,56.099854,0.04268252,-0.040907707,0.09345857,2437330,7,283,0.016791126,293
7000075000190,51000700000278,7000075000201,7000075000000,51,0.36234027,7000075000191,-1,7000075000189,7000075000012,-1,24,0.0,0.0,0.0,28737,2.6370015,23.186712,61.673424,158142,0,2,6,-272.07275,17.826008,-241.2843,27.95958,54.758175,-0.023623394,0.024519227,0.100543454,2437330,7,278,0.019361338,996
7000075000191,50000700000255,7000075000201,7000075000000,50,0.40789944,7000075000192,-1,7000075000190,7000075000013,-1,25,0.0,0.0,0.0,28737,2.7553074,23.185295,61.761726,158142,0,2,6,-240.84842,19.044823,-216.45097,27.82475,49.275345,-0.017785838,0.038950067,0.10267755,2437330,7,255,0.023234492,939
7000075000192,49000700000261,7000075000201,7000075000000,49,0.45657724,7000075000193,-1,7000075000191,7000075000014,-1,22,0.0,0.0,0.0,28737,2.7948394,23.180618,61.854507,158142,0,2,6,-235.72069,9.230616,-196.37895,24.442404,38.47709,-0.012266485,0.29831925,0.33249924,17352386,7,261,0.03963517,287
7000075000193,48000700000243,7000075000201,7000075000000,48,0.5085914,7000075000194,-1,7000075000192,7000075000015,-1,22,0.0,0.0,0.0,28737,2.8898244,23.186407,61.923466,158142,0,2,6,-224.18814,-6.3825345,-173.97464,29.29573,52.506065,-0.024081476,0.13491924,0.17587398,2330489,7,243,0.024446113,885
7000075000194,47000700000243,7000075000201,7000075000000,47,0.5641766,7000075000195,-1,7000075000193,7000075000016,-1,24,0.0,0.0,0.0,28737,3.0010061,23.193352,61.988358,158143,0,2,6,-228.0979,-6.913739,-152.15094,27.298405,53.236187,0.031939108,0.21425135,0.05060984,2330492,7,243,0.018617768,574
7000075000195,46000700003223,7000075000201,7000075000000,46,0.6235901,7000075000196,-1,7000075000194,7000075000195,-1,30,2.4098387,2.065576,2.2377074,28737,3.1097393,23.190176,62.05147,158143,0,2,6,-226.53403,-6.3288426,-135.34119,27.521059,50.258106,0.036933485,0.21618965,0.20560826,2330492,7,3223,0.02412374,181
7000075000196,45000700003188,7000075000201,7000075000000,45,0.6871088,7000075000197,-1,7000075000195,7000075000196,-1,29,2.5819702,2.1516418,2.4959044,28737,3.2292497,23.182024,62.120316,158143,0,2,6,-232.32297,-7.1783457,-120.58816,28.988487,54.150967,0.048926186,0.27625588,0.13994417,2440481,7,3188,0.023084939,373
7000075000197,44000700003240,7000075000201,7000075000000,44,0.75503564,7000075000198,-1,7000075000196,7000075000197,-1,29,2.4959044,2.1516418,2.4959044,28737,3.3478749,23.193253,62.17574,158143,0,2,6,-232.80037,-12.505321,-102.91999,33.59045,62.715,-0.031129194,0.21791856,0.13447455,2330530,7,3240,0.017285634,745
7000075000198,43000700003104,7000075000201,7000075000000,43,0.8276991,7000075000199,-1,7000075000197,7000075000198,-1,31,2.4098387,2.4098387,2.4098387,28737,3.4666996,23.194698,62.201176,158143,0,2,6,-236.50108,-23.571726,-91.282074,30.583384,55.02128,0.01263357,0.16372406,0.15167238,2330634,7,3104,0.01963025,424
7000075000199,42000700003109,7000075000201,7000075000000,42,0.9054624,7000075000200,-1,7000075000198,7000075000199,-1,31,2.065576,1.549182,2.065576,28737,3.5926056,23.209415,62.23122,158143,0,2,6,-243.3535,-32.79524,-81.25724,32.024532,65.84996,0.03513312,0.037096716,0.16448155,2330530,7,3109,0.027177818,906
7000075000200,41000700003627,7000075000201,7000075000000,41,0.98870814,7000075000201,-1,7000075000199,7000075000200,-1,27,1.1188537,1.032788,1.1188537,28737,3.7325752,23.223717,62.255898,158143,0,2,6,-248.57162,-43.20592,-70.31063,25.44373,48.426388,0.11301811,0.07028721,0.13655005,2440481,7,3627,0.030046301,883
7000075000201,40000700003351,7000075000201,7000075000000,40,1.0778745,-1,-1,7000075000200,7000075000201,-1,30,0.86065674,0.774591,0.86065674,28737,3.8730907,23.246328,62.283066,158143,0,2,6,-248.42125,-56.772003,-64.351685,23.85651,47.44443,0.055098925,0.044750698,0.08977423,2330530,7,3351,0.035748754,232
7000075000202,56000700000257,7000075000225,7000075000000,56,0.17489761,7000075000203,-1,7000075000006,7000075000007,7000075000442,28,0.0,0.0,0.0,28737,2.1245525,23.181288,61.362366,158138,0,2,6,-237.58788,-228.6338,208.41005,35.899864,62.16847,0.048264768,0.0035835057,-0.007800512,17298116,7,257,0.017085327,739
7000075000203,54000700000249,7000075000225,7000075000000,54,0.24246909,7000075000204,-1,7000075000202,7000075000009,7000075000444,38,0.0,0.0,0.0,28737,2.2235389,23.305338,61.251286,158138,0,2,6,-133.43643,-171.51582,136.66293,32.4971,58.026917,-0.012220419,-0.12778932,0.049740333,17298260,7,249,0.02198573,177
7000075000204,53000700000290,7000075000225,7000075000000,53,0.2798018,7000075000205,-1,7000075000203,7000075000010,7000075000445,35,0.0,0.0,0.0,28737,2.274238,23.356415,61.21979,158138,0,2,6,-110.07723,-143.55933,103.51711,34.219475,60.859867,-0.031285033,-0.09393318,0.09065396,17298260,7,290,0.019470356,817
7000075000205,52000700000281,7000075000225,7000075000000,52,0.31970343,7000075000206,-1,7000075000204,7000075000011,7000075000446,41,0.0,0.0,0.0,28737,2.307168,23.40165,61.17089,158138,0,2,6,-92.08984,-117.11049,82.549706,36.735504,70.65331,-0.0027560766,-0.14436333,0.1054986,17298344,7,281,0.019599011,828
7000075000206,51000700002063,7000075000225,7000075000000,51,0.36234027,7000075000207,-1,7000075000205,7000075000206,-1,41,5.1639404,4.3032837,4.6475463,28737,2.3485003,23.434423,61.1522,158138,0,2,6,-84.3377,-92.54798,62.430996,32.623688,60.942055,-0.0472801,-0.1062524,0.14524093,17298344,7,2063,0.022467276,767
7000075000207,50000700002006,7000075000225,7000075000000,50,0.40789944,7000075000208,-1,7000075000206,7000075000207,-1,41,4.3032837,3.18443,3.6147583,28732,2.3805947,23.47933,61.14507,159016,0,2,6,-78.39916,-69.070496,41.123413,31.5393,61.72921,-0.045259997,-0.0825503,0.1537237,17298350,7,2006,0.024314653,213
7000075000208,49000700001457,7000075000225,7000075000000,49,0.45657724,7000075000209,-1,7000075000207,7000075000208,-1,42,3.7008238,3.18443,3.442627,28732,2.4060137,23.492481,61.12162,159016,0,2,6,-74.581085,-44.810104,22.384914,28.739977,60.216484,0.028587682,-0.14133817,0.22232802,17298323,7,1457,0.023974799,870
7000075000209,48000700001953,7000075000225,7000075000000,48,0.5085914,7000075000210,-1,7000075000208,7000075000209,-1,45,3.442627,2.2377074,3.098364,28732,2.4376066,23.526812,61.140743,159016,0,2,6,-78.113205,-24.734795,6.5776944,28.863493,52.037914,-0.10022049,-0.041226607,0.0046114097,17298104,7,1953,0.032136675,26
7000075000210,47000700002146,7000075000225,7000075000000,47,0.5641766,7000075000211,-1,7000075000209,7000075000210,-1,48,3.3565612,2.6680357,3.2704954,28732,2.474823,23.531664,61.128567,159016,0,2,6,-84.48072,-7.4385905,-6.4593616,30.02261,56.145985,-0.06380264,0.01924001,0.13784389,17298350,7,2146,0.029623229,650
7000075000211,46000700002200,7000075000225,7000075000000,46,0.6235901,7000075000212,-1,7000075000210,7000075000211,-1,45,3.7008238,3.0122986,3.442627,28732,2.5128012,23.519117,61.127316,159016,0,2,6,-90.94492,7.1808953,-20.967323,32.022552,61.66771,-0.25883934,-0.1671484,0.20017104,17298106,7,2200,0.02786684,690
7000075000212,45000700002122,7000075000225,7000075000000,45,0.6871088,7000075000213,-1,7000075000211,7000075000212,-1,47,3.8729553,2.4959044,3.7868896,28732,2.542586,23.491531,61.13241,159016,0,2,6,-100.0861,19.010843,-27.962826,32.089745,55.945423,-0.2008324,-0.14908417,0.21278632,17298104,7,2122,0.035549108,374
7000075000213,44000700002108,7000075000225,7000075000000,44,0.75503564,7000075000214,-1,7000075000212,7000075000213,-1,47,3.7008238,3.2704954,3.7008238,28732,2.5964913,23.506083,61.12207,159016,0,2,6,-105.93073,30.67591,-35.24756,33.694798,58.156685,-0.25066337,-0.27840713,0.22972248,17298338,7,2108,0.028311443,365
7000075000214,43000700002409,7000075000225,7000075000000,43,0.8276991,7000075000215,-1,7000075000213,7000075000214,-1,43,3.3565612,3.098364,3.2704954,28732,2.6376505,23.485044,61.157288,159016,0,2,6,-112.07155,38.911175,-38.909763,35.286762,61.297142,-0.3025884,-0.27221635,0.26420817,17298344,7,2409,0.021886364,979
7000075000215,42000700002474,7000075000225,7000075000000,42,0.9054624,7000075000216,-1,7000075000214,7000075000215,-1,41,3.7868896,2.840167,3.7868896,28732,2.70783,23.478077,61.16979,159016,0,2,6,-120.86668,41.561306,-44.565193,33.572617,60.646812,-0.23366775,-0.36746484,0.28178665,17298331,7,2474,0.022577155,406
7000075000216,41000700002454,7000075000225,7000075000000,41,0.98870814,7000075000217,-1,7000075000215,7000075000216,-1,44,3.0122986,1.549182,3.0122986,28732,2.7752912,23.484192,61.188995,159016,0,2,6,-127.119225,49.209576,-44.88234,33.128513,57.27691,-0.28476295,-0.29680145,0.26152685,17298331,7,2454,0.032236606,704
7000075000217,40000700002399,7000075000225,7000075000000,40,1.0778745,7000075000218,-1,7000075000216,7000075000217,-1,45,2.9262328,1.8934448,2.6680357,28732,2.8536904,23.46371,61.230057,159016,0,2,6,-129.19124,53.50018,-47.374046,35.37925,57.81786,-0.26834264,-0.35761583,0.33688536,17298104,7,2399,0.030646564,492
7000075000218,39000700002472,7000075000225,7000075000000,39,1.173417,7000075000219,-1,7000075000217,7000075000218,-1,44,2.9262328,2.6680357,2.9262328,28737,2.9218998,23.412798,61.26525,158138,0,2,6,-135.37866,57.47045,-47.082397,34.1604,62.19915,-0.3273818,-0.3696171,0.28293112,17298323,7,2472,0.02492199,252
7000075000219,38000700002511,7000075000225,7000075000000,38,1.2758462,7000075000220,-1,7000075000218,7000075000219,-1,41,1.9795104,1.8934448,1.9795104,28737,3.0052638,23.35626,61.30563,158139,0,2,6,-131.93135,57.616394,-48.46051,32.597977,56.817165,-0.35962433,-0.51139706,0.46337095,17298134,7,2511,0.027471345,788
7000075000220,37000700004373,7000075000225,7000075000000,37,1.3857181,7000075000221,-1,7000075000219,7000075000220,-1,20,0.86065674,0.774591,0.86065674,28737,3.0371394,23.36391,61.259315,158139,0,2,6,-116.53656,40.932587,-48.634266,24.948042,44.495384,0.13987847,-0.10791728,0.018395955,17298116,7,4373,0.023044026,390
7000075000221,36000700002555,7000075000225,7000075000000,36,1.5036365,7000075000222,-1,7000075000220,7000075000221,-1,38,1.1188537,1.032788,1.1188537,28737,3.2151098,23.248652,61.39823,158139,0,2,6,-143.11876,63.19835,-46.067383,29.684162,47.47671,-0.31284052,-0.43416673,0.3729566,17298344,7,2555,0.049284354,228
7000075000222,35000700004222,7000075000225,7000075000000,35,1.6302707,7000075000223,-1,7000075000221,7000075000222,-1,20,1.2909851,0.9467224,1.2909851,28737,3.305594,23.23389,61.427032,158139,0,2,6,-158.78658,81.52958,-40.144592,25.560091,49.43743,0.002680667,-0.12659988,-0.10682586,17298106,7,4222,0.019518545,905
7000075000223,34000700004322,7000075000225,7000075000000,34,1.766336,7000075000224,-1,7000075000222,7000075000223,-1,20,1.1188537,1.032788,1.1188537,28737,3.3839548,23.15647,61.42656,158139,0,2,6,-159.00117,78.31259,-41.897152,26.032745,54.246147,-0.056591194,-0.10878162,-0.09256611,17298106,7,4322,0.01697596,915
7000075000224,33000700004272,7000075000225,7000075000000,33,1.9126327,7000075000225,-1,7000075000223,7000075000224,-1,20,1.3770508,1.3770508,1.3770508,28737,3.479529,23.132425,61.44382,158139,0,2,6,-156.3671,76.14369,-40.999752,30.834497,58.294445,-0.062431473,-0.11582672,-0.09467008,17298133,7,4272,0.011981419,737
7000075000225,32000700004181,7000075000225,7000075000000,32,2.0700274,-1,-1,7000075000224,7000075000225,-1,20,1.2909851,1.2909851,1.4631164,28737,3.5819702,23.09711,61.47686,158139,0,2,6,-154.4453,70.18083,-41.72143,34.983562,60.097717,-0.014355375,-0.13352054,-0.09045053,17298133,7,4181,0.012881743,391
7000075000226,59000700000245,7000075000296,7000075000000,59,0.08928783,7000075000227,-1,7000075000003,7000075000004,-1,23,0.0,0.0,0.0,28736,1.8496082,23.093788,61.43342,158131,0,2,6,-295.3272,53.279045,-120.166405,52.149323,95.46662,-0.060875416,-0.077954486,0.045714144,17298789,7,245,0.0057700463,533
7000075000227,58000700000244,7000075000296,7000075000000,58,0.11588337,7000075000228,-1,7000075000226,7000075000005,7000075000440,38,0.0,0.0,0.0,28736,1.9134761,23.093966,61.44918,158131,0,2,6,-191.9419,-54.963997,-28.166855,48.264973,94.57679,0.0751402,-0.19279882,-0.036019076,17298789,7,244,0.0100256875,387
7000075000228,56000700000255,7000075000296,7000075000000,56,0.17489761,7000075000229,-1,7000075000227,7000075000007,7000075000304,60,0.0,0.0,0.0,28737,1.9959716,23.129583,61.38621,158138,0,2,6,-187.97552,-8.86389,104.28104,59.67862,113.30286,0.16469556,0.14640173,0.011834685,17298785,7,255,0.010516945,459
7000075000229,55000700000310,7000075000296,7000075000000,55,0.20754863,7000075000230,-1,7000075000228,7000075000008,7000075000443,50,0.0,0.0,0.0,28737,2.0590904,23.131874,61.379005,158138,0,2,6,-242.60295,-9.029907,-46.964504,59.897186,114.50112,-0.046341516,-0.06467296,0.08548135,17298789,7,310,0.008821817,270
7000075000230,53000700000288,7000075000296,7000075000000,53,0.2798018,7000075000231,-1,7000075000229,7000075000010,7000075000307,101,0.0,0.0,0.0,28737,2.271086,23.169695,61.508762,158138,0,2,6,-299.54242,-125.104034,-162.66554,67.00264,126.27934,-0.09376722,-0.20054893,0.09495318,17298789,7,288,0.0134499315,826
7000075000231,52000700000279,7000075000296,7000075000000,52,0.31970343,7000075000232,-1,7000075000230,7000075000011,7000075000308,179,0.0,0.0,0.0,28737,2.3677301,23.212307,61.543797,158142,0,2,6,-263.9592,-114.70251,-88.30171,83.95806,135.74266,0.06602913,-0.44982806,-0.14426173,17298510,7,279,0.018889457,412
7000075000232,51000700000275,7000075000296,7000075000000,51,0.36234027,7000075000233,-1,7000075000231,7000075000012,7000075000309,190,0.0,0.0,0.0,28737,2.4665918,23.260012,61.58683,158142,0,2,6,-238.62561,-100.91387,-37.495728,83.86006,134.46036,0.13837138,-0.58165693,-0.21062277,17298465,7,275,0.020097116,781
7000075000233,50000700000252,7000075000296,7000075000000,50,0.40789944,7000075000234,-1,7000075000232,7000075000013,7000075000310,166,0.0,0.0,0.0,28737,2.562734,23.293917,61.589123,158142,0,2,6,-219.4921,-67.63126,19.151306,66.627785,126.69487,-0.07441621,-0.54628253,-0.01504061,17294650,7,252,0.021010797,344
7000075000234,49000700000258,7000075000267,7000075000000,49,0.45657724,7000075000235,7000075000268,7000075000233,7000075000014,7000075000311,195,0.0,0.0,0.0,28737,2.6554205,23.306246,61.57553,158142,0,2,6,-189.74393,-30.177261,76.069275,71.473854,123.18528,0.06533654,-0.21269228,-0.21759379,17294650,7,258,0.02604168,764
7000075000235,48000700000240,7000075000267,7000075000000,48,0.5085914,7000075000236,-1,7000075000234,7000075000015,7000075000312,191,0.0,0.0,0.0,28737,2.7213323,23.308182,61.51439,158138,0,2,6,-188.0822,44.20227,150.8742,107.071686,155.84781,-0.07625837,-0.28735676,-0.46350592,17294598,7,240,0.015856,999
7000075000236,47000700000239,7000075000267,7000075000000,47,0.5641766,7000075000237,-1,7000075000235,7000075000016,7000075000313,109,0.0,0.0,0.0,28737,2.776381,23.236994,61.441753,158138,0,2,6,-191.23282,295.80222,177.37636,86.10265,142.49208,-0.024818504,0.013140689,0.15988778,17294650,7,239,0.010196439,866
7000075000237,46000700000244,7000075000267,7000075000000,46,0.6235901,7000075000238,-1,7000075000236,7000075000017,7000075000314,203,0.0,0.0,0.0,28737,2.877385,23.10886,61.387253,158138,0,2,6,-269.1447,221.68748,89.32343,82.07679,136.93756,-0.14065857,0.04313682,-0.19411977,17294598,7,244,0.020726942,472
7000075000238,45000700000231,7000075000267,7000075000000,45,0.6871088,7000075000239,-1,7000075000237,7000075000018,7000075000315,280,0.0,0.0,0.0,28737,3.0148365,23.030241,61.346737,158139,0,2,6,-259.4299,141.49135,59.35535,83.430244,144.92703,-0.07761499,-0.12965152,-0.33892664,17298465,7,231,0.025802817,439
7000075000239,44000700000497,7000075000267,7000075000000,44,0.75503564,7000075000240,-1,7000075000238,7000075000239,7000075000272,444,43.72136,39.848404,42.688572,28737,3.1366053,22.973318,61.324303,158139,0,2,6,-228.60797,131.52118,32.95276,81.56373,149.11618,-0.1116113,0.35891408,-1.4162782,17294598,7,497,0.042389486,90
7000075000240,43000700000479,7000075000267,7000075000000,43,0.8276991,7000075000241,-1,7000075000239,7000075000240,7000075000273,402,39.848404,32.274628,38.471355,28737,3.2490542,22.918285,61.30522,158139,0,2,6,-221.60046,108.667885,18.732502,80.18645,141.7685,0.20364411,0.09494148,-1.0429795,17298510,7,479,0.039269943,796
7000075000241,42000700000496,7000075000267,7000075000000,42,0.9054624,7000075000242,-1,7000075000240,7000075000241,7000075000274,343,32.44676,28.832,31.586102,28737,3.3536036,22.87633,61.302937,158139,0,2,6,-210.02072,90.59042,9.505371,81.59087,143.60193,0.2825111,-0.14690658,-0.26855838,17294598,7,496,0.03095448,994
7000075000242,41000700000654,7000075000267,7000075000000,41,0.98870814,7000075000243,-1,7000075000241,7000075000242,-1,323,29.950853,27.799212,29.692657,28737,3.4562635,22.834946,61.300026,158139,0,2,6,-202.23206,83.96306,0.66563797,80.51391,141.68434,0.27582312,-0.09776732,-0.10557966,17298502,7,654,0.029935297,24
7000075000243,40000700000525,7000075000267,7000075000000,40,1.0778745,7000075000244,-1,7000075000242,7000075000243,7000075000276,340,28.832,26.508226,28.573803,28737,3.5549672,22.793125,61.30037,158139,0,2,6,-194.87816,81.27996,-8.498351,78.10989,143.0575,0.22079618,-0.14537588,-0.05455766,17298789,7,525,0.0343583,776
7000075000244,39000700000685,7000075000267,7000075000000,39,1.173417,7000075000245,-1,7000075000243,7000075000244,-1,296,26.077898,25.217241,25.991833,28737,3.6761107,22.75338,61.30745,158139,0,2,6,-189.75748,77.90966,-14.572223,76.788574,139.10008,0.36083364,-0.04283197,-0.038431168,17298503,7,685,0.03004734,516
7000075000245,38000700000663,7000075000267,7000075000000,38,1.2758462,7000075000246,-1,7000075000244,7000075000245,-1,267,24.700848,23.409863,24.700848,28737,3.7741036,22.708517,61.316727,158139,0,2,6,-187.85928,71.88759,-18.768093,80.42596,141.90007,0.15143311,0.041673534,-0.0065596355,17298509,7,663,0.025800135,935
7000075000246,37000700000611,7000075000267,7000075000000,37,1.3857181,7000075000247,-1,7000075000245,7000075000246,-1,281,23.84019,22.979534,23.84019,28737,3.875701,22.66849,61.32655,158139,0,2,6,-189.27832,72.554085,-18.289787,79.772,143.75435,0.32521957,-0.18167436,0.07749636,17298519,7,611,0.026239825,22
7000075000247,36000700000638,7000075000267,7000075000000,36,1.5036365,7000075000248,-1,7000075000246,7000075000247,-1,267,23.323797,22.204943,23.66806,28798,3.9744616,22.624401,61.327423,158194,0,2,6,-184.78731,72.29929,-20.980719,81.03823,148.3613,0.31173125,-0.08991335,0.070397735,17298509,7,638,0.024884745,950
7000075000248,35000700000588,7000075000267,7000075000000,35,1.6302707,7000075000249,-1,7000075000247,7000075000248,-1,286,24.614782,23.84019,24.700848,28798,4.079576,22.589903,61.348484,158194,0,2,6,-178.23811,68.95734,-19.522373,76.56582,138.3914,0.29605517,-0.08123606,0.052009586,17298509,7,588,0.028168496,95
7000075000249,34000700000560,7000075000267,7000075000000,34,1.766336,7000075000250,-1,7000075000248,7000075000249,-1,266,23.754126,22.807404,24.184454,28798,4.1782117,22.553099,61.361336,158194,0,2,6,-179.11098,64.38518,-19.35566,85.78099,144.03473,0.25297454,-0.07236083,0.027796345,17298423,7,560,0.02453921,289
7000075000250,33000700000503,7000075000267,7000075000000,33,1.9126327,7000075000251,-1,7000075000249,7000075000250,-1,277,23.237732,22.377075,23.323797,28798,4.2805386,22.534655,61.375885,158194,0,2,6,-176.83781,62.086628,-21.3067,84.27406,149.0668,0.23395948,-0.04499003,0.12185665,17298540,7,503,0.023402907,989
7000075000251,32000700000481,7000075000267,7000075000000,32,2.0700274,7000075000252,-1,7000075000250,7000075000251,-1,257,22.118877,21.430351,22.721336,28798,4.3864536,22.497938,61.382248,158194,0,2,6,-173.33543,52.85664,-22.735361,82.64938,143.3921,-0.09626187,0.13192658,-0.009966079,17298423,7,481,0.024407715,426
7000075000252,31000700000506,7000075000267,7000075000000,31,2.2394855,7000075000253,-1,7000075000251,7000075000252,-1,220,20.0533,19.536907,20.225433,28798,4.472523,22.487556,61.42313,158194,0,2,6,-168.98381,52.041355,-23.552681,92.18771,147.68434,0.19221179,0.1053577,-0.0131276585,17298509,7,506,0.01955446,965
7000075000253,30000700000430,7000075000267,7000075000000,30,2.422044,7000075000254,-1,7000075000252,7000075000253,-1,224,18.418055,17.987726,18.590185,28798,4.5814104,22.441643,61.424324,158192,0,2,6,-166.35571,53.847065,-21.640718,87.79437,149.7464,0.22302721,0.10466349,0.022531664,17294650,7,430,0.01995194,497
7000075000254,29000700000458,7000075000267,7000075000000,29,2.6188614,7000075000255,-1,7000075000253,7000075000254,-1,198,15.147558,15.061493,15.836083,28798,4.689268,22.418661,61.435104,158192,0,2,6,-174.02745,49.84585,-22.680025,78.25526,135.06721,0.12084596,0.17584097,0.034111418,17294650,7,458,0.02081811,530
7000075000255,28000700000462,7000075000267,7000075000000,28,2.8311827,7000075000256,-1,7000075000254,7000075000255,-1,174,14.11477,13.684442,14.459033,28798,4.792738,22.384071,61.452038,158192,0,2,6,-169.54561,47.21593,-20.260218,78.97128,136.7515,0.06751649,-0.05194845,0.0602068,17298546,7,462,0.01847626,902
7000075000256,27000700000448,7000075000267,7000075000000,27,3.060419,7000075000257,-1,7000075000255,7000075000256,-1,155,13.168048,12.909851,13.51231,28798,4.8828373,22.363077,61.463005,158193,0,2,6,-160.35144,48.1402,-19.433325,81.4951,137.02846,-0.0044668675,-0.053709917,-0.018545289,17298487,7,448,0.016348261,182
7000075000257,26000700000413,7000075000267,7000075000000,26,3.3080978,7000075000258,-1,7000075000256,7000075000257,-1,143,11.446734,11.016406,11.618866,28798,4.964374,22.312944,61.467007,158193,0,2,6,-156.4816,46.043453,-14.365868,79.23312,139.20103,-0.08297036,-0.025988711,0.01238487,17298850,7,413,0.013854248,803
7000075000258,25000700000387,7000075000267,7000075000000,25,3.575905,7000075000259,-1,7000075000257,7000075000258,-1,130,10.413946,10.327881,10.672143,28798,5.059643,22.258545,61.47801,158193,0,2,6,-145.0922,45.566277,-6.6430283,82.22774,133.44936,-0.012842051,0.079237565,-0.08752477,17298545,7,387,0.014877058,358
7000075000259,24000700000343,7000075000267,7000075000000,24,3.8656828,7000075000260,-1,7000075000258,7000075000259,-1,120,9.036896,8.9508295,9.381158,28798,5.142128,22.238579,61.482323,158193,0,2,6,-145.21848,45.089447,-4.5976305,77.74546,130.5538,0.13912357,0.07923114,-0.035951387,17298504,7,343,0.014225395,174
7000075000260,23000700000318,7000075000267,7000075000000,23,4.1794686,7000075000261,-1,7000075000259,7000075000260,-1,108,6.885254,6.885254,7.4877133,28798,5.238622,22.23828,61.49315,158193,0,2,6,-145.75429,35.851055,-7.4133625,71.32419,126.75411,0.061813094,0.117964335,-0.0014470113,17298528,7,318,0.013357603,438
7000075000261,22000700000288,7000075000267,7000075000000,22,4.5195556,7000075000262,-1,7000075000260,7000075000261,-1,100,6.971319,6.971319,7.659845,28798,5.3092294,22.236488,61.517666,158193,0,2,6,-140.61581,32.247974,-6.5241637,74.56123,132.35367,0.016658776,0.14811921,-0.04069869,17298542,7,288,0.011761982,618
7000075000262,21000700000288,7000075000267,7000075000000,21,4.888449,7000075000263,-1,7000075000261,7000075000262,-1,83,6.885254,6.885254,7.1434507,28798,5.3686047,22.240469,61.514538,158193,0,2,6,-140.94778,34.0962,-11.753423,79.87859,132.49538,0.017491113,0.06677846,-0.013753621,17298501,7,288,0.009189054,747
7000075000263,20000700000213,7000075000267,7000075000000,20,5.2888336,7000075000264,-1,7000075000262,7000075000263,-1,84,5.9385314,5.9385314,6.4549255,28798,5.43141,22.181332,61.495907,158193,0,2,6,-131.2219,34.60856,-9.890079,78.827286,132.87141,-0.0065677366,0.02892932,0.0052007367,17298519,7,213,0.009977864,941
7000075000264,19000700000202,7000075000267,7000075000000,19,5.7238646,7000075000265,-1,7000075000263,7000075000264,-1,69,5.594269,5.508203,5.7664,28798,5.4974055,22.176525,61.50661,158193,0,2,6,-123.62984,38.966324,-8.316579,81.7642,140.85654,-0.054797288,-0.028709669,0.07674829,17298544,7,202,0.007654673,738
7000075000265,18000700000185,7000075000267,7000075000000,18,6.1968336,7000075000266,-1,7000075000264,7000075000265,-1,58,4.3032837,4.3032837,4.4754148,28798,5.561987,22.155828,61.511333,158193,0,2,6,-118.69997,37.089516,-9.934583,74.47957,128.67416,0.009096763,-0.0021391853,0.07305777,17298504,7,185,0.0070390604,764
7000075000266,17000700000157,7000075000267,7000075000000,17,6.7115865,7000075000267,-1,7000075000265,7000075000266,-1,49,2.6680357,2.6680357,2.6680357,28798,5.6477094,22.156017,61.546906,158197,0,2,6,-120.52913,38.33329,-11.452631,68.977356,119.07583,-0.008948946,-0.011018024,0.052629046,17298544,7,157,0.0076235095,941
7000075000267,16000700000151,7000075000267,7000075000000,16,7.272188,-1,-1,7000075000266,7000075000267,-1,37,1.8934448,1.8934448,1.8934448,28798,5.6834793,22.122318,61.5485,158197,0,2,6,-110.229034,35.99906,-12.46673,60.556503,105.07818,-0.017346868,-0.08906713,0.043159463,17298493,7,151,0.006451621,844
7000075000268,49000700000260,7000075000296,7000075000000,49,0.45657724,7000075000269,-1,7000075000233,7000075000014,7000075000192,30,0.0,0.0,0.0,28737,2.5791209,23.299889,61.557014,158142,0,2,6,-239.23296,12.198839,48.82774,47.932934,86.54988,0.08956729,0.014217204,-0.03700321,17296343,7,260,0.009912762,143
7000075000269,47000700000241,7000075000296,7000075000000,47,0.5641766,7000075000270,-1,7000075000268,7000075000016,7000075000450,39,0.0,0.0,0.0,28737,2.8515697,23.267204,61.443504,158138,0,2,6,-207.29247,137.5591,194.67876,54.868492,95.99863,0.019700417,0.06978504,-0.0033223052,17296343,7,241,0.008569668,680
7000075000270,46000700000247,7000075000296,7000075000000,46,0.6235901,7000075000271,-1,7000075000269,7000075000017,7000075000165,34,0.0,0.0,0.0,28737,2.90671,23.184683,61.38538,158138,0,2,6,-96.86598,210.24094,60.5837,45.637753,91.42994,0.015808973,0.059721354,-0.08327547,17296343,7,247,0.011232483,199
7000075000271,45000700000233,7000075000296,7000075000000,45,0.6871088,7000075000272,-1,7000075000270,7000075000018,7000075000143,70,0.0,0.0,0.0,28737,2.95679,23.074324,61.370686,158139,0,2,6,-113.48767,261.85376,18.80404,54.319664,99.613045,0.009048411,0.07584619,-0.20342717,17294374,7,233,0.014941207,727
7000075000272,44000700000498,7000075000296,7000075000000,44,0.75503564,7000075000273,-1,7000075000271,7000075000239,-1,58,0.0,0.0,0.0,28737,3.022963,22.952518,61.361683,158139,0,2,6,-177.26868,252.92305,15.324111,60.772533,104.97559,-0.061725147,-0.08046275,-0.04941805,17294374,7,498,0.011470759,746
7000075000273,43000700000480,7000075000296,7000075000000,43,0.8276991,7000075000274,-1,7000075000272,7000075000240,-1,82,0.0,0.0,0.0,28737,3.1072001,22.82793,61.35001,158139,0,2,6,-221.93929,229.08371,19.581642,50.717903,92.681274,-0.09649627,-0.00782622,-0.1183863,17298762,7,480,0.0192661,857
7000075000274,42000700000497,7000075000296,7000075000000,42,0.9054624,7000075000275,-1,7000075000273,7000075000241,-1,115,0.0,0.0,0.0,28737,3.2359703,22.721594,61.332,158139,0,2,6,-251.44176,208.5855,22.40105,59.063156,105.327225,0.15035473,-0.154435,-0.24284123,17301577,7,497,0.020201992,593
7000075000275,41000700001218,7000075000296,7000075000000,41,0.98870814,7000075000276,-1,7000075000274,7000075000275,-1,111,10.672143,9.639355,10.500011,28737,3.3725019,22.626213,61.316284,158139,0,2,6,-267.5975,182.73976,22.831118,59.74698,105.642914,0.22989504,-0.13385238,-0.26354083,17301577,7,1218,0.019813335,124
7000075000276,40000700000526,7000075000296,7000075000000,40,1.0778745,7000075000277,-1,7000075000275,7000075000243,-1,106,0.0,0.0,0.0,28737,3.5064247,22.536617,61.30247,158139,0,2,6,-275.94644,161.13574,21.29046,59.654198,105.685905,0.24713649,-0.10658474,-0.27480564,17294374,7,526,0.018919908,127
7000075000277,39000700001216,7000075000296,7000075000000,39,1.173417,7000075000278,-1,7000075000276,7000075000277,-1,112,8.864764,7.831976,8.864764,28737,3.6416345,22.452444,61.27722,158137,0,2,6,-276.10025,144.03888,24.138493,54.0053,101.67968,0.20815337,-0.04272428,-0.2973345,17294382,7,1216,0.023236454,564
7000075000278,38000700001405,7000075000296,7000075000000,38,1.2758462,7000075000279,-1,7000075000277,7000075000278,-1,89,7.9180417,7.7459106,7.9180417,28737,3.7899077,22.375542,61.266396,158137,0,2,6,-265.02484,130.7224,30.109627,51.19581,99.845024,0.033731185,0.1770566,0.03133651,17294382,7,1405,0.01974789,542
7000075000279,37000700001386,7000075000296,7000075000000,37,1.3857181,7000075000280,-1,7000075000278,7000075000279,-1,86,8.176239,7.4877133,8.176239,28798,3.9388316,22.305706,61.242546,158192,0,2,6,-262.0878,116.38304,28.837837,53.956753,102.7313,0.06816884,0.08210692,-0.08748654,17294382,7,1386,0.01575512,761
7000075000280,36000700001280,7000075000296,7000075000000,36,1.5036365,7000075000281,-1,7000075000279,7000075000280,-1,95,8.778699,8.004107,8.778699,28798,4.0867047,22.248938,61.229725,158192,0,2,6,-264.2507,104.98302,29.823975,56.25192,104.620255,0.013682852,0.094605885,-0.038377725,17294383,7,1280,0.017930929,130
7000075000281,35000700001278,7000075000296,7000075000000,35,1.6302707,7000075000282,-1,7000075000280,7000075000281,-1,93,8.090173,7.831976,8.348371,28798,4.241625,22.176485,61.20417,158192,0,2,6,-255.92195,91.901794,31.320055,59.12989,102.52162,-0.008859003,0.07861327,-0.1355955,17301577,7,1278,0.01845484,342
7000075000282,34000700001200,7000075000296,7000075000000,34,1.766336,7000075000283,-1,7000075000281,7000075000282,-1,95,8.090173,8.090173,8.090173,28798,4.370538,22.131897,61.195816,158192,0,2,6,-254.47255,87.97755,32.475826,57.511406,104.436516,-0.08344387,0.040317573,-0.018246854,17296771,7,1200,0.016735878,214
7000075000283,33000700001223,7000075000296,7000075000000,33,1.9126327,7000075000284,-1,7000075000282,7000075000283,-1,88,7.4016476,7.057385,7.659845,28798,4.5182266,22.086359,61.1743,158192,0,2,6,-248.4864,75.95263,30.312803,55.518997,101.439705,-0.056229714,0.032282237,-0.113170825,17296778,7,1223,0.018635599,428
7000075000284,32000700001368,7000075000296,7000075000000,32,2.0700274,7000075000285,-1,7000075000283,7000075000284,-1,73,6.36886,6.36886,6.4549255,28798,4.6714387,22.046799,61.155785,158192,0,2,6,-243.9261,68.9301,28.806992,56.602283,102.201614,-0.09787565,0.0499623,0.022696523,17296774,7,1368,0.014169393,110
7000075000285,31000700001437,7000075000296,7000075000000,31,2.2394855,7000075000286,-1,7000075000284,7000075000285,-1,65,6.024597,6.024597,6.024597,28798,4.801029,21.993704,61.137093,158192,0,2,6,-244.25087,60.980625,27.773588,54.128063,94.91147,-0.064999774,-0.041381434,0.10272963,17296344,7,1437,0.015449853,166
7000075000286,30000700001208,7000075000296,7000075000000,30,2.422044,7000075000287,-1,7000075000285,7000075000286,-1,72,4.8196774,4.8196774,5.1639404,28798,4.945223,21.937403,61.12284,158193,0,2,6,-236.01976,57.103477,28.9088,49.658813,89.12883,0.03780358,0.077350564,0.0794114,17296777,7,1208,0.018540425,842
7000075000287,29000700001161,7000075000296,7000075000000,29,2.6188614,7000075000288,-1,7000075000286,7000075000287,-1,73,5.1639404,5.1639404,5.8524656,28798,5.0883837,21.933128,61.114384,158193,0,2,6,-235.57124,56.181725,30.022614,52.68755,98.68567,0.037790395,0.06190453,0.08746983,17298762,7,1161,0.014585548,139
7000075000288,28000700001179,7000075000296,7000075000000,28,2.8311827,7000075000289,-1,7000075000287,7000075000288,-1,66,5.4221373,5.4221373,5.594269,28798,5.230408,21.904724,61.09839,158193,0,2,6,-228.42201,56.650574,29.213493,62.993496,113.416176,0.058232065,0.022233078,-0.0682211,17296347,7,1179,0.011470012,281
7000075000289,27000700001063,7000075000296,7000075000000,27,3.060419,7000075000290,-1,7000075000288,7000075000289,-1,66,5.508203,5.508203,5.680334,28798,5.330126,21.869581,61.085453,158193,0,2,6,-217.01096,51.224583,30.418438,58.245667,104.97761,0.019620087,0.028921602,-0.022078676,17296774,7,1063,0.014384787,463
7000075000290,26000700000955,7000075000296,7000075000000,26,3.3080978,7000075000291,-1,7000075000289,7000075000290,-1,67,5.0778747,5.0778747,5.3360715,28798,5.4686794,21.852688,61.060986,158193,0,2,6,-207.46733,46.670963,28.081968,59.773552,105.030174,0.027487759,0.030680308,-0.0035870818,17296344,7,955,0.012441575,703
7000075000291,25000700001049,7000075000296,7000075000000,25,3.575905,7000075000292,-1,7000075000290,7000075000291,-1,54,4.3893495,4.3893495,4.5614805,28798,5.6100955,21.812716,61.04445,158193,0,2,6,-202.0164,43.491642,35.173756,62.283356,102.94203,-0.059447374,-0.007808535,0.040406756,17296778,7,1049,0.010017055,344
7000075000292,24000700001116,7000075000296,7000075000000,24,3.8656828,7000075000293,-1,7000075000291,7000075000292,-1,44,3.7868896,3.6147583,4.0450864,28798,5.6814923,21.788181,61.01264,158193,0,2,6,-193.59238,39.160625,34.556877,61.81084,103.60987,-0.037227884,-0.013035537,0.11216334,17299175,7,1116,0.008425147,864
7000075000293,23000700000838,7000075000296,7000075000000,23,4.1794686,7000075000294,-1,7000075000292,7000075000293,-1,51,3.18443,3.18443,3.2704954,28798,5.806536,21.771511,61.014885,158193,0,2,6,-198.52919,36.773937,29.6325,51.770702,94.01405,-0.07623836,-0.0041063563,0.15341808,17296341,7,838,0.012455631,158
7000075000294,22000700000710,7000075000296,7000075000000,22,4.5195556,7000075000295,-1,7000075000293,7000075000294,-1,50,1.6352477,1.6352477,1.8073791,28799,5.9750824,21.764723,61.023,158200,0,2,6,-189.37715,34.74446,24.55072,47.656437,84.15284,-0.081250735,0.016806006,0.123424985,17298763,7,710,0.015538765,62
7000075000295,21000700000838,7000075000296,7000075000000,21,4.888449,7000075000296,-1,7000075000294,7000075000295,-1,37,1.2909851,1.2909851,1.2909851,28799,6.037689,21.719736,60.984356,158200,0,2,6,-202.61794,41.809216,23.777292,44.09461,78.708855,-0.022978714,0.13269222,0.076623835,17296777,7,838,0.011940889,377
7000075000296,20000700000933,7000075000296,7000075000000,20,5.2888336,-1,-1,7000075000295,7000075000296,-1,28,1.2049193,1.2049193,1.2049193,28799,6.106317,21.740097,60.96124,158200,0,2,6,-188.71341,20.707937,29.228222,47.159218,77.387924,0.022423444,0.112221226,-0.11518651,17294378,7,933,0.010322527,14
