haloID,subHaloID,lastProgenitorId,treeId,snapNum,redshift,firstProgenitorId,nextProgenitorId,descendantId,firstHaloInFOFgroupId,nextHaloInFOFgroupId,np,m_Mean200,m_Crit200,m_TopHat,phKey,x,y,z,zIndex,ix,iy,iz,velX,velY,velZ,velDisp,vMax,spinX,spinY,spinZ,mostBoundID,fileNr,subhaloIndex,halfmassRadius,random
5000060000000,63000500000279,5000060000285,5000060000000,63,0.0,5000060000001,-1,-1,5000060000000,5000060000521,10498,1159.9932,780.4435,966.5175,21885,51.850475,55.070663,34.961464,242789,5,6,3,-84.42471,203.3489,-128.08525,195.79796,310.62503,5.5314217,2.2871137,7.0940423,13083169,5,279,0.20346561,824
5000060000001,62000500000314,5000060000285,5000060000000,62,0.019932542,5000060000002,-1,5000060000000,5000060000001,5000060000522,10218,1114.7225,807.3821,965.31256,21885,51.87111,55.034355,34.985207,242789,5,6,3,-88.11091,208.42198,-132.00761,205.48569,322.9346,6.6256447,2.1304166,6.450942,13083197,5,314,0.18440303,988
5000060000002,61000500000266,5000060000285,5000060000000,61,0.041403063,5000060000003,-1,5000060000001,5000060000002,5000060000523,9816,1036.9192,837.6772,960.4929,21885,51.896503,54.99187,35.00681,242789,5,6,3,-93.05524,219.66246,-135.08519,214.55507,331.0004,6.855914,2.3396227,5.966161,13083197,5,266,0.16850118,819
5000060000003,60000500000285,5000060000285,5000060000000,60,0.064493395,5000060000004,-1,5000060000002,5000060000003,5000060000289,9300,1016.43555,852.2223,951.7142,21885,51.921074,54.93314,35.03024,242789,5,6,3,-100.7709,228.60579,-139.63132,225.18967,337.0092,6.696948,1.9447584,4.947382,13083363,5,285,0.15230548,644
5000060000004,59000500000275,5000060000272,5000060000000,59,0.08928783,5000060000005,5000060000273,5000060000003,5000060000004,5000060000684,9472,1000.25525,838.8821,941.81665,21885,51.97006,54.857803,35.06478,242789,5,6,3,-100.64598,224.81433,-141.91313,239.73505,361.3478,6.1455064,1.9158231,5.5501366,13083197,5,275,0.13516827,708
5000060000005,58000500000276,5000060000235,5000060000000,58,0.11588337,5000060000006,5000060000236,5000060000004,5000060000005,5000060000685,9491,982.61176,804.5419,921.333,21885,52.042114,54.77402,35.10473,242789,5,6,3,-85.39448,218.4664,-143.88275,237.41191,363.89343,5.9965825,2.8274946,6.2563887,13083623,5,276,0.13374494,123
5000060000006,57000500000252,5000060000235,5000060000000,57,0.14438343,5000060000007,-1,5000060000005,5000060000006,5000060000292,8659,947.4109,732.93524,875.80426,21789,52.101276,54.66277,35.171574,242131,5,6,3,-96.87581,233.77908,-161.5223,206.59633,312.16736,5.809741,2.608596,5.088312,13083164,5,252,0.1648601,264
5000060000007,56000500000253,5000060000235,5000060000000,56,0.17489761,5000060000008,-1,5000060000006,5000060000007,5000060000293,7874,896.46,507.185,792.4066,21789,52.14501,54.55305,35.243076,242131,5,6,3,-103.605934,248.2339,-175.64134,186.01065,288.76376,6.0306053,2.9957674,5.0522714,13083112,5,253,0.18032475,378
5000060000008,55000500000256,5000060000235,5000060000000,55,0.20754863,5000060000009,-1,5000060000007,5000060000008,5000060000294,7246,777.60333,397.19308,553.91864,21789,52.17999,54.43923,35.31949,242131,5,6,3,-100.766594,248.39531,-187.40169,172.86232,283.49796,4.4545197,3.0183704,4.3197126,13055250,5,256,0.18203025,635
5000060000009,54000500000247,5000060000235,5000060000000,54,0.24246909,5000060000010,-1,5000060000008,5000060000009,5000060000295,6951,568.80804,367.7586,457.2669,21789,52.220844,54.330177,35.39548,242131,5,6,3,-100.49425,250.80861,-187.88664,166.58505,282.49106,5.023681,2.4920895,3.7986295,13055290,5,247,0.17893289,166
5000060000010,53000500000252,5000060000208,5000060000000,53,0.2798018,5000060000011,5000060000209,5000060000009,5000060000010,5000060000296,6407,493.6727,363.36926,435.57837,21789,52.258297,54.23266,35.478783,242131,5,6,3,-99.518684,256.4234,-195.15977,160.76689,282.8497,4.8634324,2.1285486,1.3129017,13083591,5,252,0.16062316,364
5000060000011,52000500000225,5000060000207,5000060000000,52,0.31970343,5000060000012,5000060000208,5000060000010,5000060000011,5000060000297,5581,478.09482,371.0291,441.08658,21789,52.291496,54.127296,35.563778,242131,5,6,3,-97.31758,266.40442,-207.73514,160.44229,280.97003,3.3898203,-0.33988014,-3.6160057,13055247,5,225,0.13646755,883
5000060000012,51000500000223,5000060000207,5000060000000,51,0.36234027,5000060000013,-1,5000060000011,5000060000012,5000060000298,5329,473.70544,389.8775,446.7669,21789,52.336933,54.02385,35.645744,242131,5,6,3,-96.18357,260.7432,-209.28471,170.58342,306.4294,2.2918868,-0.6662719,-3.9300203,13083591,5,223,0.13015033,774
5000060000013,50000500000223,5000060000153,5000060000000,50,0.40789944,5000060000014,5000060000154,5000060000012,5000060000013,5000060000299,4928,465.7874,403.3898,445.7341,21789,52.39958,53.955227,35.72972,242131,5,6,4,-97.858154,246.18443,-206.91034,166.68927,278.26022,1.9835657,-0.94370747,-4.506216,13055250,5,223,0.121188164,427
5000060000014,49000500000315,5000060000153,5000060000000,49,0.45657724,5000060000015,-1,5000060000013,5000060000014,5000060000155,4450,453.39395,404.59473,435.66443,21789,52.44287,53.88494,35.81302,242131,5,6,4,-97.93096,246.06407,-204.68425,177.05168,284.58044,1.7996119,-0.09051299,-4.2911716,13055254,5,315,0.10519867,347
5000060000015,48000500000319,5000060000153,5000060000000,48,0.5085914,5000060000016,-1,5000060000014,5000060000015,5000060000156,4355,435.32016,394.6111,420.77505,21789,52.47558,53.7812,35.89781,242131,5,6,4,-87.78973,255.34845,-198.12634,192.22902,300.1576,1.906694,-0.018368358,-3.793966,13083591,5,319,0.092021346,818
5000060000016,47000500000325,5000060000123,5000060000000,47,0.5641766,5000060000017,5000060000124,5000060000015,5000060000016,5000060000157,4161,418.36523,377.48404,404.939,21789,52.4973,53.635628,35.975662,242129,5,6,4,-94.506386,253.94727,-204.851,195.50975,309.73776,2.1130981,0.10426376,-3.8250444,13083162,5,325,0.08284059,865
5000060000017,46000500000288,5000060000123,5000060000000,46,0.6235901,5000060000018,-1,5000060000016,5000060000017,5000060000158,3646,394.00864,342.54138,381.18484,21789,52.547634,53.481,36.099304,242129,5,5,4,-99.363144,259.5492,-216.92053,166.93764,267.4401,1.9872541,0.51758575,-3.5866501,13083628,5,288,0.09507935,706
5000060000018,45000500000278,5000060000123,5000060000000,45,0.6871088,5000060000019,-1,5000060000017,5000060000018,5000060000159,3351,344.09055,255.27078,317.75446,21789,52.597153,53.360268,36.21143,242133,5,5,4,-105.99424,252.67143,-220.14381,161.21822,270.56158,2.0125494,0.63708806,-3.2931118,13083628,5,278,0.08630722,308
5000060000019,44000500000256,5000060000109,5000060000000,44,0.75503564,5000060000020,5000060000110,5000060000018,5000060000019,5000060000160,3234,272.13965,238.05765,261.63965,21789,52.649906,53.259605,36.324425,242133,5,5,4,-102.78531,244.24089,-209.50932,157.51021,272.29132,1.6873772,1.0690184,-2.7013288,13083591,5,256,0.08540869,888
5000060000020,43000500000270,5000060000108,5000060000000,43,0.8276991,5000060000021,5000060000109,5000060000019,5000060000020,5000060000161,3058,256.13144,224.8896,249.84865,21789,52.696842,53.14488,36.425346,242133,5,5,4,-89.918335,232.34334,-194.32747,148.43092,259.83786,0.47266605,1.2661308,-1.6304358,13083628,5,270,0.08890531,945
5000060000021,42000500000248,5000060000108,5000060000000,42,0.9054624,5000060000022,-1,5000060000020,5000060000021,5000060000162,2778,237.54126,203.37318,229.45108,21790,52.743294,53.03827,36.517967,242140,5,5,4,-90.2124,232.33528,-186.56062,145.59618,255.98352,0.21331307,1.1404958,-1.7480733,13083631,5,248,0.0837182,955
5000060000022,41000500000265,5000060000108,5000060000000,41,0.98870814,5000060000023,-1,5000060000021,5000060000022,5000060000130,2534,219.03714,193.64777,214.64778,21790,52.78458,52.91354,36.60844,242140,5,5,4,-89.26523,228.91568,-177.43208,150.69406,264.0704,0.4788262,1.5856907,-1.0753645,13083675,5,265,0.072821215,144
5000060000023,40000500000314,5000060000108,5000060000000,40,1.0778745,5000060000024,-1,5000060000022,5000060000023,5000060000131,2308,211.80762,190.46333,210.0863,21790,52.841446,52.788673,36.701534,242140,5,5,4,-85.264244,221.2832,-166.3737,151.10391,257.66443,-0.2747646,1.3744894,-0.77437603,13083675,5,314,0.06702434,277
5000060000024,39000500000275,5000060000108,5000060000000,39,1.173417,5000060000025,-1,5000060000023,5000060000024,5000060000220,2273,208.1068,189.08627,206.55762,21791,52.895554,52.677002,36.78674,242126,5,5,4,-80.35924,220.02808,-159.5836,155.09853,259.50568,-0.8295222,0.9637849,-0.49094182,13209816,5,275,0.064105734,699
5000060000025,38000500000229,5000060000097,5000060000000,38,1.2758462,5000060000026,5000060000098,5000060000024,5000060000025,5000060000221,2124,201.3076,184.35266,201.3076,21791,52.944374,52.564526,36.880394,242126,5,5,4,-78.27046,218.34041,-148.81924,156.29022,259.54327,-1.0422472,1.0538939,-0.73975235,13083635,5,229,0.05985553,719
5000060000026,37000500000237,5000060000097,5000060000000,37,1.3857181,5000060000027,-1,5000060000025,5000060000026,5000060000222,2093,187.45103,175.91823,188.82808,21791,52.997005,52.44611,36.96717,242126,5,5,4,-76.093575,211.29034,-145.87012,155.77538,259.3982,-1.0694402,0.8759388,-0.89749277,13083118,5,237,0.05948781,283
5000060000027,36000500000214,5000060000097,5000060000000,36,1.5036365,5000060000028,-1,5000060000026,5000060000027,5000060000223,2040,167.31166,154.74608,169.54938,21791,53.03405,52.32149,37.045746,242126,5,5,4,-72.45649,207.85913,-140.83499,155.17355,259.38348,-0.93073446,0.82101876,-0.8827018,13083635,5,214,0.057536405,980
5000060000028,35000500000215,5000060000097,5000060000000,35,1.6302707,5000060000029,-1,5000060000027,5000060000028,5000060000224,1810,152.07803,144.67639,153.88542,21784,53.08341,52.202545,37.123463,242154,5,5,4,-70.57609,205.00363,-134.55228,159.35345,266.35025,-0.5787144,0.79762363,-0.4812308,13083675,5,215,0.05096765,844
5000060000029,34000500000210,5000060000097,5000060000000,34,1.766336,5000060000030,-1,5000060000028,5000060000029,-1,1611,141.06163,134.52065,142.61082,21784,53.125053,52.08346,37.201588,242154,5,5,4,-72.21728,210.88016,-132.92067,149.56487,247.79779,-0.48422718,0.6339682,-0.73378325,13209757,5,210,0.048827842,40
5000060000030,33000500000218,5000060000088,5000060000000,33,1.9126327,5000060000031,5000060000089,5000060000029,5000060000030,5000060000089,1508,127.29113,121.3526,128.75424,21784,53.15779,51.97704,37.270695,242154,5,5,4,-74.0384,204.08144,-122.88986,149.68907,249.15991,-0.70628303,0.54967093,-0.67553604,13209778,5,218,0.046905074,750
5000060000031,32000500000173,5000060000088,5000060000000,32,2.0700274,5000060000032,-1,5000060000030,5000060000031,5000060000090,1417,120.49194,112.401764,125.311615,21784,53.172527,51.870228,37.348522,242154,5,5,4,-63.07229,199.75302,-121.74953,151.48572,252.85384,0.2089158,0.71740913,-0.77950233,13055290,5,173,0.043043554,89
5000060000032,31000500000140,5000060000088,5000060000000,31,2.2394855,5000060000033,-1,5000060000031,5000060000032,-1,1497,118.51243,115.75833,123.67637,21784,53.191887,51.76498,37.379055,242154,5,5,4,-59.228394,186.33298,-118.1014,157.88211,252.22458,0.42612684,1.0200813,-0.83828884,13055300,5,140,0.044529114,453
5000060000033,30000500000121,5000060000088,5000060000000,30,2.422044,5000060000034,-1,5000060000032,5000060000033,-1,1329,115.15587,111.971436,117.39358,21784,53.222527,51.65133,37.44392,242152,5,5,4,-53.643684,186.1573,-109.1562,160.40878,258.13165,0.22025599,0.7672205,-0.726613,13055323,5,121,0.037744854,67
5000060000034,29000500000101,5000060000088,5000060000000,29,2.6188614,5000060000035,-1,5000060000033,5000060000034,-1,1259,99.66405,96.737816,102.59028,21784,53.277744,51.524868,37.54103,242152,5,5,4,-54.591095,186.9323,-115.85818,164.9632,266.82816,0.4693094,1.0555991,-0.9338386,13083681,5,101,0.036098033,641
5000060000035,28000500000086,5000060000075,5000060000000,28,2.8311827,5000060000036,5000060000076,5000060000034,5000060000035,5000060000077,1152,89.68043,87.528786,92.692726,21784,53.281612,51.429474,37.584023,242152,5,5,4,-60.52066,189.42316,-110.897224,147.58206,238.7102,0.16191605,0.6983062,-0.5924165,13055299,5,86,0.0386455,908
5000060000036,27000500000065,5000060000075,5000060000000,27,3.060419,5000060000037,-1,5000060000035,5000060000036,5000060000078,1043,78.83615,77.889435,81.76239,21784,53.304443,51.3282,37.632072,242152,5,5,4,-63.774166,180.20563,-108.32203,151.62514,237.98653,0.45912153,0.9515038,-0.4654692,13055258,5,65,0.035549436,956
5000060000037,26000500000056,5000060000073,5000060000000,26,3.3080978,5000060000038,5000060000074,5000060000036,5000060000037,5000060000074,899,75.2214,74.36074,78.14763,21784,53.37241,51.20395,37.695953,242152,5,5,4,-68.09916,173.06595,-101.96614,158.08008,248.99486,0.67833185,0.88803434,-0.42165792,13055303,5,56,0.027293567,881
5000060000038,25000500000052,5000060000073,5000060000000,25,3.575905,5000060000039,-1,5000060000037,5000060000038,5000060000075,814,65.323845,64.549255,67.905815,21784,53.45651,51.084763,37.778774,242152,5,5,4,-69.55574,169.78061,-99.187584,151.89166,231.68637,0.410501,0.65623486,-0.3056647,13054821,5,52,0.029568065,533
5000060000039,24000500000038,5000060000058,5000060000000,24,3.8656828,5000060000040,5000060000059,5000060000038,5000060000039,5000060000059,144,37.094303,36.663975,38.471355,21784,53.52197,51.00586,37.913754,242152,5,5,4,-92.68211,152.8818,-151.11047,112.81557,167.59859,0.08222199,0.033938106,-0.06062834,13083163,5,38,0.0100595625,406
5000060000040,23000500000033,5000060000058,5000060000000,23,4.1794686,5000060000041,-1,5000060000039,5000060000040,5000060000060,461,41.74185,41.74185,42.34431,21784,53.59579,50.910126,37.972847,242152,6,5,4,-59.315823,152.3175,-159.59294,139.98126,221.77707,0.27103302,-0.09075243,0.060106523,13083163,5,33,0.019738683,218
5000060000041,22000500000048,5000060000058,5000060000000,22,4.5195556,5000060000042,-1,5000060000040,5000060000041,-1,400,33.737743,33.565613,34.16807,21784,53.58573,50.83214,38.030277,242152,6,5,4,-55.461754,147.3942,-140.19873,163.79503,249.99722,0.35001698,-0.10818809,-0.037762128,13083188,5,48,0.012188206,808
5000060000042,21000500000055,5000060000052,5000060000000,21,4.888449,5000060000043,5000060000053,5000060000041,5000060000042,5000060000053,213,18.67625,18.67625,21.172155,21783,53.59093,50.75257,38.092564,242046,6,5,4,8.061298,165.07307,-160.53181,103.96513,165.94688,-0.043774948,0.038411807,0.13631618,13055290,5,55,0.015204024,64
5000060000043,20000500000127,5000060000048,5000060000000,20,5.2888336,5000060000044,5000060000049,5000060000042,5000060000043,-1,138,9.983618,9.983618,10.327881,21783,53.582016,50.674847,38.183945,242046,6,5,4,-14.362416,140.92303,-147.5749,92.94436,154.32137,0.090333186,-0.016336368,0.1098407,13083151,5,127,0.011474036,132
5000060000044,19000500000099,5000060000048,5000060000000,19,5.7238646,5000060000045,-1,5000060000043,5000060000044,-1,116,7.9180417,7.9180417,7.9180417,21783,53.595097,50.597393,38.190857,242046,6,5,4,-14.263179,131.99745,-130.83224,95.802444,155.20471,0.1924605,-0.07251874,0.030095484,13083152,5,99,0.009839263,667
5000060000045,18000500000088,5000060000048,5000060000000,18,6.1968336,5000060000046,-1,5000060000044,5000060000045,-1,85,6.971319,6.971319,7.057385,21783,53.591263,50.525425,38.261204,242046,6,5,4,-6.5015936,138.9198,-113.67727,89.19298,151.9216,0.02139947,-0.026917307,0.042663086,13083152,5,88,0.007670428,350
5000060000046,17000500000081,5000060000048,5000060000000,17,6.7115865,5000060000047,-1,5000060000045,5000060000046,-1,69,4.131152,4.0450864,4.4754148,21783,53.600166,50.43468,38.324688,242046,6,5,4,-13.2617,152.3421,-116.051796,79.9724,132.00603,0.1603621,-0.04175238,-0.033579305,13055290,5,81,0.008357652,894
5000060000047,16000500000201,5000060000048,5000060000000,16,7.272188,5000060000048,-1,5000060000046,5000060000047,-1,29,1.9795104,1.9795104,2.2377074,21783,53.623806,50.357094,38.358593,242046,6,5,4,-26.649189,176.60077,-89.37551,59.009266,101.48356,-0.060958266,-0.081285276,0.04258145,13055290,5,201,0.0058082235,782
5000060000048,15000500000136,5000060000048,5000060000000,15,7.8832035,-1,-1,5000060000047,5000060000048,-1,26,1.549182,1.549182,1.549182,21783,53.617527,50.277145,38.40306,242046,6,5,4,-24.789888,173.52705,-92.314285,50.33205,100.23732,-0.040487755,-0.0823788,0.018036768,13055285,5,136,0.0056855367,989
5000060000049,20000500000746,5000060000052,5000060000000,20,5.2888336,5000060000050,-1,5000060000042,5000060000049,-1,36,2.840167,2.840167,2.840167,21783,53.438026,50.570564,38.271893,242046,5,5,4,106.651665,201.48544,-191.82965,58.49728,102.55821,-0.1017466,-0.07399657,-0.051759638,13055278,5,746,0.008256037,779
5000060000050,19000500000704,5000060000052,5000060000000,19,5.7238646,5000060000051,-1,5000060000049,5000060000050,-1,31,2.4959044,2.4959044,2.5819702,21783,53.386967,50.451534,38.40239,242046,5,5,4,72.14199,194.06145,-174.4757,61.826855,111.48196,-0.016046837,-0.006997426,-0.0289622,13059097,5,704,0.005963439,39
5000060000051,18000500000551,5000060000052,5000060000000,18,6.1968336,5000060000052,-1,5000060000050,5000060000051,-1,29,2.3237731,2.3237731,2.4959044,21783,53.353455,50.362583,38.46217,242046,5,5,4,60.343884,176.56038,-159.65051,67.94375,116.824875,0.014591846,-0.0075626415,-0.0055050645,13055275,5,551,0.0047137863,572
5000060000052,17000500000529,5000060000052,5000060000000,17,6.7115865,-1,-1,5000060000051,5000060000052,-1,23,1.032788,1.032788,1.3770508,21783,53.306427,50.248226,38.547665,242046,5,5,4,63.59601,160.07487,-148.70969,50.523598,87.3817,0.018265955,0.019753367,0.01329048,13055272,5,529,0.006851754,632
5000060000053,21000500000056,5000060000058,5000060000000,21,4.888449,5000060000054,-1,5000060000041,5000060000042,-1,66,0.0,0.0,0.0,21783,53.732777,50.74034,38.084156,242043,6,5,4,-220.6286,149.63539,-49.405598,87.84457,140.38005,0.19256,-0.09111657,0.04725269,13209784,5,56,0.0073279603,30
5000060000054,20000500000217,5000060000058,5000060000000,20,5.2888336,5000060000055,-1,5000060000053,5000060000054,-1,89,2.9262328,2.9262328,3.442627,21783,53.851665,50.689125,38.178047,242047,6,5,4,-174.74992,139.62325,-57.295082,70.763596,109.77319,0.3642668,-0.0064623016,0.08023842,13210185,5,217,0.016045567,285
5000060000055,19000500000220,5000060000058,5000060000000,19,5.7238646,5000060000056,-1,5000060000054,5000060000055,-1,65,2.5819702,2.5819702,2.5819702,21783,53.8833,50.601425,38.120758,242047,6,5,4,-140.00293,114.968765,-54.747803,62.77051,103.92831,0.20292759,-0.0014265509,0.014157955,13083101,5,220,0.012969417,203
5000060000056,18000500000466,5000060000057,5000060000000,18,6.1968336,5000060000057,5000060000058,5000060000055,5000060000056,-1,31,2.065576,2.065576,2.1516418,21783,53.940323,50.512356,38.142193,242047,6,5,4,-105.02782,126.031784,-44.270123,62.37331,94.59779,0.16079862,-0.017413704,0.16336998,13083118,5,466,0.0071027116,852
5000060000057,17000500000495,5000060000057,5000060000000,17,6.7115865,-1,-1,5000060000056,5000060000057,-1,23,0.60245967,0.60245967,0.60245967,21783,53.988815,50.473167,38.180843,242047,6,5,4,-111.197464,149.67256,-41.971565,54.3508,79.83508,0.19670305,0.007217799,0.032341383,13083114,5,495,0.008155731,574
5000060000058,18000500000773,5000060000058,5000060000000,18,6.1968336,-1,-1,5000060000055,5000060000058,-1,22,1.4631164,1.4631164,1.4631164,21783,54.016777,50.615616,38.26295,242047,6,5,4,-131.41554,64.83687,-68.842354,46.711002,84.75217,0.03607959,0.035928212,-0.016508084,13210176,5,773,0.0079143355,159
5000060000059,24000500000037,5000060000073,5000060000000,24,3.8656828,5000060000060,-1,5000060000038,5000060000039,-1,542,0.0,0.0,0.0,21784,53.351036,51.03857,37.73909,242152,5,5,4,-38.4469,168.63638,-38.139736,126.32123,196.03745,0.39909798,0.8503691,-0.33325735,13083344,5,37,0.027604092,693
5000060000060,23000500000034,5000060000073,5000060000000,23,4.1794686,5000060000061,-1,5000060000059,5000060000040,-1,206,0.0,0.0,0.0,21784,53.365032,50.935246,37.719936,242152,5,5,4,-61.689938,181.08115,35.216335,110.65571,177.25818,0.0020939235,0.284831,-0.09715082,13083229,5,34,0.012798403,832
5000060000061,22000500000109,5000060000073,5000060000000,22,4.5195556,5000060000062,-1,5000060000060,5000060000061,-1,226,18.073792,17.987726,19.27871,21784,53.42876,50.83823,37.690456,242152,5,5,4,-72.912315,172.93306,16.535252,101.95628,165.95631,-0.012299361,0.24032164,-0.15887943,13083344,5,109,0.017886912,947
5000060000062,21000500000092,5000060000073,5000060000000,21,4.888449,5000060000063,-1,5000060000061,5000060000062,-1,214,14.372967,14.200836,15.31969,21783,53.416386,50.756042,37.729805,242042,5,5,4,-70.60651,161.05849,3.085333,101.49616,164.09068,-0.004424817,0.5196063,-0.048002783,13083229,5,92,0.015945805,708
5000060000063,20000500000115,5000060000069,5000060000000,20,5.2888336,5000060000064,5000060000070,5000060000062,5000060000063,-1,136,7.831976,7.7459106,9.381158,21783,53.46409,50.70339,37.791157,242042,5,5,4,-83.41881,159.53651,-21.863846,92.43368,137.42842,0.029769786,0.38294348,-0.17240389,13083341,5,115,0.015397055,956
5000060000064,19000500000142,5000060000068,5000060000000,19,5.7238646,5000060000065,5000060000069,5000060000063,5000060000064,-1,90,6.1106625,6.1106625,6.6270566,21783,53.47994,50.602367,37.803467,242042,5,5,4,-15.627284,154.87862,-63.912525,80.77281,135.26152,0.12838228,0.23803669,0.06837214,13083132,5,142,0.010123405,714
5000060000065,18000500000115,5000060000068,5000060000000,18,6.1968336,5000060000066,-1,5000060000064,5000060000065,-1,75,5.0778747,5.0778747,5.3360715,21783,53.502388,50.53752,37.809566,242042,5,5,4,-22.532745,144.87865,-51.228565,81.49658,133.99367,0.021120898,0.11784979,0.09923738,13083344,5,115,0.008741501,169
5000060000066,17000500000141,5000060000068,5000060000000,17,6.7115865,5000060000067,-1,5000060000065,5000060000066,-1,48,4.0450864,4.0450864,4.0450864,21783,53.525043,50.46552,37.826946,242042,5,5,4,-55.970287,169.03679,-35.736565,80.5118,141.16968,0.03220884,-0.033253305,0.035870247,13083132,5,141,0.0057663345,294
5000060000067,16000500000102,5000060000068,5000060000000,16,7.272188,5000060000068,-1,5000060000066,5000060000067,-1,43,3.0122986,3.0122986,3.0122986,21783,53.570583,50.36989,37.836414,242042,5,5,4,-44.736187,166.25368,-32.430004,75.57597,123.58609,0.03591624,-0.055345744,0.0029637422,13083132,5,102,0.005668944,501
5000060000068,15000500000126,5000060000068,5000060000000,15,7.8832035,-1,-1,5000060000067,5000060000068,-1,26,1.8073791,1.8073791,1.8934448,21783,53.593212,50.298836,37.866936,242042,6,5,4,-60.47245,151.94579,-30.56968,57.343517,99.741264,0.032787453,-0.03311098,0.016834209,13083131,5,126,0.0059149764,659
5000060000069,19000500000581,5000060000069,5000060000000,19,5.7238646,-1,-1,5000060000063,5000060000069,-1,34,1.3770508,1.3770508,1.549182,21783,53.576946,50.5826,37.68492,242042,6,5,4,-177.07845,130.3686,41.622433,48.3286,80.35382,0.11277202,0.13346234,-0.004732109,13083365,5,581,0.012261809,714
5000060000070,20000500000108,5000060000073,5000060000000,20,5.2888336,5000060000071,-1,5000060000062,5000060000085,-1,84,0.0,0.0,0.0,21783,53.32732,50.67737,37.573627,242042,5,5,4,-52.406933,174.11223,62.245544,66.6103,101.51388,0.15843223,-0.09196884,-0.06191947,13083377,5,108,0.01656915,637
5000060000071,19000500000463,5000060000072,5000060000000,19,5.7238646,5000060000072,5000060000073,5000060000070,5000060000071,-1,38,3.18443,3.18443,3.7008238,21783,53.400692,50.618206,37.576202,242042,5,5,4,-64.38917,129.81285,43.93222,68.81621,107.27438,0.055407386,0.056519963,0.010331218,13083376,5,463,0.00727282,799
5000060000072,18000500000525,5000060000072,5000060000000,18,6.1968336,-1,-1,5000060000071,5000060000072,-1,25,1.3770508,1.3770508,1.3770508,21783,53.45238,50.528164,37.529152,242042,5,5,4,-82.42082,120.69992,37.369884,56.11094,85.920715,0.03434008,0.030933864,-0.01618573,13083420,5,525,0.0069934437,867
5000060000073,19000500000533,5000060000073,5000060000000,19,5.7238646,-1,-1,5000060000070,5000060000073,-1,26,0.0,0.0,1.6352477,21783,53.2129,50.66099,37.404854,242042,5,5,4,-16.046482,168.19202,10.683034,46.430305,74.24203,0.11052995,-0.04313155,-0.15000163,13083497,5,533,0.01056778,681
5000060000074,26000500000057,5000060000075,5000060000000,26,3.3080978,5000060000075,-1,5000060000036,5000060000037,-1,23,0.0,0.0,0.0,21784,53.427284,51.196285,37.758774,242152,5,5,4,119.603905,89.52717,-184.0667,66.64686,93.04098,-0.024933921,0.07917417,-0.10236638,13209689,5,57,0.00575857,847
5000060000075,25000500000053,5000060000075,5000060000000,25,3.575905,-1,-1,5000060000074,5000060000038,-1,45,0.0,0.0,0.0,21784,53.358315,51.13595,37.77046,242152,5,5,4,61.47263,147.20093,69.81467,84.22435,123.491066,0.07532767,0.15653244,-0.025134988,13083346,5,53,0.0063728476,73
5000060000076,27000500001675,5000060000076,5000060000000,27,3.060419,-1,5000060000077,5000060000034,5000060000076,-1,27,1.1188537,0.86065674,1.1188537,21784,53.539505,51.40988,38.109486,242156,5,5,4,17.140541,36.772305,-240.719,38.540527,54.886024,0.020522704,0.06645973,0.30405912,13054899,5,1675,0.020319749,108
5000060000077,28000500000087,5000060000088,5000060000000,28,2.8311827,5000060000078,-1,5000060000034,5000060000035,-1,27,0.0,0.0,0.0,21784,53.177265,51.44698,37.46351,242152,5,5,4,153.78267,121.95567,134.67906,61.60431,108.47941,-0.010785708,-0.02513685,-0.063283496,13083493,5,87,0.0053152763,109
5000060000078,27000500000066,5000060000088,5000060000000,27,3.060419,5000060000079,-1,5000060000077,5000060000036,-1,34,0.0,0.0,0.0,21784,53.1193,51.374516,37.420593,242152,5,5,4,101.26061,126.33793,59.7058,58.489624,105.551674,0.030131033,0.016499208,-0.01594091,13083501,5,66,0.006738981,659
5000060000079,26000500001322,5000060000088,5000060000000,26,3.3080978,5000060000080,-1,5000060000078,5000060000079,-1,53,4.733612,4.733612,4.733612,21784,53.05891,51.29452,37.396355,242152,5,5,4,47.769917,156.56458,44.736656,56.444386,103.46122,-0.06711206,0.072356485,-0.12859952,13083279,5,1322,0.009790629,685
5000060000080,25000500000985,5000060000088,5000060000000,25,3.575905,5000060000081,-1,5000060000079,5000060000080,-1,52,4.131152,4.131152,4.3893495,21784,53.035164,51.236008,37.39012,242152,5,5,4,30.965797,153.40793,29.254528,53.797783,90.581665,-0.055287898,0.08697737,-0.17956188,13083501,5,985,0.012894062,641
5000060000081,24000500000366,5000060000088,5000060000000,24,3.8656828,5000060000082,-1,5000060000080,5000060000081,-1,91,5.3360715,5.3360715,5.4221373,21784,53.043716,51.146446,37.383984,242152,5,5,4,5.710693,143.5338,27.541214,55.51015,94.23332,0.17322329,-0.08840165,-0.12741902,13083501,5,366,0.021670865,584
5000060000082,23000500000466,5000060000088,5000060000000,23,4.1794686,5000060000083,-1,5000060000081,5000060000082,-1,61,4.8196774,4.8196774,5.4221373,21784,53.03798,51.06459,37.352173,242152,5,5,4,6.171474,147.04097,14.274551,59.53682,102.11435,0.025090167,-0.08513333,-0.023197124,13083501,5,466,0.011119712,190
5000060000083,22000500000464,5000060000088,5000060000000,22,4.5195556,5000060000084,-1,5000060000082,5000060000083,-1,60,5.4221373,5.3360715,5.7664,21784,53.033436,50.963116,37.339573,242152,5,5,4,3.93274,141.57832,9.657738,68.008896,112.363434,0.17063312,7.1159034E-4,-0.07511292,13083492,5,464,0.0102029145,20
5000060000084,21000500000419,5000060000088,5000060000000,21,4.888449,5000060000085,-1,5000060000083,5000060000084,-1,49,5.680334,5.594269,5.7664,21784,53.01717,50.897655,37.36381,242152,5,5,4,4.9567127,139.72614,3.5915387,60.723568,107.88761,0.073668666,0.010651141,-0.019452762,13083279,5,419,0.010599534,879
5000060000085,20000500000109,5000060000088,5000060000000,20,5.2888336,5000060000086,-1,5000060000084,5000060000085,5000060000070,43,3.18443,3.18443,3.8729553,21783,53.04301,50.780846,37.323593,242042,5,5,4,-7.2095337,132.76242,1.0595613,62.395252,100.02355,0.1130258,0.054394692,-0.09971348,13083279,5,109,0.00985443,236
5000060000086,19000500000416,5000060000088,5000060000000,19,5.7238646,5000060000087,-1,5000060000085,5000060000086,-1,45,2.6680357,2.6680357,3.098364,21783,53.027107,50.745785,37.339718,242042,5,5,4,-6.7460756,129.35951,8.650489,62.458447,100.89663,0.21032919,0.17934895,-0.09524402,13083496,5,416,0.009596207,387
5000060000087,18000500000303,5000060000088,5000060000000,18,6.1968336,5000060000088,-1,5000060000086,5000060000087,-1,40,1.6352477,1.6352477,1.7213135,21783,53.073788,50.66398,37.389317,242042,5,5,4,-20.031519,114.01985,-0.567265,56.030968,89.16956,0.090623036,0.24070238,0.007979883,13083280,5,303,0.009980669,987
5000060000088,16000500000384,5000060000088,5000060000000,16,7.272188,-1,-1,5000060000087,5000060000088,-1,20,0.774591,0.774591,0.774591,21783,53.08265,50.557938,37.361504,242042,5,5,4,-28.346558,102.30742,8.479003,44.965443,82.99949,2.623501E-4,-0.07120045,-0.07042883,13083279,5,384,0.007801277,891
5000060000089,33000500000219,5000060000097,5000060000000,33,1.9126327,5000060000090,-1,5000060000029,5000060000030,-1,22,0.0,0.0,0.0,21784,53.099102,51.82388,37.442764,242154,5,5,4,-89.8752,497.20248,-155.24503,34.34915,58.72467,0.017868873,-0.095268615,-0.042207982,13209670,5,219,0.015034913,996
5000060000090,32000500000174,5000060000097,5000060000000,32,2.0700274,5000060000091,-1,5000060000089,5000060000031,-1,33,0.0,0.0,0.0,21784,53.165382,51.56365,37.5074,242152,5,5,4,-149.02916,440.0943,-79.865875,40.22284,72.38106,-0.03358684,-0.05699261,-0.07549824,13209670,5,174,0.0145103,419
5000060000091,31000500002201,5000060000097,5000060000000,31,2.2394855,5000060000092,-1,5000060000090,5000060000091,-1,36,3.0122986,2.9262328,3.098364,21784,53.25702,51.32371,37.542618,242152,5,5,4,-174.00523,377.6175,-42.180305,35.35443,72.80717,0.02347136,0.02469237,-0.09222922,13209670,5,2201,0.016038865,472
5000060000092,30000500002280,5000060000097,5000060000000,30,2.422044,5000060000093,-1,5000060000091,5000060000092,-1,38,2.9262328,2.9262328,2.9262328,21784,53.377773,51.1108,37.56466,242152,5,5,4,-182.90036,334.85757,-22.711697,34.096355,70.87605,0.08661812,0.029536046,-0.020621508,13209670,5,2280,0.017881079,668
5000060000093,29000500002362,5000060000097,5000060000000,29,2.6188614,5000060000094,-1,5000060000092,5000060000093,-1,38,1.7213135,1.6352477,1.8934448,21784,53.49211,50.903355,37.570557,242152,5,5,4,-185.03162,308.2937,-16.755707,36.642143,64.847855,0.13038325,0.09229872,0.086146295,13209670,5,2362,0.018294483,295
5000060000094,28000500002712,5000060000097,5000060000000,28,2.8311827,5000060000095,-1,5000060000093,5000060000094,-1,33,1.9795104,1.8934448,2.065576,21784,53.553913,50.79554,37.571014,242152,5,5,4,-176.06407,273.464,-6.045195,41.35882,70.17196,0.14209789,0.02695035,0.03371814,13209638,5,2712,0.015400261,119
5000060000095,27000500002690,5000060000097,5000060000000,27,3.060419,5000060000096,-1,5000060000094,5000060000095,-1,31,2.4098387,2.4098387,2.4098387,21783,53.66996,50.627792,37.565346,242042,6,5,4,-166.91861,259.62515,-8.702466,42.772854,78.74218,0.08803293,0.0068007056,0.11063135,13209644,5,2690,0.011892094,238
5000060000096,26000500002838,5000060000097,5000060000000,26,3.3080978,5000060000097,-1,5000060000095,5000060000096,-1,27,2.2377074,2.2377074,2.2377074,21783,53.75993,50.48287,37.593494,242043,6,5,4,-156.56975,238.98534,-5.2714677,43.93866,77.85366,0.09877479,0.011166924,0.12018913,13209670,5,2838,0.0104274005,632
5000060000097,25000500003161,5000060000097,5000060000000,25,3.575905,-1,-1,5000060000096,5000060000097,-1,22,1.2049193,1.2049193,1.2049193,21783,53.85303,50.368587,37.569557,242043,6,5,4,-152.79933,224.09128,-2.493832,43.389706,71.287025,0.06866083,0.004522458,0.085641116,13209670,5,3161,0.00959092,419
5000060000098,38000500000231,5000060000108,5000060000000,38,1.2758462,5000060000099,-1,5000060000024,5000060000025,-1,22,0.0,0.0,0.0,21788,52.722527,52.416725,36.90418,242119,5,5,4,132.98788,169.31886,-8.674923,35.05393,61.72988,-0.012317196,-0.084449396,-0.095617086,13083827,5,231,0.011656288,69
5000060000099,37000500000239,5000060000108,5000060000000,37,1.3857181,5000060000100,-1,5000060000098,5000060000026,-1,29,0.0,0.0,0.0,21788,52.65619,52.319214,36.916306,242119,5,5,4,53.865696,107.109375,27.134542,33.59438,64.21523,0.07930318,-0.058455147,-0.1434375,13083774,5,239,0.014269475,326
5000060000100,36000500000216,5000060000108,5000060000000,36,1.5036365,5000060000101,-1,5000060000099,5000060000027,-1,23,0.0,0.0,0.0,21788,52.64535,52.27675,36.884834,242119,5,5,4,-18.913109,73.7737,39.824863,27.581097,57.706436,0.105864234,-0.1786721,-0.117152214,13083774,5,216,0.014921622,903
5000060000101,35000500000217,5000060000108,5000060000000,35,1.6302707,5000060000102,-1,5000060000100,5000060000028,-1,35,0.0,0.0,0.0,21788,52.67652,52.219753,36.8882,242119,5,5,4,-75.74356,51.746593,45.375282,34.618,58.97867,0.12047844,-0.12159926,0.025851337,13083454,5,217,0.022135077,211
5000060000102,34000500001707,5000060000108,5000060000000,34,1.766336,5000060000103,-1,5000060000101,5000060000102,-1,44,3.8729553,3.5286925,3.9590209,21791,52.742874,52.221073,36.854115,242126,5,5,4,-119.87181,42.700275,33.234272,43.49382,77.48937,0.091162436,-0.12790753,0.03463803,13083824,5,1707,0.015087645,584
5000060000103,33000500001929,5000060000108,5000060000000,33,1.9126327,5000060000104,-1,5000060000102,5000060000103,-1,49,4.217218,3.9590209,4.217218,21791,52.81274,52.200214,36.829754,242126,5,5,4,-134.24036,57.149887,28.020632,48.60771,78.99313,-0.032498423,0.010116602,0.45588133,13083829,5,1929,0.014898864,921
5000060000104,32000500002271,5000060000108,5000060000000,32,2.0700274,5000060000105,-1,5000060000103,5000060000104,-1,45,3.7008238,3.7008238,3.7868896,21791,52.920326,52.16499,36.814804,242126,5,5,4,-146.95482,52.092613,6.1999936,43.60693,75.052765,-0.009942187,0.054332998,0.40520337,13083811,5,2271,0.018500391,463
5000060000105,31000500002570,5000060000108,5000060000000,31,2.2394855,5000060000106,-1,5000060000104,5000060000105,-1,36,1.6352477,1.6352477,1.9795104,21791,53.015312,52.15879,36.806328,242126,5,5,4,-142.48778,61.35758,1.8049762,37.88176,65.16027,0.08056334,0.05476957,0.46975207,13083811,5,2570,0.019612264,683
5000060000106,30000500003085,5000060000108,5000060000000,30,2.422044,5000060000107,-1,5000060000105,5000060000106,-1,29,1.6352477,1.4631164,1.7213135,21791,53.0952,52.12537,36.815002,242126,5,5,4,-149.05893,63.298794,-13.189702,33.734417,65.94281,0.10404753,-8.1835367E-4,0.09664556,13083811,5,3085,0.015077028,667
5000060000107,29000500004090,5000060000108,5000060000000,29,2.6188614,5000060000108,-1,5000060000106,5000060000107,-1,21,1.032788,1.032788,1.032788,21791,53.18233,52.04825,36.80937,242126,5,5,4,-141.25441,75.12382,-32.404354,32.173626,55.47109,0.06050487,-0.070301,0.0060683563,13083773,5,4090,0.0151932975,897
5000060000108,27000500002777,5000060000108,5000060000000,27,3.060419,-1,-1,5000060000107,5000060000108,-1,27,0.774591,0.774591,0.774591,21791,53.307613,51.97148,36.938786,242126,5,5,4,-136.48393,96.87456,-45.64917,41.353085,65.72657,-0.33298993,-0.24805267,-0.05126093,13083443,5,2777,0.015979337,509
5000060000109,43000500000276,5000060000109,5000060000000,43,0.8276991,-1,-1,5000060000019,5000060000020,-1,25,0.0,0.0,0.0,21790,53.04554,52.863373,36.71393,242140,5,5,4,-238.73491,178.8555,-379.02722,25.117434,39.16019,-0.44985542,0.33300897,-0.6366758,12928662,5,276,0.033091277,730
5000060000110,43000500004665,5000060000113,5000060000000,43,0.8276991,5000060000111,5000060000114,5000060000018,5000060000110,-1,21,1.549182,1.4631164,1.549182,21789,52.444595,52.808296,35.93061,242129,5,5,4,17.611362,374.97784,-49.89561,27.204899,45.979877,-0.0190614,-0.31212243,-0.05760565,13079782,5,4665,0.021681542,505
5000060000111,42000500004967,5000060000113,5000060000000,42,0.9054624,5000060000112,-1,5000060000110,5000060000111,-1,20,1.3770508,1.2049193,1.3770508,21788,52.44096,52.638622,35.970406,242115,5,5,4,15.146851,357.20438,-59.188694,28.28651,47.58398,-0.036118105,-0.30666152,-0.06289425,13079782,5,4967,0.021839771,658
5000060000112,41000500004586,5000060000113,5000060000000,41,0.98870814,5000060000113,-1,5000060000111,5000060000112,-1,23,1.1188537,0.60245967,1.1188537,21788,52.449284,52.44426,35.99276,242115,5,5,4,10.498835,337.95786,-67.843994,26.885714,41.35828,0.06450571,-0.49572444,-0.21364191,13079782,5,4586,0.027309425,649
5000060000113,40000500004589,5000060000113,5000060000000,40,1.0778745,-1,-1,5000060000112,5000060000113,-1,23,1.2049193,0.9467224,0.9467224,21788,52.384125,52.277622,36.031868,242115,5,5,4,8.399158,322.6359,-73.018875,25.697353,43.327137,0.074339725,-0.46974736,-0.17988616,13079782,5,4589,0.02717012,228
5000060000114,44000500003548,5000060000123,5000060000000,44,0.75503564,5000060000115,-1,5000060000018,5000060000114,-1,30,1.8073791,1.3770508,1.7213135,21790,52.775536,53.612064,36.0138,242136,5,6,4,-279.06052,5.42363,-138.69347,24.878014,44.765076,0.012344976,-0.20201759,-0.028626742,13054164,5,3548,0.031264182,95
5000060000115,43000500004396,5000060000123,5000060000000,43,0.8276991,5000060000116,-1,5000060000114,5000060000115,-1,22,1.1188537,0.9467224,1.1188537,21790,52.920326,53.62552,36.07735,242136,5,6,4,-243.3144,22.599396,-163.91211,22.851614,44.42108,0.033210147,-0.067287914,0.07337476,13197489,5,4396,0.028227326,749
5000060000116,41000500004196,5000060000123,5000060000000,41,0.98870814,5000060000117,-1,5000060000115,5000060000116,-1,25,1.1188537,1.032788,1.1188537,21790,53.13702,53.56881,36.25246,242140,5,5,4,-202.26901,46.29855,-173.37978,22.135061,46.65389,0.091463804,-0.1813961,0.07270324,13197710,5,4196,0.026266525,819
5000060000117,40000500004109,5000060000123,5000060000000,40,1.0778745,5000060000118,-1,5000060000116,5000060000117,-1,27,1.7213135,1.032788,1.2049193,21790,53.230907,53.549873,36.331497,242140,5,5,4,-188.048,51.72748,-174.71223,24.683168,50.360073,0.05190423,-0.20865695,0.13013296,13197543,5,4109,0.027191687,401
5000060000118,39000500004291,5000060000123,5000060000000,39,1.173417,5000060000119,-1,5000060000117,5000060000118,-1,25,1.9795104,1.8073791,1.9795104,21790,53.316105,53.50813,36.41642,242140,5,5,4,-171.97797,54.953064,-174.32176,30.65172,58.031654,0.064179055,-0.17078938,0.056956086,13197489,5,4291,0.016489398,298
5000060000119,38000500004230,5000060000123,5000060000000,38,1.2758462,5000060000120,-1,5000060000118,5000060000119,-1,25,2.065576,1.9795104,2.065576,21790,53.397038,53.462795,36.49904,242140,5,5,4,-163.31613,56.23761,-170.24089,38.376076,67.159805,0.12433595,-0.2707901,0.19224687,13197478,5,4230,0.011824963,365
5000060000120,37000500003607,5000060000123,5000060000000,37,1.3857181,5000060000121,-1,5000060000119,5000060000120,-1,30,2.3237731,2.3237731,2.3237731,21790,53.493813,53.44438,36.629494,242140,5,5,4,-151.20361,56.411003,-167.148,34.03583,60.118244,0.07682924,-0.27428448,0.26543063,13197717,5,3607,0.02011167,864
5000060000121,36000500003634,5000060000123,5000060000000,36,1.5036365,5000060000122,-1,5000060000120,5000060000121,-1,29,1.9795104,1.8073791,1.9795104,21790,53.594044,53.423317,36.711636,242140,6,5,4,-144.85484,57.17021,-165.87703,30.775043,55.918716,0.07349881,-0.29654604,0.20468745,13197489,5,3634,0.018383516,644
5000060000122,35000500004327,5000060000123,5000060000000,35,1.6302707,5000060000123,-1,5000060000121,5000060000122,-1,24,0.60245967,0.0,0.86065674,21790,53.653,53.344532,36.798756,242140,6,5,4,-142.17029,58.09186,-163.6275,28.528208,51.08233,0.17479597,-0.29946178,0.15265962,13197489,5,4327,0.023849437,401
5000060000123,34000500004690,5000060000123,5000060000000,34,1.766336,-1,-1,5000060000122,5000060000123,-1,21,0.774591,0.6885254,1.032788,21790,53.74599,53.357086,36.933304,242141,6,5,4,-139.65952,59.073463,-159.46709,27.141636,48.075275,0.18068005,-0.30391464,0.18005541,13197717,5,4690,0.019952403,364
5000060000124,47000500000329,5000060000153,5000060000000,47,0.5641766,5000060000125,-1,5000060000015,5000060000016,5000060000213,25,0.0,0.0,0.0,21789,52.51892,53.755447,35.91493,242131,5,6,4,-39.677315,17.64702,-339.74976,48.62225,81.84307,0.043163512,0.0055408604,-0.08637775,12928301,5,329,0.008533146,226
5000060000125,46000500000292,5000060000153,5000060000000,46,0.6235901,5000060000126,-1,5000060000124,5000060000017,5000060000214,30,0.0,0.0,0.0,21789,52.527477,53.669582,36.076576,242129,5,6,4,-21.837938,336.69562,-300.29865,39.714737,72.975876,0.083857305,0.044528212,0.108095765,12928301,5,292,0.013304343,404
5000060000126,45000500000282,5000060000153,5000060000000,45,0.6871088,5000060000127,-1,5000060000125,5000060000018,-1,45,0.0,0.0,0.0,21789,52.535065,53.48883,36.19021,242133,5,5,4,-59.05063,508.55408,-209.13495,50.030594,89.02623,0.010654371,0.023555784,-0.0423963,12941335,5,282,0.013575249,95
5000060000127,44000500000261,5000060000153,5000060000000,44,0.75503564,5000060000128,-1,5000060000126,5000060000019,-1,22,0.0,0.0,0.0,21789,52.626904,53.189087,36.29554,242133,5,5,4,-341.16846,576.7606,-301.81134,55.715973,88.031265,0.0111715635,0.097552486,0.05782843,12941335,5,261,0.005851878,508
5000060000128,43000500000274,5000060000153,5000060000000,43,0.8276991,5000060000129,-1,5000060000127,5000060000020,5000060001020,73,0.0,0.0,0.0,21790,52.8032,52.96878,36.46705,242140,5,5,4,-329.08218,353.32492,-354.11142,55.275707,102.49788,0.11323932,-0.0056620254,0.04997311,12941342,5,274,0.013328538,494
5000060000129,42000500000250,5000060000153,5000060000000,42,0.9054624,5000060000130,-1,5000060000128,5000060000021,5000060000976,112,0.0,0.0,0.0,21790,52.9579,52.820145,36.642635,242140,5,5,4,-264.1396,282.29697,-349.76654,61.496918,108.87672,-0.009674661,-0.06705138,-0.016431065,12941356,5,250,0.019652432,408
5000060000130,41000500000266,5000060000153,5000060000000,41,0.98870814,5000060000131,-1,5000060000129,5000060000022,5000060000218,120,0.0,0.0,0.0,21791,53.092056,52.68043,36.84073,242126,5,5,4,-225.74602,230.29228,-329.77,63.75591,104.79548,-0.024930213,-0.02426904,-0.027889114,12928295,5,266,0.021317111,524
5000060000131,40000500000315,5000060000153,5000060000000,40,1.0778745,5000060000132,-1,5000060000130,5000060000023,5000060000219,149,0.0,0.0,0.0,21791,53.18934,52.577618,37.000042,242126,5,5,4,-191.80711,200.1009,-313.9415,60.395058,107.379654,-0.08538748,-0.26218644,-0.20630053,12928295,5,315,0.024076156,234
5000060000132,39000500001101,5000060000153,5000060000000,39,1.173417,5000060000133,-1,5000060000131,5000060000132,-1,159,13.340179,11.274603,13.168048,21784,53.278362,52.468052,37.15048,242154,5,5,4,-165.89795,176.04832,-295.93512,61.511555,111.40432,-0.24403757,-0.2714177,-0.004305555,12928245,5,1101,0.026797526,456
5000060000133,38000500001061,5000060000153,5000060000000,38,1.2758462,5000060000134,-1,5000060000132,5000060000133,-1,161,13.081982,9.209027,13.081982,21784,53.366413,52.36662,37.313812,242154,5,5,4,-142.04485,153.96289,-279.8542,57.931503,102.54235,-0.034046475,-0.25000644,-0.20379597,12928301,5,1061,0.028908245,354
5000060000134,37000500000919,5000060000153,5000060000000,37,1.3857181,5000060000135,-1,5000060000133,5000060000134,-1,202,12.73772,11.102471,12.823785,21784,53.43032,52.28689,37.480274,242154,5,5,4,-136.36221,142.2541,-258.08765,58.438095,100.37939,-0.069854036,-0.40943012,-0.3646677,12928245,5,919,0.040105347,815
5000060000135,36000500000650,5000060000153,5000060000000,36,1.5036365,5000060000136,-1,5000060000134,5000060000135,5000060000907,203,15.147558,13.684442,15.922149,21784,53.51535,52.199024,37.612514,242154,5,5,4,-131.46513,131.33963,-246.7438,66.21401,116.309425,0.09531734,-0.278293,-0.3466833,12941356,5,650,0.03500758,544
5000060000136,35000500000647,5000060000153,5000060000000,35,1.6302707,5000060000137,-1,5000060000135,5000060000136,5000060000908,199,17.12707,15.922149,17.47133,21784,53.593018,52.141922,37.750843,242154,6,5,4,-138.56454,123.66217,-228.84541,74.10631,116.990295,-0.104514726,-0.24581304,-0.34122735,12928290,5,647,0.02874927,299
5000060000137,34000500000602,5000060000153,5000060000000,34,1.766336,5000060000138,-1,5000060000136,5000060000137,5000060000909,183,18.418055,17.815594,18.67625,21784,53.67083,52.063786,37.878834,242154,6,5,4,-144.15034,118.01585,-220.28108,82.27047,124.97491,-0.08059903,-0.3684461,-0.2828651,12928299,5,602,0.022483043,913
5000060000138,33000500000578,5000060000153,5000060000000,33,1.9126327,5000060000139,-1,5000060000137,5000060000138,5000060000910,205,21.25822,19.536907,22.721336,21784,53.764233,51.992424,38.015118,242155,6,5,4,-144.39333,115.85176,-196.99834,77.34976,123.51887,0.033440996,-0.27047753,-0.27523088,12928244,5,578,0.026855914,61
5000060000139,32000500000531,5000060000153,5000060000000,32,2.0700274,5000060000140,-1,5000060000138,5000060000911,-1,52,0.0,0.0,0.0,21784,53.870724,51.90424,38.14252,242159,6,5,4,-192.02272,131.32494,-188.38933,63.373558,108.36449,0.036006153,0.13065703,0.11264804,12928299,5,531,0.00952601,408
5000060000140,31000500000507,5000060000153,5000060000000,31,2.2394855,5000060000141,-1,5000060000139,5000060000912,-1,84,0.0,0.0,0.0,21784,53.980732,51.83006,38.24452,242159,6,5,4,-156.48033,119.94736,-150.5387,66.09358,113.54783,0.043714628,0.07284378,0.059699334,12928291,5,507,0.013936078,149
5000060000141,30000500000847,5000060000153,5000060000000,30,2.422044,5000060000142,-1,5000060000140,5000060000141,-1,126,7.4877133,7.1434507,8.434436,21784,54.093727,51.78699,38.337116,242159,6,5,4,-139.36247,107.540405,-125.94867,59.92329,99.529076,-0.28750893,-0.14831933,-0.10019381,12928290,5,847,0.024588838,655
5000060000142,29000500001024,5000060000153,5000060000000,29,2.6188614,5000060000143,-1,5000060000141,5000060000142,-1,94,7.4016476,7.1434507,8.090173,21784,54.140614,51.71882,38.405315,242157,6,5,4,-131.02295,106.15411,-121.29856,58.02393,104.781784,0.14210248,-0.029994123,-0.048227277,12928280,5,1024,0.01705936,424
5000060000143,28000500001074,5000060000153,5000060000000,28,2.8311827,5000060000144,-1,5000060000142,5000060000143,-1,80,6.971319,6.971319,6.971319,21784,54.181026,51.66948,38.469296,242157,6,5,4,-118.62439,99.43334,-113.327515,60.425655,100.07797,0.052700814,0.10090722,0.0014269938,13054697,5,1074,0.015253596,674
5000060000144,27000500001004,5000060000153,5000060000000,27,3.060419,5000060000145,-1,5000060000143,5000060000144,-1,84,6.6270566,6.6270566,6.7131224,21784,54.258675,51.594803,38.511898,242157,6,5,4,-107.197075,90.870834,-110.61565,62.70286,107.27729,0.17601186,0.03681349,0.08856411,12928244,5,1004,0.0145932585,859
5000060000145,26000500000854,5000060000153,5000060000000,26,3.3080978,5000060000146,-1,5000060000144,5000060000145,-1,84,6.799188,6.7131224,7.4016476,21784,54.317093,51.550102,38.58805,242157,6,5,4,-97.867226,84.66551,-102.59877,65.04651,109.47355,0.15820335,0.03770697,-0.01870614,12928300,5,854,0.013780762,805
5000060000146,25000500000861,5000060000152,5000060000000,25,3.575905,5000060000147,5000060000153,5000060000145,5000060000146,-1,76,6.540991,6.282794,6.7131224,21784,54.36172,51.511116,38.646965,242157,6,5,4,-86.1113,90.42598,-103.9578,61.414795,108.089615,0.09138031,0.08328892,0.06705899,12928261,5,861,0.013854033,631
5000060000147,24000500000873,5000060000152,5000060000000,24,3.8656828,5000060000148,-1,5000060000146,5000060000147,-1,63,4.6475463,4.6475463,4.733612,21784,54.392963,51.44939,38.67078,242157,6,5,4,-84.03696,88.75828,-103.29635,66.61813,104.01613,0.0022614717,0.030425906,0.08466448,12928280,5,873,0.0133393705,409
5000060000148,23000500000827,5000060000152,5000060000000,23,4.1794686,5000060000149,-1,5000060000147,5000060000148,-1,58,4.131152,4.0450864,4.6475463,21784,54.4413,51.41315,38.769432,242157,6,5,4,-75.40515,91.48617,-109.81756,67.54288,109.77508,0.025986707,0.20465805,0.15925194,12928244,5,827,0.009458843,408
5000060000149,22000500000688,5000060000152,5000060000000,22,4.5195556,5000060000150,-1,5000060000148,5000060000149,-1,57,3.442627,3.442627,3.7868896,21784,54.472893,51.347755,38.815296,242157,6,5,4,-71.05551,88.660645,-94.11993,58.03887,101.31192,0.12438329,0.26322713,0.22385076,12928299,5,688,0.01243682,714
5000060000150,21000500000741,5000060000152,5000060000000,21,4.888449,5000060000151,-1,5000060000149,5000060000150,-1,41,1.7213135,1.7213135,1.8934448,21784,54.522964,51.292618,38.88843,242157,6,5,4,-63.826973,77.627625,-111.99163,52.317097,86.60059,0.04271479,0.19136126,-0.048506483,12928247,5,741,0.011788097,428
5000060000151,20000500000675,5000060000152,5000060000000,20,5.2888336,5000060000152,-1,5000060000150,5000060000151,-1,40,1.4631164,1.4631164,1.549182,21784,54.577915,51.259987,38.92487,242157,6,5,4,-68.94292,78.79301,-101.02623,50.7542,87.72229,0.052515086,0.15106995,-0.033572834,12928299,5,675,0.012799137,220
5000060000152,19000500000517,5000060000152,5000060000000,19,5.7238646,-1,-1,5000060000151,5000060000152,-1,39,1.4631164,1.4631164,1.4631164,21784,54.589592,51.19421,38.98194,242157,6,5,4,-58.637867,81.774506,-98.923805,49.41501,84.13569,0.040845804,0.14825884,-0.017281843,12928243,5,517,0.013958899,598
5000060000153,25000500001641,5000060000153,5000060000000,25,3.575905,-1,-1,5000060000145,5000060000153,-1,27,0.0,0.0,0.0,21784,54.099285,51.38704,38.547417,242157,6,5,4,-94.359985,183.14723,-121.22421,34.959846,50.60947,-0.5363937,0.08578165,0.4759189,12928675,5,1641,0.02292842,574
5000060000154,50000500000227,5000060000207,5000060000000,50,0.40789944,5000060000155,-1,5000060000012,5000060000013,5000060000447,145,0.0,0.0,0.0,21789,52.352077,53.859985,35.735207,242131,5,6,4,-78.991325,447.61237,-240.24762,96.98726,161.06667,0.049101945,0.049577884,0.19721355,13079081,5,227,0.012275734,163
5000060000155,49000500000316,5000060000207,5000060000000,49,0.45657724,5000060000156,-1,5000060000154,5000060000014,5000060000894,199,0.0,0.0,0.0,21789,52.40083,53.707363,35.83645,242129,5,6,4,-133.00523,269.51837,-241.98665,94.56554,165.48398,0.0074000317,-0.008322942,0.10020896,13079053,5,316,0.01401485,54
5000060000156,48000500000320,5000060000207,5000060000000,48,0.5085914,5000060000157,-1,5000060000155,5000060000015,5000060000895,179,0.0,0.0,0.0,21789,52.45973,53.637352,35.9266,242129,5,6,4,-156.70073,80.87348,-220.68146,94.53938,164.07884,-0.0648205,0.06730218,-0.029159524,13079272,5,320,0.014085505,396
5000060000157,47000500000326,5000060000207,5000060000000,47,0.5641766,5000060000158,-1,5000060000156,5000060000016,5000060000896,96,0.0,0.0,0.0,21789,52.52646,53.65996,36.002045,242129,5,6,4,-64.01125,-115.061844,-18.549368,96.000206,158.88326,0.005408036,0.13113296,0.018335538,13079272,5,326,0.008049778,736
5000060000158,46000500000289,5000060000207,5000060000000,46,0.6235901,5000060000159,-1,5000060000157,5000060000017,5000060000897,376,0.0,0.0,0.0,21789,52.528492,53.67428,35.98808,242129,5,6,4,17.09398,53.945255,-1.6376181,109.88107,191.41206,-0.115636915,0.2519227,-0.27139837,13081448,5,289,0.02084387,406
5000060000159,45000500000279,5000060000207,5000060000000,45,0.6871088,5000060000160,-1,5000060000158,5000060000018,5000060000898,537,0.0,0.0,0.0,21789,52.52117,53.637577,36.005806,242129,5,6,4,23.120913,129.13733,-38.313774,109.90972,193.0932,-0.32126015,0.4132678,-0.31534815,13079272,5,279,0.027638657,25
5000060000160,44000500000257,5000060000207,5000060000000,44,0.75503564,5000060000161,-1,5000060000159,5000060000019,5000060000899,589,0.0,0.0,0.0,21789,52.504055,53.563698,36.027252,242129,5,5,4,26.550716,173.96426,-56.151527,111.90913,200.03542,-0.16737,0.28261143,-0.3460915,13079272,5,257,0.031607073,794
5000060000161,43000500000271,5000060000207,5000060000000,43,0.8276991,5000060000162,-1,5000060000160,5000060000020,5000060000900,649,0.0,0.0,0.0,21789,52.4975,53.4674,36.055866,242129,5,5,4,24.175787,202.84305,-67.62888,110.82934,198.70262,-0.1543533,0.22704743,-0.30832097,13079097,5,271,0.033514746,957
5000060000162,42000500000249,5000060000207,5000060000000,42,0.9054624,5000060000163,-1,5000060000161,5000060000021,5000060000129,707,0.0,0.0,0.0,21789,52.47822,53.36433,36.094704,242129,5,5,4,24.762188,222.64067,-78.502014,104.86596,192.98091,-0.19253188,0.09886377,-0.41647762,13079097,5,249,0.039150227,146
5000060000163,41000500000485,5000060000207,5000060000000,41,0.98870814,5000060000164,-1,5000060000162,5000060000163,5000060000977,747,73.15582,64.46319,71.34844,21789,52.461964,53.246864,36.14153,242133,5,5,4,29.026207,236.19171,-85.02436,103.57168,189.85258,-0.13943754,0.09217095,-0.39730084,13079272,5,485,0.04190407,621
5000060000164,40000500000520,5000060000207,5000060000000,40,1.0778745,5000060000165,-1,5000060000163,5000060000164,5000060000978,717,71.606636,64.80745,70.91811,21789,52.446587,53.131718,36.195404,242133,5,5,4,35.313015,242.61006,-85.00991,105.290726,196.29381,-0.14561203,0.19730012,-0.5060906,13081029,5,520,0.039921347,812
5000060000165,39000500000513,5000060000207,5000060000000,39,1.173417,5000060000166,-1,5000060000164,5000060000165,-1,658,62.311546,58.180393,61.79515,21789,52.425575,52.98747,36.242218,242133,5,5,4,34.123394,239.62666,-82.70888,110.23744,195.44392,-0.12831579,0.32775536,-0.39165682,13079272,5,513,0.03377467,298
5000060000166,38000500000488,5000060000207,5000060000000,38,1.2758462,5000060000167,-1,5000060000165,5000060000166,-1,638,57.319736,54.909897,57.319736,21789,52.40873,52.860924,36.291626,242133,5,5,4,32.785084,235.05794,-78.90822,111.82612,199.30283,-0.08257462,0.3060488,-0.29217875,13081088,5,488,0.03175674,721
5000060000167,37000500000505,5000060000207,5000060000000,37,1.3857181,5000060000168,-1,5000060000166,5000060000167,-1,612,58.52466,55.08203,58.782852,21789,52.39213,52.736588,36.33208,242133,5,5,4,25.621077,231.24113,-74.89458,106.78468,190.68283,-0.049598932,0.51712817,-0.3562583,13079174,5,505,0.033545118,730
5000060000168,36000500000451,5000060000207,5000060000000,36,1.5036365,5000060000169,-1,5000060000167,5000060000168,-1,610,55.598423,51.553337,56.200882,21788,52.379383,52.59537,36.369415,242119,5,5,4,20.12536,227.66895,-69.76572,106.13872,190.76747,0.0012452197,0.6251653,-0.40371415,13079105,5,451,0.03281662,161
5000060000169,35000500000420,5000060000207,5000060000000,35,1.6302707,5000060000170,-1,5000060000168,5000060000169,-1,628,53.61891,50.176285,54.393505,21788,52.365746,52.4641,36.403477,242119,5,5,4,14.021697,216.55693,-65.596794,110.66385,198.11581,-0.19652142,0.6501826,-0.49965322,13081099,5,420,0.031088362,356
5000060000170,34000500000406,5000060000207,5000060000000,34,1.766336,5000060000171,-1,5000060000169,5000060000170,-1,593,52.586124,50.09022,53.44678,21788,52.360268,52.33801,36.422047,242119,5,5,4,13.345163,209.47115,-63.901707,109.10224,190.7276,-0.14867051,0.8102473,-0.2113779,13081095,5,406,0.032207713,196
5000060000171,33000500000374,5000060000207,5000060000000,33,1.9126327,5000060000172,-1,5000060000170,5000060000171,-1,618,52.758255,50.34842,53.61891,21788,52.34958,52.241596,36.465977,242119,5,5,4,12.27029,200.709,-63.508545,108.06212,183.98253,-0.17315432,0.7212031,-0.27434567,13079072,5,374,0.036994964,734
5000060000172,32000500000367,5000060000207,5000060000000,32,2.0700274,5000060000173,-1,5000060000171,5000060000172,-1,566,51.29514,49.573826,52.586124,21788,52.334137,52.125023,36.495213,242119,5,5,4,14.334968,187.92221,-63.586266,111.42725,187.45396,-0.039066173,0.464256,-0.2294102,13081079,5,367,0.0309924,683
5000060000173,31000500000330,5000060000207,5000060000000,31,2.2394855,5000060000174,-1,5000060000172,5000060000173,-1,517,47.76645,47.250053,48.28284,21788,52.35239,52.012398,36.54519,242119,5,5,4,17.171732,177.9614,-63.015026,124.19827,202.53758,-0.061152667,0.4504213,-0.32821167,13079284,5,330,0.025457274,400
5000060000174,30000500000298,5000060000207,5000060000000,30,2.422044,5000060000175,-1,5000060000173,5000060000174,-1,504,42.34431,41.397587,43.635296,21788,52.327724,51.935684,36.60055,242119,5,5,4,17.916641,169.58142,-60.167706,123.16608,199.96454,0.0126412455,0.4864515,-0.23400688,13081088,5,298,0.023793578,847
5000060000175,29000500000261,5000060000192,5000060000000,29,2.6188614,5000060000176,5000060000193,5000060000174,5000060000175,5000060000193,331,31.413969,30.209051,33.99594,21788,52.26092,51.869213,36.62218,242119,5,5,4,60.485752,153.63171,-43.137524,100.77729,170.10866,-0.25728935,0.21636108,0.03236821,13080989,5,261,0.02348109,973
5000060000176,28000500000240,5000060000192,5000060000000,28,2.8311827,5000060000177,-1,5000060000175,5000060000176,5000060000194,299,24.700848,23.754126,25.905767,21788,52.206837,51.76196,36.630596,242119,5,5,4,38.175694,158.12112,-32.64697,98.0419,170.17458,-0.09079847,0.22568694,-0.31558964,13081070,5,240,0.02117859,99
5000060000177,27000500000300,5000060000192,5000060000000,27,3.060419,5000060000178,-1,5000060000176,5000060000177,-1,254,21.602484,20.741827,22.46314,21788,52.17946,51.674244,36.639904,242117,5,5,4,40.956375,158.41202,-24.113852,96.075424,166.23615,-0.40076062,0.06806544,0.18077792,13081139,5,300,0.017799327,542
5000060000178,26000500000289,5000060000192,5000060000000,26,3.3080978,5000060000179,-1,5000060000177,5000060000178,-1,241,20.397564,20.0533,21.08609,21788,52.165688,51.591415,36.651413,242117,5,5,4,34.45459,149.33022,-6.415311,96.44397,169.92981,-0.09782491,0.31640938,0.19558181,13081071,5,289,0.017491663,797
5000060000179,25000500000269,5000060000192,5000060000000,25,3.575905,5000060000180,-1,5000060000178,5000060000179,-1,220,17.901659,17.729528,18.590185,21788,52.151966,51.50175,36.667847,242117,5,5,4,24.272722,140.79358,-1.0290781,98.19349,165.7061,0.012197449,0.33309284,0.25329015,13081103,5,269,0.01621557,545
5000060000180,24000500000248,5000060000192,5000060000000,24,3.8656828,5000060000181,-1,5000060000179,5000060000180,-1,203,14.631165,14.545098,15.31969,21788,52.15238,51.420017,36.670723,242117,5,5,4,11.633519,131.33385,-10.178954,96.71195,165.66081,-0.118743025,0.3434067,0.2215915,13081103,5,248,0.015177294,610
5000060000181,23000500000202,5000060000192,5000060000000,23,4.1794686,5000060000182,-1,5000060000180,5000060000181,-1,191,14.631165,14.631165,14.889361,21788,52.136658,51.33019,36.68965,242117,5,5,4,12.960869,143.45255,-15.687764,95.91416,161.44632,-0.041398928,0.0539335,0.00801728,13081103,5,202,0.014750587,513
5000060000182,22000500000183,5000060000192,5000060000000,22,4.5195556,5000060000183,-1,5000060000181,5000060000182,-1,148,13.168048,13.081982,13.684442,21788,52.146233,51.252956,36.682133,242117,5,5,4,-2.6899028,128.76578,-7.1570015,91.20639,151.7661,-0.015607912,0.01886314,0.0981859,13081090,5,183,0.012404107,352
5000060000183,21000500000145,5000060000192,5000060000000,21,4.888449,5000060000184,-1,5000060000182,5000060000183,-1,160,12.13526,12.049194,12.565588,21788,52.146286,51.173565,36.710537,242117,5,5,4,-0.2711898,127.41182,-17.803135,92.84103,154.67815,-0.14573763,0.039793734,0.20708229,13081095,5,145,0.013470885,791
5000060000184,20000500000138,5000060000192,5000060000000,20,5.2888336,5000060000185,-1,5000060000183,5000060000184,-1,124,10.8442745,10.8442745,11.016406,21788,52.12511,51.120235,36.726234,242117,5,5,4,-8.69051,119.98929,-15.162479,105.584885,168.6176,-0.053194832,0.00558271,0.11941679,13081088,5,138,0.008981535,659
5000060000185,19000500000094,5000060000192,5000060000000,19,5.7238646,5000060000186,-1,5000060000184,5000060000185,-1,119,9.036896,9.036896,9.295093,21788,52.146255,51.048943,36.70369,242117,5,5,4,-4.4326577,112.618164,-18.652903,98.11367,160.41983,-0.0106586665,-0.0140905455,0.13826226,13081099,5,94,0.00939229,404
5000060000186,18000500000055,5000060000192,5000060000000,18,6.1968336,5000060000187,-1,5000060000185,5000060000186,-1,117,7.057385,7.057385,7.573779,21788,52.13751,50.97201,36.71607,242117,5,5,4,-1.9795346,102.37443,-15.443072,78.80162,143.70146,-0.07531004,0.03553317,0.14600472,13080989,5,55,0.011670934,730
5000060000187,17000500000063,5000060000192,5000060000000,17,6.7115865,5000060000188,-1,5000060000186,5000060000187,-1,81,6.4549255,6.4549255,6.6270566,21788,52.11835,50.927105,36.725018,242117,5,5,4,7.195679,116.47597,-15.438977,89.26568,149.7792,-0.008323365,-0.058784336,-0.025521977,13081099,5,63,0.0077726482,201
5000060000188,16000500000040,5000060000192,5000060000000,16,7.272188,5000060000189,-1,5000060000187,5000060000188,-1,73,5.8524656,5.8524656,6.1106625,21788,52.102577,50.88589,36.730244,242117,5,5,4,3.589189,106.340385,-16.374681,101.31361,160.83853,-0.023195326,-0.0458339,-0.021398291,13081070,5,40,0.005682572,665
5000060000189,15000500000025,5000060000192,5000060000000,15,7.8832035,5000060000190,-1,5000060000188,5000060000189,-1,66,4.6475463,4.6475463,4.6475463,21788,52.097836,50.810238,36.75479,242117,5,5,4,-2.8531733,102.51235,-17.507097,83.21445,136.7887,-0.08252882,-0.028608376,-0.035914127,13081106,5,25,0.0072035287,420
5000060000190,14000500000030,5000060000192,5000060000000,14,8.549912,5000060000191,-1,5000060000189,5000060000190,-1,44,3.098364,3.098364,3.18443,21779,52.127197,50.76494,36.765343,242007,5,5,4,8.047426,111.571815,-7.159255,79.10082,137.8601,0.027923245,-0.08742436,0.011405662,13080989,5,30,0.0047631734,455
5000060000191,13000500000019,5000060000192,5000060000000,13,9.277915,5000060000192,-1,5000060000190,5000060000191,-1,40,2.5819702,2.5819702,2.6680357,21779,52.13606,50.725586,36.756775,242007,5,5,4,8.493711,100.32741,-15.669978,85.80873,157.96602,0.033076283,-0.05007711,0.0161747,13080989,5,19,0.003687346,325
5000060000192,12000500000011,5000060000192,5000060000000,12,10.073462,-1,-1,5000060000191,5000060000192,-1,28,1.2909851,1.2909851,1.2909851,21779,52.17066,50.713173,36.739635,242007,5,5,4,-9.607946,94.457756,-9.544126,65.72773,104.68724,0.03376015,-0.010771467,-0.004816604,13081102,5,11,0.005413996,640
5000060000193,29000500000262,5000060000207,5000060000000,29,2.6188614,5000060000194,-1,5000060000174,5000060000175,-1,102,0.0,0.0,0.0,21788,52.405457,51.790497,36.63527,242119,5,5,4,-88.47512,195.56422,-101.289055,74.20073,129.33958,0.10225722,0.069507085,-0.13152114,13079003,5,262,0.012717893,550
5000060000194,28000500000241,5000060000207,5000060000000,28,2.8311827,5000060000195,-1,5000060000193,5000060000176,-1,89,0.0,0.0,0.0,21788,52.460194,51.675964,36.6896,242117,5,5,4,-54.5053,175.95482,-100.04356,71.3747,128.02274,0.18452367,0.15821044,-0.12546833,13079040,5,241,0.0116006695,166
5000060000195,27000500000662,5000060000207,5000060000000,27,3.060419,5000060000196,-1,5000060000194,5000060000195,-1,128,11.102471,10.586078,11.360668,21788,52.475918,51.564423,36.748272,242117,5,5,4,-39.115437,152.55693,-97.401375,67.68106,127.489555,0.15045998,0.084648326,-0.1763813,13079048,5,662,0.015830213,743
5000060000196,26000500000542,5000060000207,5000060000000,26,3.3080978,5000060000197,-1,5000060000195,5000060000196,-1,126,10.327881,10.327881,10.672143,21788,52.48985,51.49714,36.79212,242117,5,5,4,-26.103123,138.66689,-96.44807,69.91455,125.7814,0.20394577,0.18077213,-0.13691114,13078992,5,542,0.016013443,152
5000060000197,25000500000468,5000060000207,5000060000000,25,3.575905,5000060000198,-1,5000060000196,5000060000197,-1,129,10.758209,10.500011,11.188538,21788,52.51993,51.400604,36.861988,242117,5,5,4,-17.045792,126.8494,-103.29643,75.23707,132.80907,0.29242268,0.1251755,-0.17761102,13079039,5,468,0.014896002,297
5000060000198,24000500000367,5000060000207,5000060000000,24,3.8656828,5000060000199,-1,5000060000197,5000060000198,-1,138,9.811486,9.639355,10.672143,21788,52.50261,51.344597,36.91655,242117,5,5,4,-9.919622,116.0373,-109.641495,78.164604,131.94653,0.28588387,0.20874394,-0.13519213,13079009,5,367,0.01632236,66
5000060000199,23000500000270,5000060000207,5000060000000,23,4.1794686,5000060000200,-1,5000060000198,5000060000199,-1,144,9.639355,9.639355,10.327881,21788,52.530987,51.263126,36.98013,242117,5,5,4,-3.3128178,110.852295,-114.25726,81.06994,137.65714,0.23178206,0.17923968,-0.117657244,13085901,5,270,0.014894056,579
5000060000200,22000500000215,5000060000207,5000060000000,22,4.5195556,5000060000201,-1,5000060000199,5000060000200,-1,126,8.864764,8.864764,9.553289,21788,52.544533,51.196247,37.006874,242117,5,5,4,3.761236,111.526276,-104.74719,82.90681,135.82689,0.2615058,0.2958024,-0.109537594,13085901,5,215,0.014168382,713
5000060000201,21000500000210,5000060000207,5000060000000,21,4.888449,5000060000202,-1,5000060000200,5000060000201,-1,102,8.090173,8.004107,8.090173,21788,52.54827,51.123726,37.092144,242117,5,5,4,2.4716027,107.738846,-122.248375,83.41415,142.83604,0.07707199,0.1381634,-0.036008764,13079039,5,210,0.011072572,147
5000060000202,20000500000203,5000060000207,5000060000000,20,5.2888336,5000060000203,-1,5000060000201,5000060000202,-1,86,6.540991,6.540991,6.885254,21787,52.540924,51.08631,37.183964,242145,5,5,4,9.314102,106.82998,-125.29764,80.42159,132.25975,0.15573381,0.18190575,-0.14555989,13079047,5,203,0.010446524,650
5000060000203,19000500000212,5000060000207,5000060000000,19,5.7238646,5000060000204,-1,5000060000202,5000060000203,-1,66,2.5819702,2.5819702,2.7541015,21787,52.53685,51.06309,37.286278,242145,5,5,4,9.497984,97.91827,-109.902306,74.82528,112.31529,0.2029511,0.19540365,-0.16771476,13079014,5,212,0.015408642,365
5000060000204,18000500000449,5000060000206,5000060000000,18,6.1968336,5000060000205,5000060000207,5000060000203,5000060000204,-1,32,2.2377074,2.2377074,2.2377074,21787,52.544582,50.907932,37.178993,242145,5,5,4,-14.15842,142.77498,-71.39937,63.380253,98.708824,0.024740292,0.070093185,0.02446794,13083282,5,449,0.006850105,564
5000060000205,17000500000531,5000060000206,5000060000000,17,6.7115865,5000060000206,-1,5000060000204,5000060000205,-1,21,1.549182,1.549182,1.8073791,21787,52.520695,50.839005,37.192726,242145,5,5,4,-33.028355,141.21616,-60.894085,49.954998,88.00082,0.050170995,0.06026053,-0.0045723426,13083484,5,531,0.0058837472,51
5000060000206,16000500000360,5000060000206,5000060000000,16,7.272188,-1,-1,5000060000205,5000060000206,-1,22,0.60245967,0.60245967,0.86065674,21776,52.5453,50.757294,37.194035,242035,5,5,4,-25.014362,126.70228,-68.97369,55.260513,74.88534,0.059931487,0.08073201,0.016736528,13079297,5,360,0.011320258,632
5000060000207,18000500000487,5000060000207,5000060000000,18,6.1968336,-1,-1,5000060000203,5000060000207,-1,31,1.4631164,1.4631164,1.549182,21787,52.544605,51.0407,37.377373,242145,5,5,4,14.218916,51.084824,-131.18161,56.353966,91.85553,0.029587101,0.019167997,0.0011828697,13079011,5,487,0.007315489,269
5000060000208,52000500000233,5000060000208,5000060000000,52,0.31970343,-1,-1,5000060000010,5000060000011,5000060001011,26,0.0,0.0,0.0,21789,52.324,54.16334,35.55175,242131,5,6,3,-235.37848,151.75887,-213.45372,57.259655,83.82797,0.06958076,-0.012289117,0.036764525,13079053,5,233,0.007800629,249
5000060000209,53000500000259,5000060000235,5000060000000,53,0.2798018,5000060000210,-1,5000060000009,5000060000010,5000060001010,26,0.0,0.0,0.0,21789,52.480278,54.42416,35.558098,242131,5,6,3,-216.85986,52.845825,-141.27736,36.23115,83.91584,0.049005684,0.010209976,0.11729653,13083709,5,259,0.007970503,93
5000060000210,51000500000231,5000060000235,5000060000000,51,0.36234027,5000060000211,-1,5000060000209,5000060000012,5000060001012,25,0.0,0.0,0.0,21789,52.582153,54.362865,35.628345,242131,5,6,3,-71.029854,119.52211,-98.210625,34.409492,83.43436,0.04348015,-0.046171613,0.11020492,13197499,5,231,0.00897955,79
5000060000211,50000500000233,5000060000235,5000060000000,50,0.40789944,5000060000212,-1,5000060000210,5000060000013,-1,21,0.0,0.0,0.0,21789,52.591682,54.30315,35.655727,242131,5,6,3,-4.6071115,164.96693,-87.22438,28.748888,76.97142,0.02401656,-0.044870704,0.06899552,13083709,5,233,0.0088618,117
5000060000212,49000500000320,5000060000235,5000060000000,49,0.45657724,5000060000213,-1,5000060000211,5000060000014,-1,22,0.0,0.0,0.0,21789,52.584293,54.23027,35.695988,242131,5,6,3,44.87656,211.9516,-88.95075,31.932064,81.83742,0.057386003,-0.06254975,0.062243156,13083703,5,320,0.008288013,760
5000060000213,47000500000330,5000060000235,5000060000000,47,0.5641766,5000060000214,-1,5000060000212,5000060000016,-1,24,0.0,0.0,0.0,21789,52.51348,54.001377,35.795895,242131,5,6,4,118.91105,325.9063,-110.68487,30.914286,81.84236,0.012694139,-0.08453843,0.024082666,13083709,5,330,0.010840716,61
5000060000214,46000500000293,5000060000235,5000060000000,46,0.6235901,5000060000215,-1,5000060000213,5000060000017,-1,26,0.0,0.0,0.0,21789,52.458492,53.84114,35.85196,242131,5,6,4,133.42685,393.54572,-142.75888,31.252893,80.0178,-0.034465205,-0.110407196,-0.0960382,13083709,5,293,0.011957047,998
5000060000215,44000500000260,5000060000235,5000060000000,44,0.75503564,5000060000216,-1,5000060000214,5000060000019,5000060000127,28,0.0,0.0,0.0,21789,52.374702,53.407677,36.037067,242129,5,5,4,4.3277106,463.35196,-256.88382,32.79798,75.83055,-0.031225177,5.238467E-4,0.0020214668,13197529,5,260,0.01607502,85
5000060000216,43000500003561,5000060000235,5000060000000,43,0.8276991,5000060000217,-1,5000060000215,5000060000216,-1,27,3.442627,2.840167,3.18443,21789,52.378017,53.184864,36.162895,242133,5,5,4,-45.19972,443.12097,-263.77805,37.22282,92.63301,-0.039921496,-0.030123709,-0.0021693343,13197529,5,3561,0.010757333,727
5000060000217,42000500000252,5000060000235,5000060000000,42,0.9054624,5000060000218,-1,5000060000216,5000060000021,5000060001021,31,0.0,0.0,0.0,21789,52.408173,52.971867,36.299435,242133,5,5,4,-98.61909,429.69916,-285.22607,40.01371,89.63982,-0.15301578,-0.021032313,0.08824761,13197141,5,252,0.011560306,647
5000060000218,41000500000267,5000060000235,5000060000000,41,0.98870814,5000060000219,-1,5000060000217,5000060000022,-1,29,0.0,0.0,0.0,21789,52.485584,52.763443,36.456062,242133,5,5,4,-157.63852,400.7821,-310.25256,33.74577,76.472565,-0.099854045,-0.039147917,0.034327082,13083703,5,267,0.009613997,643
5000060000219,40000500000316,5000060000235,5000060000000,40,1.0778745,5000060000220,-1,5000060000218,5000060000023,-1,28,0.0,0.0,0.0,21788,52.578938,52.559933,36.61513,242119,5,5,4,-217.90396,346.53506,-317.19867,39.504845,85.32083,-0.015343606,-0.07191886,-0.06007947,13083703,5,316,0.0091555165,540
5000060000220,39000500000276,5000060000235,5000060000000,39,1.173417,5000060000221,-1,5000060000219,5000060000024,-1,40,0.0,0.0,0.0,21788,52.71897,52.3918,36.789963,242119,5,5,4,-267.72318,275.55444,-322.2741,38.322067,76.08889,0.18333766,-0.08905313,-0.19597411,13197513,5,276,0.016998041,230
5000060000221,38000500000230,5000060000235,5000060000000,38,1.2758462,5000060000222,-1,5000060000220,5000060000025,5000060000098,42,0.0,0.0,0.0,21791,52.887623,52.280148,36.971806,242126,5,5,4,-322.0654,165.73279,-316.0269,40.03962,76.98402,0.1824688,-0.03400488,-0.10235418,13197499,5,230,0.017628126,190
5000060000222,37000500000238,5000060000235,5000060000000,37,1.3857181,5000060000223,-1,5000060000221,5000060000026,5000060000099,45,0.0,0.0,0.0,21784,53.073204,52.231117,37.140965,242154,5,5,4,-340.87326,53.04872,-272.56735,44.221775,83.17572,0.14577708,-0.022154603,0.03184107,13083703,5,238,0.015123571,444
5000060000223,36000500000215,5000060000235,5000060000000,36,1.5036365,5000060000224,-1,5000060000222,5000060000027,5000060000100,36,0.0,0.0,0.0,21784,53.260826,52.239475,37.266975,242154,5,5,4,-297.90488,-15.282255,-201.13394,45.27897,86.09,0.09961327,-0.024593078,-0.04259222,13197129,5,215,0.011659613,420
5000060000224,35000500000216,5000060000235,5000060000000,35,1.6302707,5000060000225,-1,5000060000223,5000060000028,5000060000101,50,0.0,0.0,0.0,21784,53.407143,52.238777,37.355457,242154,5,5,4,-243.54901,-41.924652,-142.30794,44.556335,87.86983,-0.05187218,-0.024048718,0.09102142,13083709,5,216,0.013513585,932
5000060000225,34000500001806,5000060000235,5000060000000,34,1.766336,5000060000226,-1,5000060000224,5000060000225,-1,63,4.991809,4.733612,5.0778747,21784,53.526928,52.250023,37.43029,242154,5,5,4,-204.43646,-32.23217,-120.948296,47.768593,91.65774,-0.039397847,-0.067988195,0.06866886,13083703,5,1806,0.01576149,83
5000060000226,33000500001954,5000060000235,5000060000000,33,1.9126327,5000060000227,-1,5000060000225,5000060000226,-1,59,4.991809,4.991809,4.991809,21784,53.635647,52.25831,37.50387,242154,6,5,4,-175.82893,-15.647925,-110.64819,51.775055,93.43144,-0.08276493,-0.09226835,0.017338775,13083703,5,1954,0.014317823,198
5000060000227,32000500001913,5000060000235,5000060000000,32,2.0700274,5000060000228,-1,5000060000226,5000060000227,-1,61,5.1639404,5.0778747,5.1639404,21784,53.742916,52.26336,37.567883,242155,6,5,4,-154.95946,-3.577234,-101.62337,55.6323,95.6129,-0.10759934,-0.08020852,0.07013999,13197521,5,1913,0.01411547,438
5000060000228,31000500002079,5000060000235,5000060000000,31,2.2394855,5000060000229,-1,5000060000227,5000060000228,-1,52,4.6475463,4.4754148,4.6475463,21784,53.822403,52.25488,37.62002,242155,6,5,4,-137.47714,6.049939,-95.69179,58.493145,96.28487,0.011292316,-0.022734772,0.0338385,13197523,5,2079,0.01279039,197
5000060000229,30000500002060,5000060000235,5000060000000,30,2.422044,5000060000230,-1,5000060000228,5000060000229,-1,51,3.7868896,3.7868896,3.7868896,21784,53.903805,52.277397,37.675297,242155,6,5,4,-126.47866,13.221922,-92.890205,45.87506,85.40469,0.036359277,0.0050413366,0.006064953,13197523,5,2060,0.015833702,749
5000060000230,29000500002639,5000060000235,5000060000000,29,2.6188614,5000060000231,-1,5000060000229,5000060000230,-1,36,2.2377074,2.2377074,2.3237731,21784,53.986614,52.306637,37.72,242155,6,5,4,-117.6251,-0.665871,-82.339714,42.82761,75.65806,0.032099165,-0.01088458,0.01851942,13197518,5,2639,0.0138212545,311
5000060000231,28000500002929,5000060000235,5000060000000,28,2.8311827,5000060000232,-1,5000060000230,5000060000231,-1,30,1.8073791,1.8073791,2.1516418,21784,54.031967,52.321316,37.75456,242155,6,5,4,-110.89524,9.818795,-80.75783,36.655296,69.83141,0.03831403,0.041971494,-0.09941737,13197513,5,2929,0.012691709,312
5000060000232,26000500002654,5000060000235,5000060000000,26,3.3080978,5000060000233,-1,5000060000231,5000060000232,-1,29,0.774591,0.774591,0.774591,21784,54.165863,52.263725,37.87342,242155,6,5,4,-94.49027,15.4284725,-79.35213,34.544952,59.97796,-0.158823,0.061554994,0.01957964,13197524,5,2654,0.016489957,460
5000060000233,25000500003151,5000060000235,5000060000000,25,3.575905,5000060000234,-1,5000060000232,5000060000233,-1,21,0.516394,0.516394,0.516394,21784,54.221516,52.253494,37.932285,242155,6,5,4,-97.426765,16.446394,-71.1589,30.46956,57.32279,-0.048102923,-0.074904636,-0.020694284,13197524,5,3151,0.013584448,2
5000060000234,24000500003057,5000060000235,5000060000000,24,3.8656828,5000060000235,-1,5000060000233,5000060000234,-1,20,0.9467224,0.9467224,0.9467224,21784,54.252678,52.23981,37.96224,242155,6,5,4,-87.738914,24.217098,-80.35896,35.582726,61.19529,-0.13693462,0.08706131,-0.13171606,13197529,5,3057,0.011040158,70
5000060000235,22000500002123,5000060000235,5000060000000,22,4.5195556,-1,-1,5000060000234,5000060000235,-1,22,1.4631164,1.4631164,1.4631164,21784,54.363358,52.26783,38.02194,242155,6,5,4,-84.03957,25.134151,-73.07205,43.56142,77.641594,-0.13385166,0.030550376,-0.05597386,13197522,5,2123,0.009155821,628
5000060000236,58000500000281,5000060000272,5000060000000,58,0.11588337,5000060000237,-1,5000060000004,5000060000005,5000060000930,43,0.0,0.0,0.0,21858,52.067905,54.826042,35.203915,243009,5,6,3,-438.8956,31.979532,4.5354342,51.645054,81.27122,-0.02361746,0.14256099,-0.015341948,13086496,5,281,0.014472565,853
5000060000237,57000500000256,5000060000272,5000060000000,57,0.14438343,5000060000238,-1,5000060000236,5000060000006,5000060000886,51,0.0,0.0,0.0,21858,52.17994,54.803505,35.176334,243009,5,6,3,-311.57336,156.29948,123.60998,45.38215,80.33806,0.041047946,0.12069309,-0.024877708,13086485,5,256,0.01616796,37
5000060000238,56000500000257,5000060000272,5000060000000,56,0.17489761,5000060000239,-1,5000060000237,5000060000007,5000060000887,60,0.0,0.0,0.0,21885,52.24975,54.744358,35.139874,242789,5,6,3,-201.64648,242.45493,98.69236,45.163097,84.20399,0.08570985,0.18235262,-0.012956404,13086485,5,257,0.019198338,340
5000060000239,55000500000260,5000060000272,5000060000000,55,0.20754863,5000060000240,-1,5000060000238,5000060000008,5000060000888,64,0.0,0.0,0.0,21794,52.298046,54.664062,35.122223,241911,5,6,3,-110.44035,274.45322,43.16572,48.47968,88.10668,0.00120104,0.12767893,-0.063118406,13086485,5,260,0.017413154,258
5000060000240,54000500000251,5000060000272,5000060000000,54,0.24246909,5000060000241,-1,5000060000239,5000060000009,5000060000889,68,0.0,0.0,0.0,21794,52.325157,54.576992,35.11657,241911,5,6,3,-44.99666,287.27374,-8.786936,44.226013,87.86712,-0.009568565,0.14367302,-0.044749837,13086485,5,251,0.019278515,201
5000060000241,53000500000256,5000060000272,5000060000000,53,0.2798018,5000060000242,-1,5000060000240,5000060000010,5000060000890,74,0.0,0.0,0.0,21794,52.32742,54.48025,35.134163,241911,5,6,3,14.710935,279.31723,-59.946407,46.090683,83.74192,-0.008927304,0.10514802,-0.20134938,13086485,5,256,0.021883376,850
5000060000242,52000500000230,5000060000272,5000060000000,52,0.31970343,5000060000243,-1,5000060000241,5000060000011,5000060000891,93,0.0,0.0,0.0,21789,52.308315,54.388287,35.16053,242131,5,6,3,79.07999,261.64752,-103.45371,52.932888,90.716385,-0.058217604,0.19391786,-0.023131765,13086485,5,230,0.022300972,308
5000060000243,51000500000228,5000060000272,5000060000000,51,0.36234027,5000060000244,-1,5000060000242,5000060000012,5000060000892,86,0.0,0.0,0.0,21789,52.275078,54.297096,35.203114,242131,5,6,3,121.17259,233.72397,-127.502266,52.320576,92.48495,-0.05522392,0.110392846,0.017082235,13086478,5,228,0.020903602,945
5000060000244,50000500000229,5000060000272,5000060000000,50,0.40789944,5000060000245,-1,5000060000243,5000060000013,5000060000893,79,0.0,0.0,0.0,21789,52.225033,54.21359,35.25863,242131,5,6,3,141.00095,201.9851,-135.67207,51.242302,91.9341,0.042834226,0.24641363,-0.0013658684,13086474,5,229,0.01830986,962
5000060000245,49000500000354,5000060000272,5000060000000,49,0.45657724,5000060000246,-1,5000060000244,5000060000300,5000060000448,109,0.0,0.0,0.0,21789,52.163696,54.134933,35.307896,242131,5,6,3,143.9288,181.68153,-134.87723,45.238354,86.5225,0.042996358,0.29554975,-0.07214179,13086500,5,354,0.028542815,888
5000060000246,48000500000529,5000060000272,5000060000000,48,0.5085914,5000060000247,-1,5000060000245,5000060000695,-1,106,0.0,0.0,0.0,21789,52.102207,54.068146,35.366142,242131,5,6,3,141.62242,163.70975,-134.07939,45.541225,86.12387,0.024282357,0.2911695,0.12977706,13086294,5,529,0.031727526,124
5000060000247,47000500001376,5000060000272,5000060000000,47,0.5641766,5000060000248,-1,5000060000246,5000060000247,-1,121,11.790997,10.069683,11.618866,21789,52.03794,54.004147,35.42696,242131,5,6,3,129.461,150.3494,-131.13402,46.736736,84.092354,0.075702526,0.34023058,0.12825373,13086285,5,1376,0.032377973,828
5000060000248,46000500001549,5000060000272,5000060000000,46,0.6235901,5000060000249,-1,5000060000247,5000060000248,-1,108,10.241815,8.9508295,9.8975525,21789,51.988483,53.921654,35.494865,242131,5,6,3,115.44792,136.49359,-126.1363,51.546055,90.18861,0.012430835,0.17800325,0.06675503,13086543,5,1549,0.028362108,393
5000060000249,45000500001552,5000060000272,5000060000000,45,0.6871088,5000060000250,-1,5000060000248,5000060000249,-1,112,10.500011,9.209027,10.327881,21789,51.945248,53.855873,35.5499,242131,5,6,3,104.17695,127.05901,-121.21572,54.06046,92.26107,0.043867867,0.26038733,-0.12100879,13086543,5,1552,0.028353324,507
5000060000250,44000500001298,5000060000272,5000060000000,44,0.75503564,5000060000251,-1,5000060000249,5000060000250,-1,125,11.102471,10.241815,10.586078,21789,51.907055,53.81454,35.594227,242131,5,6,3,91.34393,115.78697,-111.16715,50.478672,91.64071,0.14684993,0.18328229,0.3061773,13086510,5,1298,0.028124755,801
5000060000251,43000500001523,5000060000272,5000060000000,43,0.8276991,5000060000252,-1,5000060000250,5000060000251,-1,100,9.8975525,8.520501,9.381158,21789,51.877068,53.761154,35.654118,242131,5,6,3,75.53733,105.27735,-103.07466,47.492542,88.00988,0.029593546,0.27374837,-0.21556492,13086509,5,1523,0.025198983,901
5000060000252,42000500001483,5000060000272,5000060000000,42,0.9054624,5000060000253,-1,5000060000251,5000060000252,-1,101,9.036896,8.348371,9.036896,21789,51.84401,53.6953,35.72039,242129,5,6,4,60.532207,96.18699,-94.624084,45.842373,82.683685,0.06853356,0.2019557,-0.2954241,13086507,5,1483,0.028942533,163
5000060000253,41000500001405,5000060000272,5000060000000,41,0.98870814,5000060000254,-1,5000060000252,5000060000253,-1,111,8.606567,6.971319,8.090173,21789,51.81385,53.651497,35.763817,242129,5,6,4,46.82891,91.130226,-81.08164,45.609516,83.86235,0.08222362,0.31481087,-0.25019914,13086283,5,1405,0.030737197,81
5000060000254,40000500001500,5000060000272,5000060000000,40,1.0778745,5000060000255,-1,5000060000253,5000060000254,-1,99,8.262304,7.057385,8.176239,21789,51.800327,53.604183,35.77998,242129,5,6,4,28.952837,87.88549,-67.040794,46.971878,83.190254,0.03525372,0.18340749,-0.15522811,13086507,5,1500,0.03024183,927
5000060000255,39000500001366,5000060000272,5000060000000,39,1.173417,5000060000256,-1,5000060000254,5000060000255,-1,106,8.692633,7.659845,8.434436,21789,51.793907,53.564964,35.81217,242129,5,5,4,15.101101,89.38877,-54.74488,45.093933,83.49174,0.16274942,0.20481391,-0.17102465,13086543,5,1366,0.03113097,448
5000060000256,38000500001450,5000060000272,5000060000000,38,1.2758462,5000060000257,-1,5000060000255,5000060000256,-1,108,7.659845,7.1434507,7.659845,21789,51.784374,53.510605,35.843803,242129,5,5,4,0.011430888,97.08952,-35.169205,49.60775,87.21093,0.063613564,0.17655979,-0.148057,13086500,5,1450,0.02876413,926
5000060000257,37000500001490,5000060000272,5000060000000,37,1.3857181,5000060000258,-1,5000060000256,5000060000257,-1,105,7.4016476,6.971319,7.659845,21789,51.78305,53.458355,35.84705,242129,5,5,4,-10.497306,103.91565,-20.514713,56.06623,95.20897,0.14549898,0.13051586,-0.046104543,13086478,5,1490,0.02332698,734
5000060000258,36000500001476,5000060000272,5000060000000,36,1.5036365,5000060000259,-1,5000060000257,5000060000258,-1,101,8.262304,7.4877133,8.262304,21789,51.787067,53.398834,35.85197,242129,5,5,4,-18.125944,118.21373,-5.0804653,55.739017,99.91132,0.11921526,0.09409967,-0.09828607,13086474,5,1476,0.021964405,512
5000060000259,35000500001469,5000060000272,5000060000000,35,1.6302707,5000060000260,-1,5000060000258,5000060000259,-1,99,7.9180417,7.4016476,8.090173,21789,51.81131,53.3272,35.848343,242129,5,5,4,-24.871553,131.39922,6.212636,54.244507,93.65428,0.013416581,0.15132222,0.06515198,13086500,5,1469,0.024519322,772
5000060000260,34000500001517,5000060000272,5000060000000,34,1.766336,5000060000261,-1,5000060000259,5000060000260,-1,88,7.4016476,6.6270566,7.659845,21789,51.83022,53.262836,35.85566,242129,5,5,4,-25.322662,142.15247,7.189249,54.849174,91.46694,0.06938055,0.13804221,-0.009358016,13086490,5,1517,0.021145623,960
5000060000261,33000500001599,5000060000272,5000060000000,33,1.9126327,5000060000262,-1,5000060000260,5000060000261,-1,81,6.4549255,5.9385314,6.4549255,21789,51.84069,53.178238,35.86135,242129,5,5,4,-32.097214,143.16736,10.463902,56.587917,93.52517,0.15588163,0.12360807,-0.037313223,13086507,5,1599,0.019252304,976
5000060000262,32000500001804,5000060000272,5000060000000,32,2.0700274,5000060000263,-1,5000060000261,5000060000262,-1,65,5.4221373,5.2500057,5.680334,21789,51.851665,53.110413,35.84913,242129,5,5,4,-37.87186,150.17078,3.2150404,53.781376,95.43731,0.11163774,0.168969,-0.0071772593,13086523,5,1804,0.015513244,901
5000060000263,31000500001727,5000060000272,5000060000000,31,2.2394855,5000060000264,-1,5000060000262,5000060000263,-1,64,4.8196774,4.733612,5.0778747,21789,51.858444,53.02463,35.863285,242129,5,5,4,-35.6547,145.97643,3.6252797,52.49755,86.17074,0.08844308,0.20211741,-0.14703308,13086512,5,1727,0.01750425,882
5000060000264,30000500001622,5000060000272,5000060000000,30,2.422044,5000060000265,-1,5000060000263,5000060000264,-1,65,3.7868896,3.6147583,3.8729553,21789,51.89602,52.938072,35.836895,242129,5,5,4,-34.557533,146.22623,7.2671385,50.80323,84.82709,0.22545156,0.13163282,-0.05626242,13086511,5,1622,0.016975194,773
5000060000265,29000500002364,5000060000272,5000060000000,29,2.6188614,5000060000266,-1,5000060000264,5000060000265,-1,41,3.18443,3.098364,3.3565612,21789,51.9255,52.8575,35.83451,242129,5,5,4,-27.225407,143.10376,24.757301,46.62243,78.166214,-0.084363274,0.1298989,-0.016313061,13086543,5,2364,0.0144264465,405
5000060000266,28000500002380,5000060000272,5000060000000,28,2.8311827,5000060000267,-1,5000060000265,5000060000266,-1,38,1.9795104,1.9795104,2.6680357,21789,51.954567,52.784405,35.826263,242129,5,5,4,-29.003674,130.56033,29.018328,42.261448,74.15234,-0.12132023,0.043862037,-0.05210411,13086543,5,2380,0.01443494,952
5000060000267,27000500002503,5000060000272,5000060000000,27,3.060419,5000060000268,-1,5000060000266,5000060000267,-1,33,1.8934448,1.8934448,1.8934448,21788,51.97784,52.69941,35.797962,242115,5,5,4,-33.287582,133.66995,23.254969,42.318237,74.848915,-0.029531272,0.06230406,-0.0910246,13086509,5,2503,0.011910483,754
5000060000268,26000500002140,5000060000272,5000060000000,26,3.3080978,5000060000269,-1,5000060000267,5000060000268,-1,36,2.6680357,2.6680357,2.6680357,21788,51.957405,52.618732,35.798355,242115,5,5,4,-33.69465,124.833595,18.601446,46.962563,79.57403,-0.09559716,0.07528126,0.028373927,13086500,5,2140,0.012684648,435
5000060000269,25000500002120,5000060000272,5000060000000,25,3.575905,5000060000270,-1,5000060000268,5000060000269,-1,33,2.5819702,2.5819702,2.5819702,21788,52.008106,52.560226,35.791126,242115,5,5,4,-33.630367,126.21106,16.069572,56.700397,90.88841,-0.03955864,0.021805543,0.02785889,13086543,5,2120,0.0080028,44
5000060000270,24000500002017,5000060000272,5000060000000,24,3.8656828,5000060000271,-1,5000060000269,5000060000270,-1,31,2.7541015,2.6680357,2.7541015,21788,52.013256,52.48848,35.78668,242115,5,5,4,-33.582947,120.70564,13.341923,54.50271,92.72596,-0.01995409,0.005844547,0.029043969,13086505,5,2017,0.008437385,24
5000060000271,23000500001897,5000060000272,5000060000000,23,4.1794686,5000060000272,-1,5000060000270,5000060000271,-1,29,0.9467224,0.6885254,0.9467224,21788,51.9753,52.420475,35.72869,242115,5,5,4,-28.731873,116.89918,7.938321,44.055428,64.99276,-0.036864124,0.016095938,0.0030764227,13086505,5,1897,0.01418263,180
5000060000272,22000500002331,5000060000272,5000060000000,22,4.5195556,-1,-1,5000060000271,5000060000272,-1,20,0.774591,0.774591,0.774591,21788,51.981846,52.353607,35.731102,242115,5,5,4,-18.927599,106.02587,-2.4483147,35.178356,63.768135,0.02538037,0.017660018,-0.032988973,13086514,5,2331,0.014947547,607
5000060000273,59000500000282,5000060000285,5000060000000,59,0.08928783,5000060000274,-1,5000060000003,5000060000004,-1,23,0.0,0.0,0.0,21858,51.60905,54.92267,35.163002,243008,5,6,3,270.20468,294.0876,-57.37343,20.9284,40.671947,0.07101541,-0.14131969,0.21599735,13081367,5,282,0.029589565,988
5000060000274,57000500000260,5000060000285,5000060000000,57,0.14438343,5000060000275,-1,5000060000273,5000060000006,-1,27,0.0,0.0,0.0,21858,51.47936,54.751965,35.180546,243008,5,6,3,183.33119,310.26642,-17.493164,21.60594,44.033226,0.28480905,-0.25631917,0.1225241,13081367,5,260,0.033327796,571
5000060000275,56000500000260,5000060000285,5000060000000,56,0.17489761,5000060000276,-1,5000060000274,5000060000007,5000060001007,27,0.0,0.0,0.0,21789,51.432934,54.663654,35.18905,242130,5,6,3,151.4691,308.18768,-5.797331,23.857224,47.040974,0.316005,-0.343672,0.15634249,13081367,5,260,0.032943487,52
5000060000276,55000500000264,5000060000285,5000060000000,55,0.20754863,5000060000277,-1,5000060000275,5000060000008,-1,21,0.0,0.0,0.0,21789,51.38862,54.57214,35.198086,242130,5,6,3,115.59262,296.60004,4.9922514,26.58458,52.44215,0.38556066,-0.56747407,0.123679064,13081367,5,264,0.021325193,747
5000060000277,54000500003479,5000060000285,5000060000000,54,0.24246909,5000060000278,-1,5000060000276,5000060000277,-1,31,1.8934448,1.6352477,1.8073791,21789,51.354332,54.48255,35.19102,242130,5,6,3,89.43503,290.8171,17.376343,28.73105,49.245728,0.48629394,-0.80531234,0.21333005,13095839,5,3479,0.027283492,792
5000060000278,53000500004621,5000060000285,5000060000000,53,0.2798018,5000060000279,-1,5000060000277,5000060000278,-1,21,1.7213135,1.7213135,1.7213135,21789,51.323227,54.390556,35.195908,242130,5,6,3,74.43671,279.79718,4.5013237,24.116959,48.95889,0.0952541,0.16222,-0.050381273,13095834,5,4621,0.018229824,414
5000060000279,52000500004793,5000060000285,5000060000000,52,0.31970343,5000060000280,-1,5000060000278,5000060000279,-1,20,1.7213135,1.7213135,1.7213135,21789,51.306034,54.298084,35.18922,242130,5,6,3,55.680866,272.65915,9.83961,24.361832,47.657906,0.12007014,0.11957723,-0.06169798,13095839,5,4793,0.01954623,877
5000060000280,51000500004646,5000060000285,5000060000000,51,0.36234027,5000060000281,-1,5000060000279,5000060000280,-1,20,1.8934448,1.549182,1.8073791,21789,51.289845,54.19587,35.174847,242130,5,6,3,38.799038,266.2598,15.585449,25.325466,48.371464,0.122047625,0.11535416,-0.05640653,13081206,5,4646,0.017817678,864
5000060000281,50000500004681,5000060000285,5000060000000,50,0.40789944,5000060000282,-1,5000060000280,5000060000281,-1,21,1.8073791,1.3770508,1.8073791,21789,51.27469,54.082413,35.17169,242130,5,6,3,22.394276,260.6572,20.618608,26.866377,55.78338,0.08928181,0.15797773,-0.041058425,13081367,5,4681,0.013877651,798
5000060000282,49000500003998,5000060000285,5000060000000,49,0.45657724,5000060000283,-1,5000060000281,5000060000282,-1,21,1.4631164,1.2909851,1.4631164,21794,51.25943,53.977192,35.155388,241910,5,6,3,8.31229,256.60608,25.707413,23.53174,45.815166,0.084484175,0.14892198,-0.042250045,13095666,5,3998,0.02261328,923
5000060000283,48000500004686,5000060000285,5000060000000,48,0.5085914,5000060000284,-1,5000060000282,5000060000283,-1,21,1.2049193,0.86065674,1.1188537,21794,51.24055,53.872055,35.13232,241910,5,6,3,-3.9521177,253.06207,30.68487,18.932894,37.929974,0.0769592,0.1338451,-0.038814127,13095839,5,4686,0.032702245,534
5000060000284,47000500004875,5000060000285,5000060000000,47,0.5641766,5000060000285,-1,5000060000283,5000060000284,-1,20,1.3770508,0.0,0.0,21794,51.271034,53.79048,35.154938,241910,5,6,3,-15.208152,247.68881,36.90821,16.998007,39.140053,0.110853046,0.16332673,0.023090614,13095839,5,4875,0.035855867,954
5000060000285,46000500004604,5000060000285,5000060000000,46,0.6235901,-1,-1,5000060000284,5000060000285,-1,20,0.774591,0.516394,0.774591,21794,51.29622,53.689354,35.14394,241908,5,6,3,-28.307016,239.82002,43.44934,17.62528,35.290417,0.11269473,0.14129989,0.032275666,13081372,5,4604,0.039697222,168
