haloID,subHaloID,lastProgenitorId,treeId,snapNum,redshift,firstProgenitorId,nextProgenitorId,descendantId,firstHaloInFOFgroupId,nextHaloInFOFgroupId,np,m_Mean200,m_Crit200,m_TopHat,phKey,x,y,z,zIndex,ix,iy,iz,velX,velY,velZ,velDisp,vMax,spinX,spinY,spinZ,mostBoundID,fileNr,subhaloIndex,halfmassRadius,random
5000081000000,63000500000412,5000081000243,5000081000000,63,0.0,5000081000001,-1,-1,5000081000000,5000081000244,4622,444.09888,324.29544,400.72177,23255,39.442257,49.659725,32.124046,238096,4,5,3,-173.21014,196.81862,-179.06535,141.10127,234.32631,-5.2135477,1.9197888,-4.6821666,13540394,5,412,0.16052903,495
5000081000001,62000500000419,5000081000213,5000081000000,62,0.019932542,5000081000002,5000081000214,5000081000000,5000081000001,5000081000245,4477,441.17264,329.80365,405.79965,23255,39.484573,49.633133,32.154903,238096,4,5,3,-173.0849,195.73235,-180.48047,145.34375,231.08086,-5.2253346,1.9852729,-5.0116096,13547354,5,419,0.1620928,942
5000081000002,61000500000399,5000081000213,5000081000000,61,0.041403063,5000081000003,-1,5000081000001,5000081000002,5000081000246,4439,437.64395,335.7422,409.84473,23255,39.521072,49.60885,32.195496,238096,4,5,3,-170.64232,199.55573,-183.8969,150.49983,236.3804,-4.972076,1.916815,-4.751198,13547501,5,399,0.15245578,417
5000081000003,60000500000417,5000081000213,5000081000000,60,0.064493395,5000081000004,-1,5000081000002,5000081000003,5000081000247,4417,433.34067,350.71762,412.08243,23255,39.560505,49.560482,32.23462,238100,4,5,3,-167.25845,202.96564,-186.93561,158.43304,243.17395,-4.7701473,2.152869,-4.6817183,13547501,5,417,0.14159492,224
5000081000004,59000500000402,5000081000213,5000081000000,59,0.08928783,5000081000005,-1,5000081000003,5000081000004,5000081000248,4332,430.41443,365.86517,408.81195,23255,39.592865,49.500103,32.282864,238100,4,5,3,-163.8786,207.79047,-191.08032,169.65736,258.57343,-4.618158,1.9594803,-4.2196755,13547501,5,402,0.12409787,270
5000081000005,58000500000395,5000081000213,5000081000000,58,0.11588337,5000081000006,-1,5000081000004,5000081000005,5000081000249,4206,427.57425,366.12335,404.8529,23255,39.61686,49.437405,32.35053,238100,4,5,3,-160.23663,211.2452,-194.776,180.4182,276.79953,-4.6780796,1.3584875,-4.227364,13547142,5,395,0.10320125,26
5000081000006,57000500000380,5000081000213,5000081000000,57,0.14438343,5000081000007,-1,5000081000005,5000081000006,5000081000250,4294,420.86115,359.41025,396.76276,23255,39.63873,49.346367,32.421432,238100,4,5,3,-164.55707,212.06674,-188.52309,176.73552,277.11462,-4.651325,1.4766939,-4.6970186,13547151,5,380,0.103946954,481
5000081000007,56000500000380,5000081000213,5000081000000,56,0.17489761,5000081000008,-1,5000081000006,5000081000007,5000081000251,3799,409.4144,339.78726,385.316,23255,39.682198,49.24317,32.47173,238100,4,5,3,-173.72664,230.83664,-181.93762,160.71669,242.21066,-4.017771,1.5278982,-3.6577504,13547501,5,380,0.12069859,69
5000081000008,55000500000372,5000081000212,5000081000000,55,0.20754863,5000081000009,5000081000213,5000081000007,5000081000008,5000081000252,3361,392.20126,286.85687,360.35696,23255,39.74373,49.143642,32.513573,238100,4,5,3,-184.1245,243.87422,-170.54335,144.29063,231.46996,-3.5313928,1.5476036,-2.271825,13540389,5,372,0.122062154,928
5000081000009,54000500000355,5000081000212,5000081000000,54,0.24246909,5000081000010,-1,5000081000008,5000081000009,5000081000253,3286,358.20532,204.0617,269.90195,23255,39.812702,49.04419,32.56548,238100,4,5,3,-186.62268,238.01271,-168.87318,135.75807,225.5568,-3.0237732,1.7848006,-1.8811694,13547501,5,355,0.12675464,476
5000081000010,53000500000355,5000081000212,5000081000000,53,0.2798018,5000081000011,-1,5000081000009,5000081000010,5000081000254,3097,262.06998,187.88136,225.1478,23255,39.876186,48.962025,32.612434,238100,4,5,3,-187.93892,232.30887,-165.61284,130.45053,223.0312,-2.6027598,1.9618565,-1.1596711,13547440,5,355,0.12068047,383
5000081000011,52000500000366,5000081000210,5000081000000,52,0.31970343,5000081000012,5000081000211,5000081000010,5000081000011,5000081000255,2722,225.9224,175.83217,205.00842,23255,39.945095,48.87324,32.669186,238100,4,5,3,-193.20464,234.0573,-158.46428,125.064415,217.94112,-1.2078272,2.2918925,0.1952315,13547501,5,366,0.10816857,37
5000081000012,51000500000356,5000081000210,5000081000000,51,0.36234027,5000081000013,-1,5000081000011,5000081000012,5000081000256,2621,209.22565,164.4715,193.47563,23254,40.0205,48.786846,32.723743,238086,4,5,3,-202.1172,229.76385,-156.80699,121.80706,216.78336,-1.2103229,2.6776226,2.0997355,13547501,5,356,0.10721081,64
5000081000013,50000500000368,5000081000194,5000081000000,50,0.40789944,5000081000014,5000081000195,5000081000012,5000081000013,5000081000257,2486,200.96335,156.38132,181.77069,23254,40.102097,48.70019,32.779114,238087,4,5,3,-198.6222,222.91354,-159.63069,121.90295,218.50551,-0.4766965,1.9788055,1.4182781,13547501,5,368,0.0995787,990
5000081000014,49000500000423,5000081000189,5000081000000,49,0.45657724,5000081000015,5000081000190,5000081000013,5000081000014,5000081000196,2194,190.2912,153.71329,176.69283,23254,40.18087,48.603603,32.838913,238087,4,5,3,-200.15431,221.29575,-158.84091,127.46124,223.77353,-0.31869325,1.8586943,1.4426297,13540389,5,423,0.08688591,730
5000081000015,48000500000425,5000081000163,5000081000000,48,0.5085914,5000081000016,5000081000164,5000081000014,5000081000015,5000081000164,2033,187.79529,151.81984,175.2297,23254,40.261845,48.518574,32.917027,238087,4,5,3,-194.84727,215.87273,-160.7793,126.14036,221.96936,-0.24573487,1.452849,1.242532,13540389,5,425,0.08035437,137
5000081000016,47000500000435,5000081000163,5000081000000,47,0.5641766,5000081000017,-1,5000081000015,5000081000016,5000081000165,2049,186.93463,157.75838,176.52069,23254,40.35113,48.428734,32.98716,238087,4,5,3,-192.21492,209.75069,-159.66682,127.428894,216.89308,-0.8460926,1.6298089,1.5958215,13547092,5,435,0.08239005,863
5000081000017,46000500000413,5000081000163,5000081000000,46,0.6235901,5000081000018,-1,5000081000016,5000081000017,5000081000166,1944,186.24611,160.51248,178.15594,23254,40.428688,48.330315,33.055195,238087,4,5,3,-184.77774,200.43517,-155.74796,133.06183,219.46184,-0.8229433,1.5171232,1.3798435,13547188,5,413,0.075336024,586
5000081000018,45000500000382,5000081000163,5000081000000,45,0.6871088,5000081000019,-1,5000081000017,5000081000018,5000081000167,1963,185.0412,159.91002,177.89774,23254,40.518387,48.222183,33.140114,238087,4,5,3,-186.28725,196.19522,-151.43582,137.61218,228.04689,-0.75691634,1.4672393,1.6120925,13547101,5,382,0.07527639,817
5000081000019,44000500000365,5000081000112,5000081000000,44,0.75503564,5000081000020,5000081000113,5000081000018,5000081000019,5000081000127,1942,181.77069,159.39362,176.60675,23254,40.611053,48.126457,33.20098,238087,4,5,3,-180.41931,191.76108,-151.82973,139.07736,232.93358,-1.2427996,1.6950424,1.76756,13540418,5,365,0.07305965,937
5000081000020,43000500000368,5000081000112,5000081000000,43,0.8276991,5000081000021,-1,5000081000019,5000081000020,5000081000168,1851,174.36905,155.09033,171.09856,23253,40.71202,48.037052,33.258507,238115,4,5,3,-181.6718,172.30249,-145.83769,130.35173,212.90346,-0.9456574,1.825782,2.3224807,13547188,5,368,0.07599128,323
5000081000021,42000500000342,5000081000112,5000081000000,42,0.9054624,5000081000022,-1,5000081000020,5000081000021,5000081000169,1722,163.86903,143.72968,159.30756,23253,40.819885,47.948627,33.323215,238115,4,5,3,-181.53046,162.80093,-148.8393,134.90605,215.25108,-0.7023064,1.613222,2.5538359,13533699,5,342,0.0708034,398
5000081000022,41000500000346,5000081000112,5000081000000,41,0.98870814,5000081000023,-1,5000081000021,5000081000022,5000081000170,1588,146.6559,133.65999,144.16,23253,40.90628,47.87904,33.39008,238115,4,5,3,-181.00955,147.49832,-153.10162,140.2754,226.9207,-0.66333365,1.4798415,2.7674115,13547101,5,346,0.058969885,996
5000081000023,40000500000413,5000081000112,5000081000000,40,1.0778745,5000081000024,-1,5000081000022,5000081000023,5000081000131,1406,137.01656,124.967354,136.06982,23253,40.985695,47.82019,33.481228,238113,4,5,3,-186.49806,138.44052,-165.22787,129.71835,214.5732,0.44601816,1.4037597,2.190455,13533699,5,413,0.057634722,954
5000081000024,39000500000353,5000081000112,5000081000000,39,1.173417,5000081000025,-1,5000081000023,5000081000024,5000081000132,1352,124.192764,105.08618,122.90178,23250,41.07227,47.749767,33.585045,238120,4,5,3,-180.20029,136.52032,-166.66257,123.94491,208.42805,0.63028115,1.4486284,1.9154093,13547080,5,353,0.05814404,990
5000081000025,38000500000322,5000081000112,5000081000000,38,1.2758462,5000081000026,-1,5000081000024,5000081000025,5000081000133,1241,107.32389,99.57798,107.32389,23250,41.176884,47.686146,33.683407,238120,4,5,3,-176.21489,129.255,-166.27612,130.17245,214.66893,0.7948614,1.39472,1.6392288,13533699,5,322,0.052345276,417
5000081000026,37000500000366,5000081000111,5000081000000,37,1.3857181,5000081000027,5000081000112,5000081000025,5000081000026,5000081000112,1126,100.7829,95.36076,100.95503,23250,41.28144,47.620964,33.765247,238120,4,5,3,-175.89096,126.92286,-167.7646,136.31369,222.52072,0.49667683,1.3425086,0.98219115,13547080,5,366,0.043023277,445
5000081000027,36000500000335,5000081000111,5000081000000,36,1.5036365,5000081000028,-1,5000081000026,5000081000027,-1,1067,94.67224,89.33617,95.44683,23250,41.39997,47.544132,33.86035,238120,4,5,3,-169.66035,131.64102,-167.60983,127.64033,208.43773,0.45424443,1.2119935,1.1046065,13547105,5,335,0.047845583,103
5000081000028,35000500000321,5000081000092,5000081000000,35,1.6302707,5000081000029,5000081000093,5000081000027,5000081000028,5000081000099,971,82.10665,76.426315,83.4837,23250,41.477753,47.470524,33.94673,238120,4,5,3,-177.03471,126.26238,-156.53983,120.71291,199.39395,0.66186726,1.1403853,1.3120247,13540645,5,321,0.045440324,56
5000081000029,34000500000308,5000081000092,5000081000000,34,1.766336,5000081000030,-1,5000081000028,5000081000029,-1,915,79.95501,77.80337,81.15993,23250,41.60526,47.391674,34.016544,238120,4,5,3,-171.2466,120.69632,-157.09953,125.9506,209.70985,0.64119405,1.0087416,1.2780433,13547109,5,308,0.039883103,49
5000081000030,33000500000323,5000081000092,5000081000000,33,1.9126327,5000081000031,-1,5000081000029,5000081000030,-1,811,74.18861,73.069756,74.36074,23250,41.705276,47.309635,34.098152,238120,4,5,3,-159.52188,117.823166,-150.3732,130.44092,216.97221,0.52866006,0.7770118,1.1354111,13547095,5,323,0.036623467,836
5000081000031,32000500000300,5000081000083,5000081000000,32,2.0700274,5000081000032,5000081000084,5000081000030,5000081000031,5000081000084,767,63.086136,60.934494,64.11893,23250,41.814495,47.214405,34.194916,238124,4,5,3,-154.1377,118.708305,-140.09792,127.56821,204.41302,0.47534433,0.8721286,0.96521926,13547095,5,300,0.034532685,660
5000081000032,31000500000285,5000081000078,5000081000000,31,2.2394855,5000081000033,5000081000079,5000081000031,5000081000032,5000081000079,607,51.46727,50.262352,53.61891,23250,41.896667,47.14401,34.2749,238124,4,5,3,-164.52599,126.638725,-129.31102,111.62321,182.02542,0.64279485,1.100907,0.76704466,13547095,5,285,0.03526954,780
5000081000033,30000500000256,5000081000068,5000081000000,30,2.422044,5000081000034,5000081000069,5000081000032,5000081000033,5000081000069,531,33.99594,31.241838,35.114796,23250,41.951725,47.093525,34.346565,238124,4,5,3,-138.80559,98.69912,-126.64712,99.42042,171.798,0.4098843,0.51422787,0.3985359,13533694,5,256,0.03747694,398
5000081000034,29000500000263,5000081000059,5000081000000,29,2.6188614,5000081000035,5000081000060,5000081000033,5000081000034,5000081000070,350,25.303307,24.098389,26.163963,23250,42.025703,47.04289,34.397552,238125,4,5,3,-148.305,91.941956,-105.710266,100.53632,169.20757,-0.20016304,-0.39322874,0.010475571,13547483,5,263,0.024032457,754
5000081000035,28000500000222,5000081000059,5000081000000,28,2.8311827,5000081000036,-1,5000081000034,5000081000035,5000081000071,335,22.635271,21.602484,24.528717,23250,42.097015,46.98148,34.468094,238125,4,5,3,-142.13327,91.76281,-105.78022,92.75927,162.84958,-0.11718417,-0.41020274,-0.15737912,13547483,5,222,0.024353106,557
5000081000036,27000500000271,5000081000059,5000081000000,27,3.060419,5000081000037,-1,5000081000035,5000081000036,-1,302,22.635271,22.118877,23.581993,23250,42.162582,46.94431,34.522312,238125,4,5,3,-135.60175,89.482254,-111.11757,93.75554,157.78772,-0.021555383,-0.20787185,-0.022468982,13547102,5,271,0.023715956,967
5000081000037,26000500000255,5000081000059,5000081000000,26,3.3080978,5000081000038,-1,5000081000036,5000081000037,-1,295,23.754126,23.66806,24.356585,23250,42.245335,46.897194,34.588707,238125,4,5,3,-129.14503,88.2806,-107.35843,104.230125,170.04976,-0.067480445,-0.16718733,0.08940028,13547080,5,255,0.020168366,119
5000081000038,25000500000233,5000081000059,5000081000000,25,3.575905,5000081000039,-1,5000081000037,5000081000038,-1,251,21.946747,21.86068,22.721336,22543,42.331833,46.85991,34.661606,231103,4,5,3,-125.37006,85.90876,-110.295456,114.55624,184.7553,0.009491295,-0.11031737,0.18002363,13547109,5,233,0.014279669,93
5000081000039,24000500000191,5000081000059,5000081000000,24,3.8656828,5000081000040,-1,5000081000038,5000081000039,-1,250,19.364777,19.106579,19.536907,22543,42.386356,46.81856,34.737476,231103,4,5,3,-124.722244,85.57379,-102.184654,98.46686,167.07689,-0.013615223,-0.21573724,0.06506195,13533680,5,191,0.01830699,632
5000081000040,23000500000194,5000081000054,5000081000000,23,4.1794686,5000081000041,5000081000055,5000081000039,5000081000040,5000081000055,177,13.426245,13.426245,13.942638,22543,42.47794,46.73888,34.756435,231103,4,5,3,-123.53481,80.308105,-95.36471,105.529045,174.2202,-0.034485992,-0.18875735,0.008538642,13547131,5,194,0.011308521,577
5000081000041,22000500000233,5000081000054,5000081000000,22,4.5195556,5000081000042,-1,5000081000040,5000081000041,-1,127,10.327881,10.155749,10.93034,22543,42.516888,46.706154,34.828873,231103,4,5,3,-111.597435,92.52809,-81.55231,93.13667,141.18091,-0.053557318,-0.037567593,-0.1773536,13547102,5,233,0.0128301615,553
5000081000042,21000500000883,5000081000047,5000081000000,21,4.888449,5000081000043,5000081000048,5000081000041,5000081000042,-1,38,2.9262328,2.9262328,3.098364,22543,42.65095,46.670185,34.763332,231103,4,5,3,-145.55756,50.761627,0.07505409,54.671474,99.06218,-0.031069221,-0.010831321,0.0118795475,13533723,5,883,0.009012592,312
5000081000043,20000500000705,5000081000047,5000081000000,20,5.2888336,5000081000044,-1,5000081000042,5000081000043,-1,38,1.8073791,1.8073791,2.2377074,22543,42.71523,46.682728,34.785145,231103,4,5,3,-128.60168,49.316807,-19.620459,58.22061,91.39665,-0.038163707,0.0072861756,0.012348362,13533708,5,705,0.010715843,163
5000081000044,19000500000649,5000081000047,5000081000000,19,5.7238646,5000081000045,-1,5000081000043,5000081000044,-1,33,2.5819702,2.5819702,2.7541015,22543,42.801918,46.619106,34.764774,231103,4,5,3,-114.45541,46.698044,-23.848211,56.91211,103.00827,-0.059018772,0.039746694,0.07374656,13533678,5,649,0.0072816955,868
5000081000045,18000500000453,5000081000047,5000081000000,18,6.1968336,5000081000046,-1,5000081000044,5000081000045,-1,33,1.9795104,1.9795104,1.9795104,22543,42.849815,46.623146,34.7998,231103,4,5,3,-106.96967,51.924526,-27.969337,62.386208,98.63337,-0.03408373,0.04045973,-0.010293185,13547109,5,453,0.007207322,591
5000081000046,17000500000501,5000081000047,5000081000000,17,6.7115865,5000081000047,-1,5000081000045,5000081000046,-1,24,1.6352477,1.4631164,1.6352477,22543,42.89387,46.592537,34.814754,231103,4,5,3,-98.33146,60.13365,-31.955893,57.335396,99.10477,-0.010219046,-0.06800091,-0.0037412408,13547097,5,501,0.005148936,330
5000081000047,16000500000276,5000081000047,5000081000000,16,7.272188,-1,-1,5000081000046,5000081000047,-1,25,1.549182,1.549182,1.549182,22543,42.94899,46.563854,34.835003,231103,4,5,3,-90.035774,55.806118,-31.4513,53.85911,96.830696,-0.004330214,-0.052167475,-0.007074106,13547097,5,276,0.0065675112,601
5000081000048,21000500000474,5000081000050,5000081000000,21,4.888449,5000081000049,5000081000051,5000081000041,5000081000048,-1,61,4.991809,4.905743,5.508203,22543,42.59184,46.669487,34.853455,231103,4,5,3,-76.548386,91.280975,-104.85602,67.45596,105.17256,-0.09097759,-0.028418707,-0.06462341,13547493,5,474,0.011962957,338
5000081000049,20000500000498,5000081000050,5000081000000,20,5.2888336,5000081000050,-1,5000081000048,5000081000049,-1,50,3.3565612,3.3565612,3.3565612,22543,42.601917,46.664696,34.93176,231103,4,5,3,-73.53365,82.60685,-98.57772,63.55992,105.460686,-0.036281753,0.050549448,-0.048725516,13547506,5,498,0.008751866,585
5000081000050,19000500000535,5000081000050,5000081000000,19,5.7238646,-1,-1,5000081000049,5000081000050,-1,38,2.3237731,2.3237731,2.5819702,22543,42.656956,46.613937,34.974876,231103,4,5,3,-86.627754,76.780365,-95.55178,58.80662,98.799194,5.7723216E-4,-0.021380788,-0.069676794,13547506,5,535,0.008360906,681
5000081000051,21000500001869,5000081000054,5000081000000,21,4.888449,5000081000052,-1,5000081000041,5000081000051,-1,20,1.1188537,1.1188537,1.549182,22543,42.630596,46.545883,34.915398,231103,4,5,3,-134.104,162.32927,-167.31703,49.313667,76.64614,0.03102324,0.011251565,-0.057671838,13547454,5,1869,0.008147927,578
5000081000052,20000500001188,5000081000054,5000081000000,20,5.2888336,5000081000053,-1,5000081000051,5000081000052,-1,25,1.8073791,1.8073791,1.8073791,22543,42.697105,46.478752,34.98133,231103,4,5,3,-134.28647,144.09244,-152.6429,49.498627,88.166504,-0.022825992,-0.03983145,-0.047736216,13547454,5,1188,0.008045387,341
5000081000053,19000500001046,5000081000054,5000081000000,19,5.7238646,5000081000054,-1,5000081000052,5000081000053,-1,23,1.8073791,1.8073791,1.8073791,22543,42.780228,46.39531,35.05722,231103,4,5,3,-113.45138,135.7332,-140.4087,51.21369,93.19252,-0.016101483,-0.030588526,-0.011446741,13547453,5,1046,0.0055670817,14
5000081000054,18000500000871,5000081000054,5000081000000,18,6.1968336,-1,-1,5000081000053,5000081000054,-1,21,1.3770508,1.3770508,1.3770508,22543,42.849354,46.3254,35.13366,231103,4,5,3,-106.2033,122.98301,-133.37225,56.80864,105.14469,-0.009357135,-0.035778973,-0.036795862,13547453,5,871,0.006098,610
5000081000055,23000500000195,5000081000059,5000081000000,23,4.1794686,5000081000056,-1,5000081000039,5000081000040,-1,22,0.0,0.0,0.0,23250,42.432262,46.877155,34.877167,238125,4,5,3,-98.996544,13.671394,-163.32019,53.044613,82.31392,0.15759432,0.03153872,-0.0627581,13547121,5,195,0.0071760816,69
5000081000056,22000500001245,5000081000059,5000081000000,22,4.5195556,5000081000057,-1,5000081000055,5000081000056,-1,32,2.5819702,2.4098387,2.5819702,22543,42.503838,46.83768,34.934998,231103,4,5,3,-99.88879,14.284906,-149.73528,59.939537,86.65023,0.08862322,-0.057391327,-0.051493783,13547142,5,1245,0.009457382,133
5000081000057,21000500000844,5000081000059,5000081000000,21,4.888449,5000081000058,-1,5000081000056,5000081000057,-1,38,1.549182,1.4631164,1.6352477,22543,42.560036,46.85216,35.04383,231103,4,5,3,-112.54681,30.739363,-136.95166,54.0252,89.50138,0.13696548,-0.037630603,-0.01880619,13547144,5,844,0.012414566,565
5000081000058,20000500000764,5000081000059,5000081000000,20,5.2888336,5000081000059,-1,5000081000057,5000081000058,-1,34,1.6352477,1.6352477,1.8073791,23250,42.60119,46.880802,35.13559,238125,4,5,3,-117.72528,23.817312,-119.01854,54.879944,92.13864,0.15725842,-0.03709035,-0.053054895,13547148,5,764,0.008650206,268
5000081000059,19000500000626,5000081000059,5000081000000,19,5.7238646,-1,-1,5000081000058,5000081000059,-1,33,1.6352477,1.6352477,1.6352477,23277,42.6579,46.87633,35.167667,238345,4,5,3,-109.103424,25.696983,-108.39985,53.413414,92.05962,0.082109705,-0.050516248,0.0036780576,13547141,5,626,0.0074730585,841
5000081000060,29000500002268,5000081000068,5000081000000,29,2.6188614,5000081000061,-1,5000081000033,5000081000060,-1,27,1.9795104,1.8934448,2.065576,23250,41.911053,46.881065,34.491283,238124,4,5,3,-42.095592,192.36435,-78.118454,33.926517,61.346638,-0.11846173,0.15956858,0.01880209,13540373,5,2268,0.015941793,40
5000081000061,28000500002458,5000081000068,5000081000000,28,2.8311827,5000081000062,-1,5000081000060,5000081000061,-1,24,1.3770508,1.3770508,1.3770508,22543,41.986294,46.821056,34.526783,231102,4,5,3,-43.35449,144.49449,-37.42958,37.55519,61.28543,-0.09740047,0.023907904,0.14242218,13540384,5,2458,0.013901386,238
5000081000062,27000500001955,5000081000068,5000081000000,27,3.060419,5000081000063,-1,5000081000061,5000081000062,-1,31,1.9795104,1.9795104,2.065576,22543,41.99693,46.717857,34.53517,231103,4,5,3,-44.385265,116.54297,-26.736032,37.786037,69.87373,-0.15995081,0.14379495,0.11393058,13540353,5,1955,0.012545082,395
5000081000063,26000500001494,5000081000068,5000081000000,26,3.3080978,5000081000064,-1,5000081000062,5000081000063,-1,29,1.7213135,1.6352477,1.8073791,22543,42.030914,46.665596,34.55692,231103,4,5,3,-47.28775,80.03151,-2.1967635,45.30982,80.92672,-0.13002035,0.14735222,0.12499665,13540384,5,1494,0.008755537,554
5000081000064,25000500002503,5000081000068,5000081000000,25,3.575905,5000081000065,-1,5000081000063,5000081000064,-1,26,2.2377074,2.065576,2.2377074,22543,42.07586,46.622177,34.562374,231103,4,5,3,-51.73946,64.146935,5.11936,45.48019,80.09392,-0.07410798,0.08880866,0.0230218,13540388,5,2503,0.008077906,472
5000081000065,24000500002518,5000081000068,5000081000000,24,3.8656828,5000081000066,-1,5000081000064,5000081000065,-1,25,1.2049193,1.2049193,1.3770508,22543,42.12534,46.58683,34.588406,231103,4,5,3,-53.243492,49.757164,7.340431,42.65464,70.716774,0.013403166,0.06192597,-0.04371251,13540384,5,2518,0.011021232,938
5000081000066,23000500002544,5000081000068,5000081000000,23,4.1794686,5000081000067,-1,5000081000065,5000081000066,-1,20,1.4631164,1.2049193,1.4631164,22543,42.14457,46.55539,34.579803,231103,4,5,3,-53.355686,36.174667,-7.3678756,43.160683,74.08506,-0.053002167,0.0014971636,0.031728685,13540388,5,2544,0.0074182465,164
5000081000067,22000500002134,5000081000068,5000081000000,22,4.5195556,5000081000068,-1,5000081000066,5000081000067,-1,22,1.7213135,1.7213135,1.7213135,22543,42.192493,46.54975,34.573338,231103,4,5,3,-52.512253,44.47914,-14.009075,56.369495,81.62086,-0.004535617,-0.07044996,0.00965699,13540357,5,2134,0.007879915,576
5000081000068,21000500001773,5000081000068,5000081000000,21,4.888449,-1,-1,5000081000067,5000081000068,-1,22,1.7213135,1.7213135,1.7213135,22543,42.186916,46.527706,34.57145,231103,4,5,3,-52.595387,38.179916,-15.533434,52.014896,86.01362,0.0042151976,-0.05492392,0.018857976,13540351,5,1773,0.007697714,322
5000081000069,30000500000257,5000081000078,5000081000000,30,2.422044,5000081000070,-1,5000081000032,5000081000033,-1,51,0.0,0.0,0.0,23250,42.15146,47.041405,34.23489,238125,4,5,3,-287.88538,229.30524,-158.29259,59.118294,101.28445,-0.046839736,-0.061144695,0.030184388,13547567,5,257,0.009720238,467
5000081000070,29000500000264,5000081000078,5000081000000,29,2.6188614,5000081000071,-1,5000081000069,5000081000034,-1,87,0.0,0.0,0.0,23250,42.304783,46.911957,34.32928,238125,4,5,3,-250.97115,200.76912,-198.28543,66.11982,107.04068,0.019589238,-0.01734154,-0.07569881,13547378,5,264,0.015733432,425
5000081000071,28000500000223,5000081000078,5000081000000,28,2.8311827,5000081000072,-1,5000081000070,5000081000035,-1,97,0.0,0.0,0.0,22543,42.4551,46.802727,34.435017,231103,4,5,3,-214.94974,184.1641,-194.0062,69.331604,113.43707,0.033689994,-0.10219057,-0.1839697,13547378,5,223,0.015177964,153
5000081000072,27000500001122,5000081000078,5000081000000,27,3.060419,5000081000073,-1,5000081000071,5000081000072,-1,77,5.680334,5.594269,6.024597,22543,42.599773,46.681267,34.546272,231103,4,5,3,-215.42754,163.34836,-185.0329,65.71247,107.951485,-0.06034137,-0.112467855,-0.08907494,13547378,5,1122,0.013519126,506
5000081000073,26000500001031,5000081000078,5000081000000,26,3.3080978,5000081000074,-1,5000081000072,5000081000073,-1,74,5.2500057,5.1639404,5.4221373,22543,42.716595,46.587,34.66187,231103,4,5,3,-191.4347,151.99373,-183.28319,63.105785,103.63038,-0.01629139,-0.08497876,-0.12084793,13547343,5,1031,0.0136191845,144
5000081000074,25000500001202,5000081000078,5000081000000,25,3.575905,5000081000075,-1,5000081000073,5000081000074,-1,56,3.7008238,3.7008238,3.7008238,22543,42.844692,46.50549,34.74663,231103,4,5,3,-193.22493,146.4131,-181.48997,54.032787,97.077126,0.096804716,0.04156105,0.07614615,13547345,5,1202,0.012486953,941
5000081000075,24000500001328,5000081000078,5000081000000,24,3.8656828,5000081000076,-1,5000081000074,5000081000075,-1,45,2.7541015,2.7541015,2.840167,22543,42.934124,46.446438,34.87219,231103,4,5,3,-183.34161,131.4831,-180.47418,52.207787,87.61569,0.11280549,0.089169584,0.09326167,13547343,5,1328,0.012949874,664
5000081000076,23000500001612,5000081000078,5000081000000,23,4.1794686,5000081000077,-1,5000081000075,5000081000076,-1,34,2.6680357,2.6680357,2.7541015,22532,42.997116,46.38348,34.98062,231158,4,5,3,-166.18182,111.17766,-173.47418,54.947247,101.401985,0.045793343,-1.16254814E-4,-0.02521431,13547376,5,1612,0.006760218,105
5000081000077,22000500001676,5000081000078,5000081000000,22,4.5195556,5000081000078,-1,5000081000076,5000081000077,-1,28,2.4959044,2.4098387,2.5819702,22532,43.077,46.32261,35.0566,231158,4,5,3,-153.12886,98.86006,-161.53561,53.825523,91.705,0.005209562,-0.038013637,-0.003434147,13547376,5,1676,0.0073867063,707
5000081000078,21000500001478,5000081000078,5000081000000,21,4.888449,-1,-1,5000081000077,5000081000078,-1,26,1.2049193,1.2049193,1.2049193,22555,43.130142,46.304935,35.163868,231378,4,5,3,-148.4537,101.90092,-160.90384,47.958637,76.06998,0.0103842,-0.017461289,0.04926213,13547342,5,1478,0.009561593,969
5000081000079,31000500000286,5000081000083,5000081000000,31,2.2394855,5000081000080,-1,5000081000031,5000081000032,-1,24,0.0,0.0,0.0,23250,41.836704,47.27194,34.371624,238124,4,5,3,-80.65346,-13.95875,-281.1537,37.977856,57.531998,-0.20075607,-0.20519564,-0.21769473,13981875,5,286,0.014632852,219
5000081000080,29000500002178,5000081000083,5000081000000,29,2.6188614,5000081000081,-1,5000081000079,5000081000080,-1,36,0.9467224,0.9467224,0.9467224,23250,41.92917,47.289818,34.628635,238124,4,5,3,-96.73802,6.5430627,-194.50044,37.22868,56.446037,-0.04967812,-0.1995215,-0.22409384,13981865,5,2178,0.024735905,649
5000081000081,28000500002038,5000081000083,5000081000000,28,2.8311827,5000081000082,-1,5000081000080,5000081000081,-1,39,1.4631164,1.4631164,1.4631164,23250,42.0119,47.20004,34.81053,238125,4,5,3,-106.309074,-3.7892904,-154.396,45.770203,62.197266,0.075421825,-0.17691271,-0.26964813,13981866,5,2038,0.02018133,702
5000081000082,27000500002377,5000081000083,5000081000000,27,3.060419,5000081000083,-1,5000081000081,5000081000082,-1,32,0.6885254,0.6885254,0.6885254,23250,42.044113,47.22145,34.800846,238125,4,5,3,-110.95843,-8.110464,-127.08173,44.45289,63.773003,0.062021244,-0.15183613,-0.18094835,13981875,5,2377,0.01826319,537
5000081000083,26000500002582,5000081000083,5000081000000,26,3.3080978,-1,-1,5000081000082,5000081000083,-1,27,1.4631164,1.4631164,1.549182,23250,42.12978,47.230648,34.935528,238125,4,5,3,-94.20482,-15.4586115,-94.67808,45.901924,66.81299,0.057417564,-0.23928586,-0.11996269,13981862,5,2582,0.013954037,195
5000081000084,32000500000301,5000081000092,5000081000000,32,2.0700274,5000081000085,-1,5000081000030,5000081000031,-1,29,0.0,0.0,0.0,23250,41.68438,47.44016,34.214153,238124,4,5,3,-146.09282,-86.101135,-179.24028,37.821056,67.67323,-0.09437101,0.11241915,-0.052997407,13545439,5,301,0.014098902,140
5000081000085,31000500001922,5000081000092,5000081000000,31,2.2394855,5000081000086,-1,5000081000084,5000081000085,-1,46,3.0122986,3.0122986,3.2704954,23250,41.76362,47.469868,34.314205,238124,4,5,3,-149.60974,-40.12123,-194.98662,40.742622,70.368805,-0.03996905,-0.09551628,-0.09385343,13547221,5,1922,0.017986286,499
5000081000086,30000500001679,5000081000092,5000081000000,30,2.422044,5000081000087,-1,5000081000085,5000081000086,-1,55,2.840167,2.840167,3.0122986,23250,41.85941,47.48753,34.447544,238124,4,5,3,-157.66696,-14.691095,-201.34431,46.6343,82.06968,0.0047453167,-0.15151936,-0.13028137,13984909,5,1679,0.019352887,947
5000081000087,29000500002224,5000081000092,5000081000000,29,2.6188614,5000081000088,-1,5000081000086,5000081000087,-1,44,2.9262328,2.840167,3.0122986,23250,41.944633,47.498802,34.53657,238124,4,5,3,-150.28069,3.346958,-197.90488,47.710075,77.134514,-0.0710991,-0.11976641,-0.11192375,13547212,5,2224,0.014527703,297
5000081000088,28000500002039,5000081000092,5000081000000,28,2.8311827,5000081000089,-1,5000081000087,5000081000088,-1,45,3.6147583,3.6147583,3.6147583,23250,42.023396,47.519512,34.67471,238125,4,5,3,-147.05614,20.014732,-199.70761,50.485218,88.11831,-0.07574234,-0.060240433,-0.066722825,13547212,5,2039,0.011500304,395
5000081000089,27000500002315,5000081000092,5000081000000,27,3.060419,5000081000090,-1,5000081000088,5000081000089,-1,36,2.6680357,2.6680357,2.6680357,23250,42.100433,47.51036,34.797775,238125,4,5,3,-139.457,31.317217,-203.3306,50.678185,89.18214,-0.010867534,0.06648648,-0.044154096,13547232,5,2315,0.010174501,265
5000081000090,26000500003064,5000081000092,5000081000000,26,3.3080978,5000081000091,-1,5000081000089,5000081000090,-1,25,2.4098387,2.2377074,2.6680357,23250,42.17371,47.49287,34.913967,238125,4,5,3,-125.13866,38.936417,-203.72571,42.995743,81.431366,-0.08967497,-0.07431733,-0.065795474,13547213,5,3064,0.009136722,70
5000081000091,25000500003171,5000081000092,5000081000000,25,3.575905,5000081000092,-1,5000081000090,5000081000091,-1,22,1.3770508,1.3770508,1.4631164,23250,42.260025,47.47078,35.04101,238125,4,5,3,-126.243576,45.997494,-208.41354,41.220448,70.83772,-0.102779254,-0.032448832,-0.10105988,13547213,5,3171,0.008851604,163
5000081000092,24000500002849,5000081000092,5000081000000,24,3.8656828,-1,-1,5000081000091,5000081000092,-1,21,1.2909851,0.9467224,1.3770508,23250,42.31757,47.42179,35.13378,238125,4,5,3,-118.6152,57.111893,-202.26506,38.1701,65.66535,-0.06280835,-0.026880495,0.0016520303,13547197,5,2849,0.011631082,358
5000081000093,35000500000323,5000081000098,5000081000000,35,1.6302707,5000081000094,5000081000099,5000081000027,5000081000028,-1,30,0.0,0.0,0.0,23250,41.220222,47.537304,34.01955,238120,4,5,3,31.742746,71.059814,-153.77193,33.967876,67.2791,0.04804873,-0.0813561,-0.05627338,13540571,5,323,0.014893365,516
5000081000094,34000500003259,5000081000098,5000081000000,34,1.766336,5000081000095,-1,5000081000093,5000081000094,-1,33,2.9262328,2.9262328,2.9262328,23250,41.227436,47.473694,34.11091,238120,4,5,3,-3.215524,87.63124,-141.40593,41.615147,69.18231,0.059261903,-0.049514323,-0.10588483,13540445,5,3259,0.016048396,918
5000081000095,33000500003220,5000081000098,5000081000000,33,1.9126327,5000081000096,-1,5000081000094,5000081000095,-1,33,2.840167,2.840167,2.840167,23250,41.22724,47.439735,34.174103,238120,4,5,3,-23.092936,95.199585,-138.15347,44.36977,78.65495,0.060071297,-0.06404096,-0.11349106,13540568,5,3220,0.010775298,228
5000081000096,32000500003408,5000081000098,5000081000000,32,2.0700274,5000081000097,-1,5000081000095,5000081000096,-1,30,2.6680357,2.6680357,2.7541015,23250,41.262047,47.39841,34.260372,238124,4,5,3,-36.485126,99.06866,-137.50067,40.026363,68.20777,0.07070836,-0.049955733,-0.10361381,13540571,5,3408,0.01353015,941
5000081000097,31000500003381,5000081000098,5000081000000,31,2.2394855,5000081000098,-1,5000081000096,5000081000097,-1,27,2.2377074,2.1516418,2.2377074,23250,41.281174,47.332752,34.34227,238124,4,5,3,-44.053516,103.28695,-140.17801,30.740746,62.594532,0.029098488,-0.054594107,-0.061907727,13540566,5,3381,0.013508256,415
5000081000098,30000500004530,5000081000098,5000081000000,30,2.422044,-1,-1,5000081000097,5000081000098,-1,20,1.2909851,0.0,1.2909851,23250,41.290794,47.28081,34.4503,238124,4,5,3,-53.64166,98.64461,-151.55243,28.827194,56.016182,-1.9428706E-4,-0.130066,-0.06030077,13540566,5,4530,0.016392926,46
5000081000099,35000500000322,5000081000111,5000081000000,35,1.6302707,5000081000100,-1,5000081000027,5000081000028,5000081000093,30,0.0,0.0,0.0,23250,41.239693,47.379402,33.995697,238120,4,5,3,30.46338,189.98334,-210.4921,34.824944,70.916016,-0.03260755,-0.012904047,-0.11996384,13540970,5,322,0.01684174,788
5000081000100,34000500002562,5000081000111,5000081000000,34,1.766336,5000081000101,-1,5000081000099,5000081000100,-1,43,2.840167,2.840167,2.840167,23250,41.233547,47.298767,34.112442,238120,4,5,3,1.6651268,165.41779,-209.95692,41.121136,77.3919,0.13303918,-0.09948398,0.07075397,13540969,5,2562,0.020623412,416
5000081000101,33000500003296,5000081000111,5000081000000,33,1.9126327,5000081000102,-1,5000081000100,5000081000101,-1,33,2.1516418,2.1516418,2.1516418,23250,41.226913,47.218018,34.224648,238124,4,5,3,-15.683256,150.66563,-190.57822,39.835434,72.51914,0.06787329,-0.33398867,0.083026074,13540966,5,3296,0.01262672,265
5000081000102,32000500003069,5000081000111,5000081000000,32,2.0700274,5000081000103,-1,5000081000101,5000081000102,-1,35,2.6680357,2.3237731,2.6680357,23250,41.2383,47.11533,34.335663,238124,4,5,3,-20.516432,138.12447,-181.16818,41.82114,79.45455,0.13384919,-0.3981187,0.1008867,13540941,5,3069,0.012442895,462
5000081000103,31000500003380,5000081000111,5000081000000,31,2.2394855,5000081000104,-1,5000081000102,5000081000103,-1,30,2.4098387,2.4098387,2.4098387,23250,41.25805,47.02634,34.437523,238124,4,5,3,-17.887886,133.24622,-167.97754,42.080795,75.312546,0.024815511,-0.23789167,-0.13177462,13540972,5,3380,0.012183166,771
5000081000104,30000500003385,5000081000111,5000081000000,30,2.422044,5000081000105,-1,5000081000103,5000081000104,-1,29,2.2377074,2.2377074,2.2377074,23250,41.265095,46.96222,34.533134,238124,4,5,3,-21.735886,122.31767,-156.71527,47.78343,94.73145,0.02618717,-0.28615814,-0.1253038,13540972,5,3385,0.008403996,63
5000081000105,29000500004124,5000081000111,5000081000000,29,2.6188614,5000081000106,-1,5000081000104,5000081000105,-1,22,1.6352477,1.4631164,1.6352477,23250,41.260284,46.910168,34.610584,238124,4,5,3,-18.536842,113.8429,-148.15456,36.76326,64.769806,-0.034642044,-0.0032506469,-0.058262642,13540970,5,4124,0.010947751,155
5000081000106,28000500003478,5000081000111,5000081000000,28,2.8311827,5000081000107,-1,5000081000105,5000081000106,-1,25,1.2049193,1.032788,1.6352477,22543,41.27297,46.84676,34.690567,231102,4,5,3,-18.084589,98.788155,-128.74316,32.024933,64.076355,0.026127407,0.022345264,0.08305833,13540970,5,3478,0.015161394,412
5000081000107,27000500003426,5000081000111,5000081000000,27,3.060419,5000081000108,-1,5000081000106,5000081000107,-1,24,1.4631164,1.4631164,1.549182,22543,41.291706,46.78637,34.75981,231102,4,5,3,-12.736286,88.69907,-112.2301,34.645428,70.3748,-0.00460039,-0.025794866,0.015934765,13539806,5,3426,0.012663182,86
5000081000108,26000500003295,5000081000111,5000081000000,26,3.3080978,5000081000109,-1,5000081000107,5000081000108,-1,23,1.7213135,1.7213135,1.7213135,22543,41.297283,46.720825,34.82022,231102,4,5,3,-17.622164,75.86219,-95.91672,45.93189,88.740944,0.04308946,0.04567978,0.0075826356,13539806,5,3295,0.007410661,205
5000081000109,25000500003053,5000081000111,5000081000000,25,3.575905,5000081000110,-1,5000081000108,5000081000109,-1,23,1.6352477,1.6352477,1.7213135,22543,41.316162,46.68888,34.865772,231102,4,5,3,-17.828922,68.199455,-82.96206,43.277763,77.851234,0.040796414,0.046175625,0.0032924325,13540969,5,3053,0.00783568,525
5000081000110,24000500002963,5000081000111,5000081000000,24,3.8656828,5000081000111,-1,5000081000109,5000081000110,-1,21,1.4631164,1.4631164,1.549182,22543,41.31854,46.660957,34.905315,231102,4,5,3,-18.852295,59.816097,-70.12186,42.11213,74.26939,0.029202359,0.041449588,-8.814779E-4,13540972,5,2963,0.009608023,271
5000081000111,23000500002340,5000081000111,5000081000000,23,4.1794686,-1,-1,5000081000110,5000081000111,-1,21,1.3770508,1.3770508,1.3770508,22543,41.3167,46.634804,34.95502,231102,4,5,3,-22.259916,44.669044,-57.765743,39.85154,74.45684,0.02254016,0.06369643,-0.039770182,13540968,5,2340,0.008348226,399
5000081000112,37000500000367,5000081000112,5000081000000,37,1.3857181,-1,-1,5000081000025,5000081000026,-1,20,0.0,0.0,0.0,23250,41.50256,47.514206,33.6829,238120,4,5,3,-166.25392,214.70796,-154.5813,34.620495,61.641945,0.022387376,0.12815084,0.18927933,13545439,5,367,0.01310779,637
5000081000113,44000500003562,5000081000126,5000081000000,44,0.75503564,5000081000114,5000081000127,5000081000018,5000081000113,-1,30,1.8934448,1.6352477,1.8934448,23253,40.427197,48.388783,33.313812,238115,4,5,3,-73.507904,88.995804,-233.84451,26.910982,61.818226,0.13234657,-0.23431227,-0.018565895,13540500,5,3562,0.026035912,594
5000081000114,43000500003349,5000081000126,5000081000000,43,0.8276991,5000081000115,-1,5000081000113,5000081000114,-1,29,2.4098387,2.065576,2.2377074,23253,40.462524,48.336803,33.422607,238115,4,5,3,-90.49727,101.38732,-221.556,27.96243,57.008595,0.1632063,-0.28001428,0.0034606708,13540500,5,3349,0.02163237,120
5000081000115,42000500003417,5000081000126,5000081000000,42,0.9054624,5000081000116,-1,5000081000114,5000081000115,-1,30,2.4959044,2.3237731,2.4098387,23253,40.520424,48.28538,33.54489,238115,4,5,3,-101.01483,111.06388,-214.96587,34.904182,79.44857,0.1423988,-0.2681864,0.030927278,13982251,5,3417,0.017586853,614
5000081000116,41000500003704,5000081000126,5000081000000,41,0.98870814,5000081000117,-1,5000081000115,5000081000116,-1,28,2.6680357,2.4098387,2.5819702,23253,40.568157,48.21933,33.64498,238115,4,5,3,-105.91748,116.26179,-207.25671,32.236267,61.15682,0.16670771,-0.1762137,-0.0288251,13982251,5,3704,0.016734978,285
5000081000117,40000500003937,5000081000126,5000081000000,40,1.0778745,5000081000118,-1,5000081000116,5000081000117,-1,27,2.4959044,2.3237731,2.4959044,23253,40.626587,48.173424,33.747467,238115,4,5,3,-111.28396,119.830055,-196.62395,36.493908,71.233025,0.12171578,-0.08616404,-0.11190573,13982251,5,3937,0.015205678,28
5000081000118,39000500003962,5000081000126,5000081000000,39,1.173417,5000081000119,-1,5000081000117,5000081000118,-1,27,2.5819702,2.3237731,2.5819702,23253,40.68075,48.091583,33.843826,238115,4,5,3,-114.5263,118.08036,-191.11269,32.201675,57.83065,0.13091515,-0.1344394,-0.09861911,13540500,5,3962,0.016732324,309
5000081000119,38000500003257,5000081000126,5000081000000,38,1.2758462,5000081000120,-1,5000081000118,5000081000119,-1,29,2.5819702,2.4098387,2.5819702,23253,40.744408,48.02764,33.95348,238115,4,5,3,-116.497955,116.285324,-186.64574,30.763975,58.7146,0.21467386,-0.16304977,-0.107472815,13540468,5,3257,0.0216669,650
5000081000120,37000500002959,5000081000126,5000081000000,37,1.3857181,5000081000121,-1,5000081000119,5000081000120,-1,31,2.065576,1.6352477,2.065576,23253,40.801094,47.9485,34.054565,238115,4,5,3,-117.65811,111.593765,-177.5434,30.883488,57.140305,0.4234915,-0.16621722,-0.12544052,13540468,5,2959,0.026617546,257
5000081000121,36000500003558,5000081000126,5000081000000,36,1.5036365,5000081000122,-1,5000081000120,5000081000121,-1,26,1.3770508,1.3770508,1.3770508,23253,40.874577,47.888367,34.151073,238115,4,5,3,-119.60938,109.97084,-172.74776,28.911703,54.728367,0.113515265,0.03362377,-0.18192333,13540499,5,3558,0.02586559,136
5000081000122,35000500003106,5000081000126,5000081000000,35,1.6302707,5000081000123,-1,5000081000121,5000081000122,-1,32,1.7213135,1.6352477,1.8073791,23253,40.95088,47.828518,34.24958,238117,4,5,3,-117.36753,108.73356,-168.06097,32.248917,63.01653,0.15462008,-0.06901049,-0.24494022,13540499,5,3106,0.020795653,944
5000081000123,34000500003339,5000081000126,5000081000000,34,1.766336,5000081000124,-1,5000081000122,5000081000123,-1,32,2.4098387,2.3237731,2.4959044,23253,41.000847,47.791214,34.35159,238117,4,5,3,-119.40373,104.79974,-165.0523,35.347515,66.49496,0.1567216,-0.076466486,-0.25426254,13540466,5,3339,0.015708681,914
5000081000124,33000500003470,5000081000126,5000081000000,33,1.9126327,5000081000125,-1,5000081000123,5000081000124,-1,30,2.4959044,2.4098387,2.4959044,23250,41.080208,47.727192,34.455208,238124,4,5,3,-120.34288,104.2312,-160.81354,40.724922,72.71433,0.11694529,-0.06839228,-0.18841434,13540466,5,3470,0.012308462,423
5000081000125,32000500003827,5000081000126,5000081000000,32,2.0700274,5000081000126,-1,5000081000124,5000081000125,-1,27,1.9795104,1.9795104,1.9795104,23250,41.159782,47.655537,34.551376,238124,4,5,3,-120.656395,101.48302,-159.27893,36.395203,63.911095,0.117916755,-0.043014392,-0.17972419,13540466,5,3827,0.015747428,380
5000081000126,31000500003293,5000081000126,5000081000000,31,2.2394855,-1,-1,5000081000125,5000081000126,-1,29,1.6352477,1.6352477,1.7213135,23250,41.230515,47.59108,34.636597,238124,4,5,3,-121.0095,97.291435,-152.24136,31.761662,58.45908,0.089885086,-0.07366642,-0.21742779,13540469,5,3293,0.016788634,841
5000081000127,44000500000366,5000081000163,5000081000000,44,0.75503564,5000081000128,-1,5000081000018,5000081000019,-1,34,0.0,0.0,0.0,23254,40.61381,48.25239,33.165287,238087,4,5,3,-231.34239,33.468796,-174.71558,47.90413,88.46965,0.049860902,-0.055276535,-0.07628142,13540685,5,366,0.010259868,541
5000081000128,43000500000370,5000081000163,5000081000000,43,0.8276991,5000081000129,-1,5000081000127,5000081000020,-1,39,0.0,0.0,0.0,23253,40.72647,48.207275,33.249928,238115,4,5,3,-235.84679,148.96504,-189.06194,41.295578,77.29876,0.009902372,-0.007308219,-0.06476068,13540628,5,370,0.0138180945,846
5000081000129,42000500000344,5000081000163,5000081000000,42,0.9054624,5000081000130,-1,5000081000128,5000081000021,-1,52,0.0,0.0,0.0,23253,40.84269,48.11434,33.347332,238115,4,5,3,-207.83638,260.9849,-189.65068,50.232944,89.44477,0.01656596,-0.09032001,-0.26177773,13540690,5,344,0.014276093,732
5000081000130,41000500000348,5000081000163,5000081000000,41,0.98870814,5000081000131,-1,5000081000129,5000081000022,-1,43,0.0,0.0,0.0,23253,40.95392,47.943073,33.44478,238115,4,5,3,-149.57294,444.08725,-130.8188,63.300285,96.843445,0.08610665,-0.013302248,-0.19385076,13540583,5,348,0.008887754,784
5000081000131,40000500000414,5000081000163,5000081000000,40,1.0778745,5000081000132,-1,5000081000130,5000081000023,-1,76,0.0,0.0,0.0,23253,40.962883,47.705727,33.446228,238113,4,5,3,9.634502,345.88992,-7.3207054,64.78132,101.87278,-0.006300825,0.016617144,-0.1484666,13540796,5,414,0.014353729,122
5000081000132,39000500000354,5000081000163,5000081000000,39,1.173417,5000081000133,-1,5000081000131,5000081000024,-1,126,0.0,0.0,0.0,23253,40.972576,47.550972,33.476246,238113,4,5,3,2.9696908,247.13525,-58.61498,67.13859,112.48276,0.03257391,-0.13903952,-0.1138474,13540794,5,354,0.019560806,728
5000081000133,38000500000323,5000081000150,5000081000000,38,1.2758462,5000081000134,5000081000151,5000081000132,5000081000025,5000081000151,144,0.0,0.0,0.0,23253,40.981537,47.432217,33.516903,238113,4,5,3,-22.740446,198.13364,-90.95414,57.91655,104.86067,-0.1084563,0.054201417,-5.8999384E-4,13540586,5,323,0.024573525,370
5000081000134,37000500001043,5000081000150,5000081000000,37,1.3857181,5000081000135,-1,5000081000133,5000081000134,5000081000152,150,11.963128,11.704931,11.963128,23250,41.020126,47.345486,33.575058,238120,4,5,3,-27.384813,171.43056,-114.05282,62.67317,109.581726,-0.07577662,-0.020244475,-0.099319644,13542503,5,1043,0.027907997,324
5000081000135,36000500001097,5000081000150,5000081000000,36,1.5036365,5000081000136,-1,5000081000134,5000081000135,-1,155,11.102471,10.93034,11.102471,23250,41.033817,47.247517,33.65678,238120,4,5,3,-39.515614,176.31445,-117.29113,61.14922,112.344345,0.0853231,0.22740884,-0.43137518,13540580,5,1097,0.02370843,622
5000081000136,35000500001331,5000081000150,5000081000000,35,1.6302707,5000081000137,-1,5000081000135,5000081000136,-1,119,10.8442745,10.672143,11.016406,23250,41.062546,47.162373,33.719707,238120,4,5,3,-48.193504,152.74017,-131.92233,60.699955,105.57564,0.09392136,-0.05071182,0.042187598,13542575,5,1331,0.022375435,597
5000081000137,34000500001210,5000081000150,5000081000000,34,1.766336,5000081000138,-1,5000081000136,5000081000137,-1,123,9.725421,9.295093,9.983618,23250,41.10676,47.085148,33.805187,238120,4,5,3,-51.70489,151.47687,-138.80742,57.556347,101.43313,0.07905506,-0.112995416,-0.0012291152,13540588,5,1210,0.024518274,950
5000081000138,33000500001256,5000081000150,5000081000000,33,1.9126327,5000081000139,-1,5000081000137,5000081000138,-1,116,8.434436,8.090173,8.778699,23250,41.149765,46.992092,33.901676,238120,4,5,3,-55.424206,149.02568,-148.07474,58.72601,100.13479,0.087208405,-0.018308045,0.13584116,13540579,5,1256,0.022718057,95
5000081000139,32000500001393,5000081000150,5000081000000,32,2.0700274,5000081000140,-1,5000081000138,5000081000139,-1,93,7.831976,7.4016476,8.262304,23250,41.169624,46.89207,33.97541,238120,4,5,3,-53.51297,147.90211,-155.49663,59.362747,101.868164,0.1292871,0.055325266,0.06984128,13540579,5,1393,0.016764507,211
5000081000140,31000500001350,5000081000150,5000081000000,31,2.2394855,5000081000141,-1,5000081000139,5000081000140,-1,88,7.2295165,6.971319,7.573779,22543,41.19376,46.807774,34.04267,231098,4,5,3,-55.213486,144.5034,-155.33339,62.350414,104.70639,-0.027449306,0.11068485,-0.038798735,13540577,5,1350,0.015969796,278
5000081000141,30000500001406,5000081000150,5000081000000,30,2.422044,5000081000142,-1,5000081000140,5000081000141,-1,79,6.540991,6.36886,6.799188,22543,41.224403,46.718723,34.126755,231098,4,5,3,-59.84685,137.06476,-162.607,55.292828,100.52266,-0.004808887,-0.124085896,0.01674964,13540577,5,1406,0.015950449,383
5000081000142,29000500001181,5000081000150,5000081000000,29,2.6188614,5000081000143,-1,5000081000141,5000081000142,-1,90,5.1639404,4.733612,5.3360715,22543,41.27313,46.640453,34.20387,231102,4,5,3,-59.557163,139.53366,-167.44093,55.146866,95.45997,-0.13316485,-0.1643697,-0.056194283,13540587,5,1181,0.0199846,596
5000081000143,28000500001603,5000081000150,5000081000000,28,2.8311827,5000081000144,-1,5000081000142,5000081000143,-1,55,5.1639404,4.991809,5.2500057,22543,41.306255,46.554893,34.30176,231102,4,5,3,-52.299248,137.40312,-158.078,61.34782,108.27121,0.012322065,-0.05069233,0.02456169,13540612,5,1603,0.010029119,577
5000081000144,27000500001720,5000081000150,5000081000000,27,3.060419,5000081000145,-1,5000081000143,5000081000144,-1,48,4.217218,4.217218,4.3032837,22543,41.336914,46.454052,34.39839,231102,4,5,3,-52.19343,129.76823,-160.654,62.11154,100.67896,-0.025970835,-0.0402244,0.012282114,13540612,5,1720,0.01043109,796
5000081000145,26000500001524,5000081000150,5000081000000,26,3.3080978,5000081000146,-1,5000081000144,5000081000145,-1,50,4.0450864,4.0450864,4.0450864,22543,41.3673,46.40562,34.479446,231102,4,5,3,-50.905308,129.36507,-155.97226,47.051624,93.077484,-0.04399554,-0.07052604,0.0036220213,13540583,5,1524,0.013913346,54
5000081000146,25000500001731,5000081000150,5000081000000,25,3.575905,5000081000147,-1,5000081000145,5000081000146,-1,39,2.7541015,2.7541015,3.098364,22543,41.415108,46.307106,34.574203,231102,4,5,3,-50.93548,127.15622,-163.83603,50.192272,83.95175,-0.05005872,0.009103717,0.064184844,13540802,5,1731,0.0111878095,42
5000081000147,24000500001441,5000081000150,5000081000000,24,3.8656828,5000081000148,-1,5000081000146,5000081000147,-1,37,3.3565612,3.18443,3.442627,22543,41.423176,46.24537,34.663227,231102,4,5,3,-49.04366,129.46323,-163.42311,51.359432,94.56396,-0.016289108,0.021712163,0.03322435,13540582,5,1441,0.009182556,298
5000081000148,23000500001360,5000081000150,5000081000000,23,4.1794686,5000081000149,-1,5000081000147,5000081000148,-1,37,2.9262328,2.9262328,3.0122986,22543,41.453003,46.16724,34.730606,231102,4,5,3,-63.714397,126.15689,-162.52011,56.43538,94.661156,0.02675662,0.0053492044,0.047367513,13542503,5,1360,0.008419213,401
5000081000149,22000500001246,5000081000150,5000081000000,22,4.5195556,5000081000150,-1,5000081000148,5000081000149,-1,35,2.840167,2.840167,2.9262328,22543,41.48988,46.095444,34.83842,231102,4,5,3,-64.32203,121.63587,-159.16216,53.05159,95.14668,0.02628959,0.08049562,0.09197747,13542503,5,1246,0.008949475,420
5000081000150,21000500001412,5000081000150,5000081000000,21,4.888449,-1,-1,5000081000149,5000081000150,-1,25,1.8934448,1.8934448,2.1516418,22543,41.52663,46.03235,34.925106,231102,4,5,3,-84.83114,129.62984,-148.72102,55.5367,92.63389,-0.04069199,0.10661018,0.058299188,13542503,5,1412,0.005914117,291
5000081000151,38000500000324,5000081000163,5000081000000,38,1.2758462,5000081000152,-1,5000081000132,5000081000025,-1,21,0.0,0.0,0.0,23253,40.913403,47.387714,33.46889,238113,4,5,3,19.064148,273.16333,-56.54995,36.011078,67.036865,-0.055780068,-0.04909133,0.0685706,13542395,5,324,0.009123944,713
5000081000152,37000500001044,5000081000163,5000081000000,37,1.3857181,5000081000153,-1,5000081000151,5000081000134,-1,27,0.0,0.0,0.0,23253,40.899815,47.25357,33.518253,238113,4,5,3,-6.426697,242.61954,-88.02058,40.11231,78.740814,-0.027550705,0.04208178,-0.0948988,13542611,5,1044,0.009656654,973
5000081000153,35000500003840,5000081000163,5000081000000,35,1.6302707,5000081000154,-1,5000081000152,5000081000153,-1,25,2.1516418,1.9795104,2.1516418,23253,40.933315,47.00903,33.641697,238113,4,5,3,-36.08701,212.87585,-127.509026,29.027212,60.34246,0.033461828,-0.028289476,0.025336612,13542612,5,3840,0.013215002,611
5000081000154,34000500003340,5000081000163,5000081000000,34,1.766336,5000081000155,-1,5000081000153,5000081000154,-1,30,1.6352477,1.549182,1.6352477,23253,40.95599,46.900097,33.74105,238113,4,5,3,-46.982147,203.65419,-134.36395,30.12757,57.904285,0.052306022,-0.031992175,0.046177868,13542395,5,3340,0.018402617,918
5000081000155,33000500003471,5000081000163,5000081000000,33,1.9126327,5000081000156,-1,5000081000154,5000081000155,-1,30,1.549182,1.549182,1.8073791,22542,41.00866,46.77311,33.815147,231091,4,5,3,-56.66556,193.3992,-138.62808,33.235443,57.467636,-0.005193836,-0.0012109963,0.04971306,13542395,5,3471,0.020310085,456
5000081000156,32000500003489,5000081000163,5000081000000,32,2.0700274,5000081000157,-1,5000081000155,5000081000156,-1,29,2.065576,1.9795104,2.065576,22543,41.030037,46.66453,33.884098,231098,4,5,3,-63.703354,189.24202,-145.0153,33.95563,64.18607,0.04075465,0.0032977215,0.012896579,13542393,5,3489,0.013476577,269
5000081000157,31000500003812,5000081000163,5000081000000,31,2.2394855,5000081000158,-1,5000081000156,5000081000157,-1,25,2.065576,2.065576,2.065576,22543,41.054607,46.54669,33.97225,231098,4,5,3,-66.85265,180.13353,-148.55577,37.218655,70.42928,0.007573761,0.018208409,0.12014156,13542395,5,3812,0.012951249,539
5000081000158,30000500003283,5000081000163,5000081000000,30,2.422044,5000081000159,-1,5000081000157,5000081000158,-1,27,2.065576,2.065576,2.1516418,22543,41.096752,46.46337,34.04791,231098,4,5,3,-69.06929,177.52098,-145.35556,39.2366,73.5126,0.06512674,-0.13107106,0.029358255,13542395,5,3283,0.010342087,456
5000081000159,29000500003672,5000081000163,5000081000000,29,2.6188614,5000081000160,-1,5000081000158,5000081000159,-1,23,2.065576,2.065576,2.065576,22543,41.125744,46.36941,34.132088,231098,4,5,3,-75.96343,170.73215,-141.36433,42.028084,74.79498,0.010684368,-0.08923325,-0.018376196,13542612,5,3672,0.008480127,431
5000081000160,28000500002395,5000081000163,5000081000000,28,2.8311827,5000081000161,-1,5000081000159,5000081000160,-1,32,1.4631164,1.3770508,1.4631164,22543,41.14588,46.284103,34.221874,231102,4,5,3,-91.01138,161.65344,-146.9478,38.25309,64.906105,-0.07350493,-0.17950068,-0.028974134,13542612,5,2395,0.016318208,138
5000081000161,26000500002095,5000081000163,5000081000000,26,3.3080978,5000081000162,-1,5000081000160,5000081000161,-1,35,1.3770508,1.3770508,1.4631164,22543,41.31602,46.070183,34.38099,231102,4,5,3,-97.80483,147.00092,-145.17871,41.599495,69.192856,-0.04434314,-0.025749413,0.04662762,13542601,5,2095,0.016494723,423
5000081000162,25000500002053,5000081000163,5000081000000,25,3.575905,5000081000163,-1,5000081000161,5000081000162,-1,33,0.774591,0.774591,0.774591,22543,41.320435,45.95243,34.464977,231102,4,5,3,-94.73699,141.55014,-146.25894,40.904396,69.34657,0.029290164,-6.826132E-4,-0.048364688,13542402,5,2053,0.01827038,651
5000081000163,24000500002325,5000081000163,5000081000000,24,3.8656828,-1,-1,5000081000162,5000081000163,-1,25,1.032788,1.032788,1.032788,22543,41.362316,45.885124,34.558853,231100,4,5,3,-100.27235,140.30827,-143.03447,41.410427,62.65731,-0.079753906,-0.045464247,-0.18449289,13542393,5,2325,0.012572478,323
5000081000164,48000500000426,5000081000189,5000081000000,48,0.5085914,5000081000165,-1,5000081000014,5000081000015,-1,26,0.0,0.0,0.0,23254,40.314964,48.52282,32.81144,238087,4,5,3,-283.0469,179.09372,-13.203996,41.892784,69.50718,0.014018589,0.07293298,0.0670211,13540095,5,426,0.013288078,945
5000081000165,47000500000436,5000081000189,5000081000000,47,0.5641766,5000081000166,-1,5000081000164,5000081000016,-1,30,0.0,0.0,0.0,23254,40.42703,48.45391,32.84457,238087,4,5,3,-236.41957,190.10005,-115.3304,35.06422,69.25372,0.02853571,0.04148016,0.12557235,13540159,5,436,0.01327382,520
5000081000166,46000500000414,5000081000189,5000081000000,46,0.6235901,5000081000167,-1,5000081000165,5000081000017,-1,53,0.0,0.0,0.0,23254,40.518867,48.369793,32.921608,238087,4,5,3,-184.76802,192.28854,-204.56451,46.561054,77.73685,0.046686694,-0.0463546,0.19992776,13540225,5,414,0.018361365,181
5000081000167,45000500000383,5000081000189,5000081000000,45,0.6871088,5000081000168,-1,5000081000166,5000081000018,-1,59,0.0,0.0,0.0,23254,40.59448,48.273582,33.030075,238087,4,5,3,-120.39707,194.4855,-324.97433,70.71193,109.20961,-0.05198129,-0.13952105,0.12164417,13540225,5,383,0.009490794,502
5000081000168,43000500000369,5000081000189,5000081000000,43,0.8276991,5000081000169,-1,5000081000167,5000081000020,5000081000128,80,0.0,0.0,0.0,23253,40.610294,47.97355,33.374363,238115,4,5,3,-14.753121,407.46802,-229.32741,60.771557,104.94608,-0.11389928,-0.1970371,0.039760783,13533780,5,369,0.015964972,377
5000081000169,42000500000343,5000081000189,5000081000000,42,0.9054624,5000081000170,-1,5000081000168,5000081000021,5000081000129,108,0.0,0.0,0.0,23253,40.63701,47.778427,33.474785,238113,4,5,3,-77.885704,371.11218,-170.2421,64.97735,114.44335,-0.13368347,-0.20817028,0.05746683,13540107,5,343,0.017257037,583
5000081000170,41000500000347,5000081000189,5000081000000,41,0.98870814,5000081000171,-1,5000081000169,5000081000022,5000081000130,136,0.0,0.0,0.0,23253,40.687,47.601044,33.551327,238113,4,5,3,-105.57584,326.13757,-137.22618,57.244617,108.7662,-0.20992675,-0.2577363,0.15318063,13540095,5,347,0.021681298,632
5000081000171,40000500001284,5000081000189,5000081000000,40,1.0778745,5000081000172,-1,5000081000170,5000081000171,-1,148,13.254113,12.307391,13.254113,23253,40.74167,47.42071,33.614635,238113,4,5,3,-124.08542,294.0548,-118.14427,59.114708,107.91462,-0.2005244,-0.29336137,0.21838911,13540095,5,1284,0.024858594,41
5000081000172,39000500001193,5000081000189,5000081000000,39,1.173417,5000081000173,-1,5000081000171,5000081000172,-1,145,13.081982,12.307391,13.081982,23253,40.82522,47.273857,33.676434,238113,4,5,3,-133.94638,270.768,-101.5826,58.421024,107.90123,-0.14703341,-0.1185264,0.13455048,13540232,5,1193,0.024373492,141
5000081000173,38000500001159,5000081000189,5000081000000,38,1.2758462,5000081000174,-1,5000081000172,5000081000173,-1,145,12.995916,12.565588,12.995916,23253,40.878765,47.12923,33.731514,238113,4,5,3,-140.16953,246.661,-89.2999,60.566418,110.924034,-0.2300418,-0.23238459,0.11914473,13540227,5,1159,0.022563318,887
5000081000174,37000500001211,5000081000189,5000081000000,37,1.3857181,5000081000175,-1,5000081000173,5000081000174,-1,143,12.823785,12.13526,12.909851,23253,40.96707,46.994778,33.771946,238113,4,5,3,-143.98405,228.38982,-76.27046,65.45206,115.006424,-0.13881122,-0.10216473,0.08672847,13540227,5,1211,0.02211616,791
5000081000175,36000500001133,5000081000189,5000081000000,36,1.5036365,5000081000176,-1,5000081000174,5000081000175,-1,145,12.393456,11.963128,12.393456,22543,41.047318,46.865273,33.804993,231098,4,5,3,-148.462,211.08105,-63.77795,59.523815,108.39521,-0.089604326,-0.11972054,0.15625611,13540227,5,1133,0.024064535,538
5000081000176,35000500001175,5000081000189,5000081000000,35,1.6302707,5000081000177,-1,5000081000175,5000081000176,-1,139,11.360668,10.241815,11.360668,22543,41.104088,46.77363,33.83451,231098,4,5,3,-144.10014,187.53038,-51.407684,58.299427,103.00502,-0.09336147,-0.21336442,0.19484963,13540098,5,1175,0.026363809,484
5000081000177,34000500001138,5000081000189,5000081000000,34,1.766336,5000081000178,-1,5000081000176,5000081000177,-1,132,9.725421,9.553289,9.811486,22543,41.189404,46.68296,33.85599,231098,4,5,3,-138.75468,174.47505,-47.964966,60.96355,105.93654,-0.082399346,-0.18223402,0.18805175,13540165,5,1138,0.022683108,870
5000081000178,33000500001329,5000081000189,5000081000000,33,1.9126327,5000081000179,-1,5000081000177,5000081000178,-1,109,10.500011,10.155749,10.8442745,22543,41.288246,46.581738,33.89827,231098,4,5,3,-132.57915,152.25769,-39.987625,65.49726,114.654205,0.02985738,-0.24958292,0.10505658,13540157,5,1329,0.016899966,855
5000081000179,32000500001127,5000081000189,5000081000000,32,2.0700274,5000081000180,-1,5000081000178,5000081000179,-1,122,10.93034,10.413946,11.016406,22543,41.372513,46.488434,33.91532,231098,4,5,3,-130.87161,146.4696,-30.906204,64.67025,110.654816,-0.21623522,-0.10295096,0.22858605,13540168,5,1127,0.019614602,285
5000081000180,31000500000984,5000081000189,5000081000000,31,2.2394855,5000081000181,-1,5000081000179,5000081000180,-1,134,10.758209,9.725421,10.93034,22543,41.458305,46.41682,33.934395,231098,4,5,3,-125.70611,130.22742,-21.228254,62.944168,109.60333,-0.38581598,-0.07918015,0.2833224,13540098,5,984,0.022442823,195
5000081000181,30000500001013,5000081000189,5000081000000,30,2.422044,5000081000182,-1,5000081000180,5000081000181,-1,121,8.606567,8.348371,9.295093,22543,41.555817,46.345257,33.959015,231098,4,5,3,-123.136154,112.71296,-20.75045,64.44538,107.775826,-0.092870735,-0.1739837,0.07762788,13540165,5,1013,0.020866888,941
5000081000182,29000500000889,5000081000189,5000081000000,29,2.6188614,5000081000183,-1,5000081000181,5000081000182,-1,122,9.295093,9.209027,9.725421,22543,41.603043,46.276306,33.965435,231098,4,5,3,-110.5552,109.355,-18.733395,68.17608,119.48393,-0.16617568,-0.13845928,0.013917054,13540098,5,889,0.01813163,531
5000081000183,28000500000948,5000081000189,5000081000000,28,2.8311827,5000081000184,-1,5000081000182,5000081000183,-1,102,8.520501,8.520501,8.692633,22543,41.641907,46.2265,33.958992,231098,4,5,3,-103.817894,102.26691,-12.390866,73.308365,121.14473,-0.17512888,-0.20466904,0.074494235,13540160,5,948,0.014666749,390
5000081000184,27000500000922,5000081000189,5000081000000,27,3.060419,5000081000185,-1,5000081000183,5000081000184,-1,94,5.2500057,5.1639404,6.540991,22543,41.74378,46.153873,33.977844,231098,4,5,3,-96.51122,96.151695,-10.712477,61.26452,102.8141,-0.28504863,-0.27392274,0.083933555,13540202,5,922,0.020792097,609
5000081000185,26000500000892,5000081000189,5000081000000,26,3.3080978,5000081000186,-1,5000081000184,5000081000185,-1,87,2.9262328,2.9262328,2.9262328,22543,41.690754,46.14347,34.00324,231098,4,5,3,-93.91723,87.78222,-8.180778,57.126144,88.21963,-0.25604934,-0.22783777,0.14219192,13540126,5,892,0.027409269,194
5000081000186,25000500002130,5000081000187,5000081000000,25,3.575905,5000081000187,5000081000188,5000081000185,5000081000186,-1,30,2.7541015,2.7541015,2.9262328,22543,41.749443,46.10508,34.07176,231098,4,5,3,-72.969086,91.833534,-53.689217,51.870293,79.82478,0.00636936,0.05322767,0.08464255,13540095,5,2130,0.009976514,106
5000081000187,24000500002027,5000081000187,5000081000000,24,3.8656828,-1,-1,5000081000186,5000081000187,-1,30,2.3237731,2.2377074,2.3237731,22543,41.77759,46.043495,34.081997,231098,4,5,3,-80.07185,89.28005,-51.372147,49.80423,88.90555,0.10613978,0.13968967,0.15094644,13540127,5,2027,0.007995776,326
5000081000188,25000500001730,5000081000189,5000081000000,25,3.575905,5000081000189,-1,5000081000185,5000081000188,-1,37,1.9795104,1.9795104,2.065576,22543,41.914906,46.08955,33.924206,231098,4,5,3,-108.21445,69.517845,26.262411,41.84994,75.07699,-0.023393674,0.0048538772,0.1492945,13533524,5,1730,0.013015308,756
5000081000189,24000500002964,5000081000189,5000081000000,24,3.8656828,-1,-1,5000081000188,5000081000189,-1,20,0.86065674,0.774591,0.86065674,22543,41.88528,46.005173,33.93848,231098,4,5,3,-59.731117,60.266327,20.705175,33.49578,56.22936,-0.09780518,-0.051439237,0.087570176,13540214,5,2964,0.0131943235,612
5000081000190,49000500000425,5000081000194,5000081000000,49,0.45657724,5000081000191,-1,5000081000013,5000081000014,-1,28,0.0,0.0,0.0,23254,39.99318,48.29031,32.782463,238086,4,5,3,-25.226343,332.32132,-129.70758,22.89695,45.82129,-0.2433231,-0.07979587,0.110137776,13538396,5,425,0.030165428,226
5000081000191,47000500003126,5000081000194,5000081000000,47,0.5641766,5000081000192,-1,5000081000190,5000081000191,-1,26,1.9795104,1.549182,1.8934448,23254,40.026825,48.05551,32.909885,238086,4,5,3,-49.86614,287.7742,-129.97011,25.380299,43.043427,-0.18964121,-0.21276197,0.0823248,13538391,5,3126,0.028601665,401
5000081000192,46000500003744,5000081000194,5000081000000,46,0.6235901,5000081000193,-1,5000081000191,5000081000192,-1,28,1.7213135,1.549182,1.6352477,23254,40.0365,47.902576,32.96683,238086,4,5,3,-61.135986,269.50146,-136.57281,26.959534,45.66023,-0.40226862,-0.29442152,0.0924327,13538386,5,3744,0.027086355,30
5000081000193,45000500003069,5000081000194,5000081000000,45,0.6871088,5000081000194,-1,5000081000192,5000081000193,-1,33,1.3770508,1.2049193,1.3770508,23254,40.05423,47.784798,33.023148,238085,4,5,3,-80.4694,261.00076,-120.88704,24.838896,42.13936,-0.3860704,-0.66639084,0.008498332,13538386,5,3069,0.04279003,224
5000081000194,44000500004407,5000081000194,5000081000000,44,0.75503564,-1,-1,5000081000193,5000081000194,-1,21,1.549182,1.2049193,1.549182,23254,40.09975,47.671215,33.095154,238085,4,5,3,-87.32108,254.70488,-138.74295,24.003246,44.740227,-0.18814008,-0.20700161,0.10138061,13538386,5,4407,0.024455208,910
5000081000195,50000500002615,5000081000210,5000081000000,50,0.40789944,5000081000196,-1,5000081000012,5000081000195,-1,45,2.9262328,1.2049193,1.9795104,23254,39.928043,48.25385,32.736156,238086,4,5,3,-77.33589,337.83484,-98.045105,24.345984,46.055134,0.09302817,-0.28619072,-0.17026563,13542419,5,2615,0.047490414,43
5000081000196,49000500000424,5000081000210,5000081000000,49,0.45657724,5000081000197,-1,5000081000195,5000081000014,5000081000190,35,0.0,0.0,0.0,23254,39.96987,48.120605,32.773758,238086,4,5,3,-85.622925,319.3707,-94.37709,24.496597,46.607594,0.20396422,-0.11785179,0.10912091,13542407,5,424,0.039274406,132
5000081000197,48000500002791,5000081000210,5000081000000,48,0.5085914,5000081000198,-1,5000081000196,5000081000197,-1,45,2.4098387,1.4631164,2.4098387,23254,40.004322,47.99024,32.81773,238086,4,5,3,-84.10054,301.13452,-103.96047,27.051413,47.679924,0.08272182,-0.4189616,-0.13964687,13542407,5,2791,0.04168689,138
5000081000198,47000500002921,5000081000210,5000081000000,47,0.5641766,5000081000199,-1,5000081000197,5000081000198,-1,37,2.3237731,2.065576,2.3237731,23254,40.035347,47.85389,32.873325,238086,4,5,3,-92.979935,291.26578,-104.70874,28.991932,55.4805,0.3085569,-0.117103636,-0.10792894,13542616,5,2921,0.03138471,285
5000081000199,46000500004035,5000081000210,5000081000000,46,0.6235901,5000081000200,-1,5000081000198,5000081000199,-1,26,2.2377074,2.1516418,2.2377074,23254,40.0692,47.729305,32.903023,238085,4,5,3,-95.94556,268.5114,-98.73967,34.347973,57.165157,0.10753122,0.021106621,-0.15547954,13542407,5,4035,0.016628223,487
5000081000200,45000500003119,5000081000210,5000081000000,45,0.6871088,5000081000201,-1,5000081000199,5000081000200,-1,37,2.2377074,2.065576,2.2377074,23254,40.12518,47.59365,32.95566,238085,4,5,3,-97.7102,264.67447,-107.287476,29.968624,55.7665,0.3861617,-0.10812664,-0.08592872,13542409,5,3119,0.02408657,393
5000081000201,44000500003087,5000081000210,5000081000000,44,0.75503564,5000081000202,-1,5000081000200,5000081000201,-1,35,1.9795104,1.4631164,1.9795104,23254,40.16838,47.497536,32.976677,238085,4,5,3,-98.6106,244.96646,-97.65822,25.498217,46.135445,0.06583211,-0.07350963,-0.15852319,13542409,5,3087,0.03304807,435
5000081000202,43000500002403,5000081000210,5000081000000,43,0.8276991,5000081000203,-1,5000081000201,5000081000202,-1,49,2.065576,1.2909851,1.6352477,23254,40.225353,47.357666,33.057144,238085,4,5,3,-95.03432,230.58263,-99.39164,26.300142,47.908226,0.1840193,-0.2136054,-0.2847321,13542409,5,2403,0.040655896,743
5000081000203,42000500002762,5000081000210,5000081000000,42,0.9054624,5000081000204,-1,5000081000202,5000081000203,-1,43,1.549182,0.774591,1.549182,23254,40.27305,47.23676,33.11522,238085,4,5,3,-94.95707,223.63353,-99.416,25.6144,45.138084,0.123034686,-0.06710696,-0.38515884,13542407,5,2762,0.04268596,295
5000081000204,41000500002701,5000081000210,5000081000000,41,0.98870814,5000081000205,-1,5000081000203,5000081000204,-1,42,1.8073791,1.1188537,1.7213135,23254,40.324585,47.184196,33.13143,238085,4,5,3,-95.11374,215.68748,-103.56553,26.856989,49.063942,0.08476546,-0.084342614,-0.2925986,13542616,5,2701,0.039279018,186
5000081000205,40000500003119,5000081000210,5000081000000,40,1.0778745,5000081000206,-1,5000081000204,5000081000205,-1,37,1.4631164,1.1188537,1.4631164,23254,40.34907,47.039394,33.184967,238085,4,5,3,-93.9159,207.96481,-108.054565,29.113533,45.796127,0.08210719,-0.10720782,-0.24393961,13542616,5,3119,0.0386815,816
5000081000206,39000500003042,5000081000210,5000081000000,39,1.173417,5000081000207,-1,5000081000205,5000081000206,-1,39,1.8073791,1.4631164,1.8073791,23253,40.42103,46.92507,33.252472,238113,4,5,3,-94.55268,201.38644,-112.74787,32.059593,51.310776,0.103821464,-0.100867525,-0.22249967,13542423,5,3042,0.02865073,413
5000081000207,38000500003126,5000081000210,5000081000000,38,1.2758462,5000081000208,-1,5000081000206,5000081000207,-1,36,2.6680357,2.4959044,2.6680357,22542,40.506348,46.828125,33.331707,231091,4,5,3,-92.65934,191.13365,-117.05179,38.37012,62.438908,0.14141607,-0.13313827,-0.35435376,13542418,5,3126,0.024658995,496
5000081000208,37000500003365,5000081000210,5000081000000,37,1.3857181,5000081000209,-1,5000081000207,5000081000208,-1,34,2.5819702,2.4098387,2.5819702,22542,40.541473,46.756626,33.38801,231091,4,5,3,-92.394875,188.16217,-123.23707,39.550945,65.15611,0.2341968,-0.14830537,-0.33728468,13542414,5,3365,0.017699683,413
5000081000209,36000500003102,5000081000210,5000081000000,36,1.5036365,5000081000210,-1,5000081000208,5000081000209,-1,36,2.5819702,2.4959044,2.6680357,22542,40.620262,46.622795,33.46802,231091,4,5,3,-90.762924,180.47513,-129.93918,35.496548,59.9746,0.17159985,-0.0061446438,-0.20319217,13542384,5,3102,0.023639545,7
5000081000210,35000500001938,5000081000210,5000081000000,35,1.6302707,-1,-1,5000081000209,5000081000210,-1,52,1.3770508,1.3770508,1.549182,22542,40.67582,46.561653,33.552532,231091,4,5,3,-99.16654,183.29388,-128.28801,35.18391,54.98214,-0.33412057,-0.90208423,0.10449377,13542391,5,1938,0.035331912,404
5000081000211,52000500000369,5000081000212,5000081000000,52,0.31970343,5000081000212,-1,5000081000010,5000081000011,-1,21,0.0,0.0,0.0,23255,40.076935,49.154327,32.787704,238101,4,5,3,-134.95883,32.061714,-147.61557,30.731579,63.745586,0.04342394,0.032108027,-0.021376202,13544873,5,369,0.012969922,825
5000081000212,50000500000370,5000081000212,5000081000000,50,0.40789944,-1,-1,5000081000211,5000081000013,-1,21,0.0,0.0,0.0,23255,40.131943,49.123436,32.883495,238101,4,5,3,-39.855537,30.814993,-116.95904,30.355497,62.991005,-0.012017876,0.0058007874,0.008011078,13671765,5,370,0.011436929,560
5000081000213,55000500000375,5000081000213,5000081000000,55,0.20754863,-1,-1,5000081000007,5000081000008,-1,23,0.0,0.0,0.0,23255,39.545258,49.42948,32.68978,238100,4,5,3,-4.460858,65.60615,-105.82703,26.38098,39.589485,0.5607365,-0.18772934,-0.17122811,13544949,5,375,0.03602616,177
5000081000214,62000500000421,5000081000243,5000081000000,62,0.019932542,5000081000215,-1,5000081000000,5000081000001,-1,23,0.0,0.0,0.0,23255,39.536713,49.51007,32.306095,238100,4,5,3,-100.94387,376.02792,-310.2273,21.822805,62.953106,0.13876174,0.10594439,-0.039998684,13545527,5,421,0.015168626,543
5000081000215,61000500000401,5000081000243,5000081000000,61,0.041403063,5000081000216,-1,5000081000214,5000081000002,-1,24,0.0,0.0,0.0,23255,39.552055,49.431797,32.366318,238100,4,5,3,-57.7713,351.38785,-261.66772,22.45706,63.197857,0.12683246,0.061219852,-0.019757994,13545527,5,401,0.018045058,188
5000081000216,60000500000419,5000081000243,5000081000000,60,0.064493395,5000081000217,-1,5000081000215,5000081000003,-1,22,0.0,0.0,0.0,23255,39.55986,49.35899,32.422176,238100,4,5,3,-21.186634,318.2893,-206.62323,23.80528,57.11402,0.05992673,0.039919224,-0.015174643,13545527,5,419,0.016401786,831
5000081000217,59000500000404,5000081000243,5000081000000,59,0.08928783,5000081000218,-1,5000081000216,5000081000004,-1,24,0.0,0.0,0.0,23255,39.567863,49.287243,32.469093,238100,4,5,3,-5.9235215,273.72562,-141.8184,29.392582,66.63437,0.04038023,0.028355706,0.054475587,13545527,5,404,0.0138809625,736
5000081000218,58000500000397,5000081000243,5000081000000,58,0.11588337,5000081000219,-1,5000081000217,5000081000005,-1,25,0.0,0.0,0.0,23255,39.571033,49.22509,32.494698,238100,4,5,3,-3.1295276,216.38803,-80.574394,30.370632,68.212326,0.0028314055,0.085929625,0.096233904,13545527,5,397,0.013273854,405
5000081000219,57000500000382,5000081000243,5000081000000,57,0.14438343,5000081000220,-1,5000081000218,5000081000006,-1,26,0.0,0.0,0.0,23255,39.57233,49.172745,32.502853,238100,4,5,3,-20.367878,155.36844,-32.612366,31.81765,65.100845,0.003440725,0.046376575,0.044875346,13545527,5,382,0.014505685,950
5000081000220,56000500000382,5000081000243,5000081000000,56,0.17489761,5000081000221,-1,5000081000219,5000081000007,-1,27,0.0,0.0,0.0,23255,39.58301,49.142635,32.506405,238100,4,5,3,-72.43873,78.16417,8.055681,34.298637,69.42659,-0.031682257,0.1150104,0.009506615,13545527,5,382,0.012868287,360
5000081000221,55000500000374,5000081000243,5000081000000,55,0.20754863,5000081000222,-1,5000081000220,5000081000008,5000081000213,27,0.0,0.0,0.0,23255,39.621117,49.13273,32.492706,238100,4,5,3,-185.83952,2.023707,26.745806,34.734383,69.488106,-0.052642915,0.11764179,0.047577526,13545503,5,374,0.012188139,428
5000081000222,54000500000357,5000081000243,5000081000000,54,0.24246909,5000081000223,-1,5000081000221,5000081000009,-1,26,0.0,0.0,0.0,23255,39.70165,49.133812,32.500412,238100,4,5,3,-307.6049,-11.841608,-1.98286,35.37824,73.120766,-0.09629796,0.07918952,0.015349577,13545503,5,357,0.009890583,326
5000081000223,53000500000357,5000081000243,5000081000000,53,0.2798018,5000081000224,-1,5000081000222,5000081000010,-1,28,0.0,0.0,0.0,23255,39.821026,49.135788,32.506733,238100,4,5,3,-364.3957,15.657713,-61.097855,33.38705,68.11398,-0.12142354,0.11504492,0.10883996,13545509,5,357,0.012441532,817
5000081000224,52000500000368,5000081000243,5000081000000,52,0.31970343,5000081000225,-1,5000081000223,5000081000011,5000081000211,39,0.0,0.0,0.0,23255,39.94607,49.132946,32.530552,238100,4,5,3,-372.53513,36.89752,-109.87546,32.01376,63.210106,-0.05198015,0.184709,0.240939,13545530,5,368,0.020148205,807
5000081000225,50000500002727,5000081000243,5000081000000,50,0.40789944,5000081000226,-1,5000081000224,5000081000225,-1,39,4.131152,3.442627,3.8729553,23255,40.216137,49.082375,32.64335,238101,4,5,3,-346.45605,68.87263,-170.45505,36.17003,73.1266,-0.04104498,0.17221957,0.17824417,13545515,5,2727,0.015171372,921
5000081000226,49000500002500,5000081000243,5000081000000,49,0.45657724,5000081000227,-1,5000081000225,5000081000226,-1,47,3.5286925,2.9262328,3.2704954,23255,40.35902,49.0508,32.720383,238101,4,5,3,-333.28857,82.96499,-193.33214,33.593292,72.75113,-0.1950333,0.14874256,0.13619074,13545527,5,2500,0.019886935,820
5000081000227,48000500002365,5000081000243,5000081000000,48,0.5085914,5000081000228,-1,5000081000226,5000081000227,-1,49,3.5286925,2.840167,3.3565612,23255,40.48942,49.019337,32.80425,238101,4,5,3,-322.07532,94.411644,-206.65733,29.67358,68.01042,-0.0019255675,0.18078129,0.21577892,13545527,5,2365,0.020228958,888
5000081000228,47000500003022,5000081000243,5000081000000,47,0.5641766,5000081000229,-1,5000081000227,5000081000228,-1,41,3.7008238,2.840167,3.3565612,23255,40.626045,48.974003,32.89456,238101,4,5,3,-311.4548,105.11667,-217.93132,30.588856,67.02306,-0.055227857,-0.029844236,0.24732496,13545527,5,3022,0.018855488,937
5000081000229,46000500002910,5000081000243,5000081000000,46,0.6235901,5000081000230,-1,5000081000228,5000081000229,-1,42,3.9590209,3.0122986,3.7008238,23255,40.763824,48.922543,32.997692,238101,4,5,3,-298.24146,116.21605,-229.5249,32.403843,69.39877,-0.07528066,0.043207616,0.20347781,13545527,5,2910,0.020039996,512
5000081000230,45000500002976,5000081000243,5000081000000,45,0.6871088,5000081000231,-1,5000081000229,5000081000230,-1,40,3.9590209,3.18443,3.5286925,23255,40.908825,48.87211,33.10236,238101,4,5,3,-289.82104,125.332375,-237.44739,35.86268,73.922455,-0.049319036,-0.022370238,0.10842601,13545481,5,2976,0.015402244,39
5000081000231,44000500002983,5000081000243,5000081000000,44,0.75503564,5000081000232,-1,5000081000230,5000081000231,-1,40,3.7008238,3.2704954,3.6147583,23250,41.044754,48.819065,33.21993,238122,4,5,3,-279.63977,127.526566,-245.60767,37.369675,75.478966,-0.16621774,0.05226218,0.19892116,13545527,5,2983,0.0149245635,404
5000081000232,43000500002368,5000081000243,5000081000000,43,0.8276991,5000081000233,-1,5000081000231,5000081000232,-1,52,3.9590209,3.442627,3.9590209,23250,41.1764,48.752182,33.34437,238122,4,5,3,-270.96054,135.76672,-254.02225,36.579956,71.5797,-0.121042155,0.07920624,0.20579255,13545527,5,2368,0.02216202,991
5000081000233,42000500002447,5000081000243,5000081000000,42,0.9054624,5000081000234,-1,5000081000232,5000081000233,-1,52,4.217218,3.8729553,4.217218,23250,41.313564,48.68402,33.48088,238122,4,5,3,-269.702,135.35577,-259.1037,34.86989,65.555664,-0.06463939,0.11950066,0.30782107,13545509,5,2447,0.023628784,36
5000081000234,41000500002570,5000081000243,5000081000000,41,0.98870814,5000081000235,-1,5000081000233,5000081000234,-1,49,4.6475463,4.217218,4.6475463,23250,41.43808,48.618156,33.606777,238122,4,5,3,-260.32202,137.25757,-261.5326,41.328724,78.12794,-0.09037484,0.1988361,0.29842833,13545481,5,2570,0.021816269,917
5000081000235,40000500002639,5000081000243,5000081000000,40,1.0778745,5000081000236,-1,5000081000234,5000081000235,-1,46,4.3032837,3.9590209,4.3032837,23250,41.569355,48.5426,33.74649,238122,4,5,3,-245.0077,135.80031,-262.14694,40.725872,76.58845,-0.09382564,0.0462541,0.15193303,13545503,5,2639,0.019410413,194
5000081000236,39000500002730,5000081000243,5000081000000,39,1.173417,5000081000237,-1,5000081000235,5000081000236,-1,42,3.7868896,3.18443,3.7868896,23250,41.720974,48.457825,33.90027,238122,4,5,3,-235.37956,135.02576,-262.32156,40.419334,81.19711,-0.12344873,0.021589294,0.1148825,13545510,5,2730,0.02021456,723
5000081000237,38000500002867,5000081000243,5000081000000,38,1.2758462,5000081000238,-1,5000081000236,5000081000237,-1,38,3.2704954,3.098364,3.2704954,23250,41.847168,48.37765,34.02873,238122,4,5,3,-221.63823,136.00763,-259.08542,34.63014,69.13817,-0.11969123,0.04044744,0.13436072,13545511,5,2867,0.017081866,319
5000081000238,37000500002655,5000081000243,5000081000000,37,1.3857181,5000081000239,-1,5000081000237,5000081000238,-1,44,3.3565612,3.18443,3.3565612,23250,41.95791,48.29558,34.169853,238122,4,5,3,-224.46161,138.5085,-262.35605,37.95003,71.59561,-0.30127934,0.024735117,0.252072,13545509,5,2655,0.017675404,638
5000081000239,36000500002600,5000081000243,5000081000000,36,1.5036365,5000081000240,-1,5000081000238,5000081000239,-1,46,3.0122986,3.0122986,3.0122986,23250,42.066467,48.221146,34.305595,238127,4,5,3,-206.71611,131.43387,-254.87856,45.008347,84.21948,0.0112674,0.018344942,0.13599946,13545510,5,2600,0.017307699,248
5000081000240,35000500002753,5000081000243,5000081000000,35,1.6302707,5000081000241,-1,5000081000239,5000081000240,-1,40,2.840167,2.7541015,3.098364,23250,42.173634,48.144093,34.45773,238127,4,5,3,-194.54672,128.47267,-256.3511,39.967636,69.00036,-0.02054085,-0.13281527,0.15454668,13545481,5,2753,0.01632625,882
5000081000241,34000500003903,5000081000243,5000081000000,34,1.766336,5000081000242,-1,5000081000240,5000081000241,-1,24,2.1516418,2.065576,2.2377074,23250,42.28066,48.07571,34.578728,238127,4,5,3,-177.0822,134.19136,-247.50693,38.43621,70.17083,-0.037915543,0.034884777,0.17791663,13545527,5,3903,0.010023765,537
5000081000242,33000500004249,5000081000243,5000081000000,33,1.9126327,5000081000243,-1,5000081000241,5000081000242,-1,23,1.8934448,1.8934448,1.8934448,23250,42.36327,47.987083,34.707138,238127,4,5,3,-169.6565,129.36087,-248.11958,32.086426,61.706417,-0.04339551,0.08442394,0.17375083,13545511,5,4249,0.015502088,357
5000081000243,32000500004339,5000081000243,5000081000000,32,2.0700274,-1,-1,5000081000242,5000081000243,-1,22,1.3770508,1.3770508,1.3770508,23250,42.47404,47.89535,34.83637,238127,4,5,3,-166.61835,124.108665,-242.5066,30.76149,65.80141,-0.007364338,0.10065619,0.11299603,13545510,5,4339,0.013365804,432
