galaxyID,lastProgenitorId,descendantId,haloID,subHaloID,fofID,treeId,firstProgenitorId,nextProgenitorId,type,snapnum,redshift,centralMvir,phkey,x,y,z,zIndex,ix,iy,iz,velX,velY,velZ,np,mvir,rvir,vvir,vmax,coldGas,stellarMass,bulgeMass,hotGas,ejectedMass,blackHoleMass,metalsColdGas,metalsStellarMass,metalsBulgeMass,metalsHotGas,metalsEjectedMass,sfr,sfrBulge,xrayLum,diskRadius,coolingRadius,mag_b,mag_v,mag_r,mag_i,mag_k,mag_bBulge,mag_vBulge,mag_rBulge,mag_iBulge,mag_kBulge,mag_bDust,mag_vDust,mag_rDust,mag_iDust,mag_kDust,massWeightedAge,random
1000038000000,1000038000163,-1,1000038000000,63000100000371,63000100000371,1000038000000,1000038000001,-1,0,63,0.0,336.08646,6262,15.635378,32.012432,23.676191,88064,1,3,2,-73.20938,-56.38716,169.06923,4696,336.08646,0.24359225,243.5924,273.0116,0.23107763,3.453747,0.70194453,49.34092,3.0083827E-5,0.0053900285,0.0060186763,0.04166337,0.0053289095,0.22366886,8.798051E-8,0.0,0.0,0.0,0.0094208885,0.07097746,-19.61709,-20.493298,-21.217926,-21.844746,-23.402922,-17.989012,-18.833286,-19.539936,-20.129435,-21.570522,-19.47228,-20.371786,-21.11838,-21.771013,-23.380432,11.6152315,610
1000038000001,1000038000163,1000038000000,1000038000001,62000100000365,62000100000365,1000038000000,1000038000002,-1,0,62,0.019932542,333.9348,6262,15.650484,32.01748,23.640152,88064,1,3,2,-70.64241,-56.609173,175.43333,4658,333.9348,0.24184816,243.68535,274.3131,0.23107763,3.453747,0.70194453,49.165176,3.3199773E-5,0.005371429,0.0060186763,0.04166337,0.0053289095,0.22301432,9.709313E-8,0.0,0.0,0.0,0.009319715,0.070768856,-19.694769,-20.540688,-21.253384,-21.874065,-23.425161,-18.012018,-18.85512,-19.560898,-20.14951,-21.5894,-19.54473,-20.415792,-21.151354,-21.798592,-23.402168,11.3518,695
1000038000002,1000038000163,1000038000001,1000038000002,61000100000364,61000100000364,1000038000000,1000038000003,-1,0,61,0.041403063,331.35284,6262,15.66551,32.031788,23.597681,88064,1,3,2,-69.24264,-60.65991,181.77805,4598,331.35284,0.23988342,243.73349,272.45532,0.23107763,3.453747,0.70194453,48.592686,3.6838534E-5,0.005361632,0.0060186763,0.04166337,0.0053289095,0.2227272,1.07734735E-7,1.2615473,2.9553536E-7,0.0,0.009914266,0.070539966,-19.906418,-20.649734,-21.328966,-21.9332,-23.462105,-18.03686,-18.878592,-19.583344,-20.170925,-21.609415,-19.766973,-20.536444,-21.237247,-21.865715,-23.441698,11.075954,152
1000038000003,1000038000122,1000038000002,1000038000003,60000100000336,60000100000336,1000038000000,1000038000004,1000038000123,0,60,0.064493395,330.92252,6262,15.681987,32.044594,23.555225,88064,1,3,2,-68.929756,-63.073296,188.96599,4433,330.92252,0.23831113,244.37735,273.1179,0.29126897,3.272533,0.53584063,48.64822,4.1099433E-5,0.005087761,0.007254061,0.039956447,0.0039784415,0.21762215,1.2019576E-7,0.0,0.0,0.0,0.008067252,0.06945485,-19.551641,-20.451925,-21.18634,-21.818094,-23.3791,-17.757792,-18.59496,-19.297176,-19.88154,-21.311731,-19.300856,-20.239002,-21.010635,-21.687191,-23.338898,10.859606,887
1000038000004,1000038000122,1000038000003,1000038000004,59000100000293,59000100000293,1000038000000,1000038000005,-1,0,59,0.08928783,328.77087,6262,15.697814,32.061356,23.509024,88064,1,3,2,-67.27042,-66.00777,199.0009,4427,328.77087,0.23618975,244.67303,273.54956,0.29126897,3.272533,0.53584063,48.25326,4.6102698E-5,0.0050770147,0.007254061,0.039956447,0.0039784415,0.21717973,1.3482786E-7,0.0,0.0,0.0,0.007586148,0.069025375,-19.5817,-20.479488,-21.212097,-21.84192,-23.399954,-17.785114,-18.620615,-19.321606,-19.904652,-21.332794,-19.301046,-20.240742,-21.014753,-21.694614,-23.354555,10.560289,811
1000038000005,1000038000122,1000038000004,1000038000005,58000100000290,58000100000290,1000038000000,1000038000006,-1,0,58,0.11588337,328.51266,6262,15.715668,32.074986,23.454363,88064,1,3,2,-65.21431,-72.66918,208.3722,4420,328.51266,0.23437558,245.52168,275.80392,0.29126897,3.272533,0.53584063,48.280052,5.1996583E-5,0.005054658,0.007254061,0.039956447,0.0039784415,0.21709616,1.5206454E-7,0.0,0.0,0.0,0.0072972295,0.068226665,-19.61351,-20.508463,-21.239046,-21.8667,-23.42137,-17.813898,-18.647526,-19.347109,-19.928616,-21.354296,-19.312319,-20.251926,-21.02676,-21.708035,-23.372353,10.250037,897
1000038000006,1000038000122,1000038000005,1000038000006,57000100000287,57000100000287,1000038000000,1000038000007,-1,0,57,0.14438343,325.24216,6281,15.729933,32.09112,23.39745,86308,1,3,2,-66.16324,-78.406685,214.84811,4395,325.24216,0.23168951,245.70851,276.5674,0.29126897,3.272533,0.53584063,47.654587,5.896273E-5,0.005042928,0.007254061,0.039956447,0.0039784415,0.21706612,1.7243714E-7,0.0,0.0,0.0,0.009414241,0.0678701,-19.647097,-20.538881,-21.267221,-21.8925,-23.443565,-17.844248,-18.675718,-19.373684,-19.953459,-21.376448,-19.458355,-20.379463,-21.136211,-21.79534,-23.41396,9.929453,276
1000038000007,1000038000122,1000038000006,1000038000007,56000100000300,56000100000300,1000038000000,1000038000008,-1,0,56,0.17489761,319.82004,6281,15.745205,32.11105,23.333696,86308,1,3,2,-63.441513,-82.43819,221.364,4216,319.82004,0.2283307,245.43735,273.547,0.29126897,3.272533,0.53584063,46.90221,6.722419E-5,0.0050306926,0.007254061,0.039956447,0.0039784415,0.21662633,1.9659787E-7,0.0,0.0,0.0,0.008698466,0.06783979,-19.682611,-20.570831,-21.296679,-21.919407,-23.466658,-17.876324,-18.70535,-19.40148,-19.979351,-21.39961,-19.463678,-20.385588,-21.144205,-21.806126,-23.432028,9.5992155,554
1000038000008,1000038000122,1000038000007,1000038000008,55000100000299,55000100000299,1000038000000,1000038000009,-1,0,55,0.20754863,314.1397,6281,15.758073,32.132137,23.261784,86308,1,3,2,-62.07845,-89.76816,227.87376,4142,314.1397,0.22473995,245.1835,273.6136,0.29126897,3.272533,0.53584063,45.880306,7.705761E-5,0.005018145,0.007254061,0.039956447,0.0039784415,0.2165964,2.253558E-7,0.0,0.0,0.0,0.008827666,0.06775826,-19.720175,-20.604391,-21.327497,-21.947504,-23.49086,-17.910276,-18.736547,-19.430622,-20.006433,-21.423851,-19.506973,-20.424133,-21.179201,-21.837387,-23.457226,9.260064,37
1000038000009,1000038000122,1000038000008,1000038000009,54000100000303,54000100000303,1000038000000,1000038000010,-1,0,54,0.24246909,308.97577,6281,15.77913,32.157993,23.186274,86308,1,3,2,-65.11287,-98.972275,229.60567,4060,308.97577,0.2210942,245.15656,274.60153,0.29126897,3.272533,0.53584063,44.993816,8.88061E-5,0.0050052074,0.007254061,0.039956447,0.0039784415,0.21640846,2.5971434E-7,0.0,0.0,0.0,0.009351626,0.06749399,-19.759748,-20.639587,-21.35974,-21.976929,-23.516382,-17.946024,-18.769138,-19.46088,-20.034475,-21.449053,-19.56814,-20.47788,-21.226892,-21.878435,-23.486382,8.91277,836
1000038000010,1000038000122,1000038000009,1000038000010,53000100000324,53000100000324,1000038000000,1000038000011,-1,0,53,0.2798018,306.1356,6281,15.798798,32.19459,23.105434,86308,1,3,2,-64.77565,-103.53142,234.80818,3914,306.1356,0.21781588,245.85674,272.94742,0.29126897,3.272533,0.53584063,44.49418,1.0289631E-4,0.0049918103,0.007254061,0.039956447,0.0039784415,0.2161237,3.0092136E-7,0.0,0.0,0.0,0.009684302,0.066668935,-19.801273,-20.676386,-21.39337,-22.007591,-23.542843,-17.98383,-18.803457,-19.492704,-20.064089,-21.47626,-19.621696,-20.525007,-21.269112,-21.915552,-23.514856,8.558204,922
1000038000011,1000038000122,1000038000010,1000038000011,52000100000327,52000100000327,1000038000000,1000038000012,-1,0,52,0.31970343,302.6069,6281,15.823421,32.23207,23.019388,86310,1,3,2,-63.22615,-110.15417,235.0176,3864,302.6069,0.21417922,246.50215,271.18835,0.29126897,3.272533,0.53584063,43.86274,1.19861994E-4,0.0049779397,0.007254061,0.039956447,0.0039784415,0.21447587,3.5053768E-7,0.0,0.0,0.0,0.0065856604,0.065733075,-19.845263,-20.715446,-21.429148,-22.040327,-23.571186,-18.024117,-18.840078,-19.52672,-20.095825,-21.505621,-19.48219,-20.405416,-21.17186,-21.847372,-23.511198,8.197276,352
1000038000012,1000038000122,1000038000011,1000038000012,51000100000318,51000100000318,1000038000000,1000038000013,-1,0,51,0.36234027,297.3569,6281,15.837789,32.264538,22.930717,86310,1,3,2,-62.981552,-116.575714,234.32062,3833,297.3569,0.20993796,246.81042,269.3135,0.29126897,3.272533,0.53584063,43.07655,1.4037047E-4,0.004963747,0.007254061,0.039956447,0.0039784415,0.21384844,4.1051499E-7,0.0,0.0,0.0,0.0116935605,0.06515425,-19.891897,-20.757032,-21.467413,-22.075571,-23.602076,-18.067242,-18.87936,-19.56335,-20.130026,-21.537342,-19.766277,-20.651573,-21.381128,-22.011892,-23.582842,7.8310027,629
1000038000013,1000038000122,1000038000012,1000038000013,50000100000316,50000100000316,1000038000000,1000038000014,-1,0,50,0.40789944,296.15198,6281,15.85837,32.305202,22.836075,86310,1,3,2,-61.54212,-121.951546,236.87404,3762,296.15198,0.20644008,248.3878,267.53632,0.29126897,3.272533,0.53584063,42.819458,1.6526482E-4,0.0049490617,0.007254061,0.039956447,0.0039784415,0.21279089,4.8331884E-7,0.0,0.0,0.0,0.008863171,0.06368575,-19.941172,-20.801153,-21.508152,-22.113264,-23.635729,-18.112013,-18.919846,-19.600908,-20.164886,-21.569626,-19.7286,-20.621733,-21.360672,-22.003845,-23.602367,7.4604025,35
1000038000014,1000038000122,1000038000013,1000038000014,49000100000333,49000100000333,1000038000000,1000038000015,-1,0,49,0.45657724,292.6233,6281,15.8774,32.359142,22.738438,86310,1,3,2,-62.557587,-123.590324,239.05363,3527,292.6233,0.20218854,249.48598,268.45953,0.29126897,3.272533,0.53584063,44.43875,1.9560607E-4,0.004917018,0.007254061,0.039956447,0.0039784415,0.20953251,5.7205204E-7,0.0,0.0,0.0,0.007092415,0.062846094,-19.99346,-20.84814,-21.551558,-22.153336,-23.671589,-18.159521,-18.962864,-19.640867,-20.202051,-21.60446,-19.673862,-20.576408,-21.326807,-21.985401,-23.61974,7.0866084,251
1000038000015,1000038000122,1000038000014,1000038000015,48000100000333,48000100000333,1000038000000,1000038000016,-1,0,48,0.5085914,283.3282,6281,15.89338,32.408978,22.644018,86310,1,3,2,-62.9053,-129.132,234.918,3431,283.3282,0.1964044,249.08023,270.59888,0.29126897,3.272533,0.53584063,40.730286,2.3274182E-4,0.004901307,0.007254061,0.039956447,0.0039784415,0.20923945,6.8065606E-7,0.0,0.0,0.0,0.0089249,0.062106945,-20.049349,-20.898767,-21.598604,-22.197134,-23.7117,-18.209684,-19.008532,-19.683542,-20.24222,-21.643282,-19.838999,-20.721346,-21.452837,-22.089039,-23.678782,6.710772,991
1000038000016,1000038000122,1000038000015,1000038000016,47000100000321,47000100000321,1000038000000,1000038000017,-1,0,47,0.5641766,280.5741,6281,15.916087,32.453293,22.538643,86310,1,3,2,-59.31129,-135.30196,236.12062,3267,280.5741,0.19192839,250.74031,275.99466,0.29126897,3.272533,0.53584063,42.435394,2.783855E-4,0.0048680245,0.007254061,0.039956447,0.0039784415,0.16174658,8.1414146E-7,0.0,0.0,0.0,0.0073609813,0.057012834,-20.108442,-20.952356,-21.64832,-22.243385,-23.754543,-18.261934,-19.055874,-19.727497,-20.283327,-21.682749,-19.808512,-20.697866,-21.43817,-22.08665,-23.706324,6.334094,873
1000038000017,1000038000122,1000038000016,1000038000017,46000100000323,46000100000323,1000038000000,1000038000018,-1,0,46,0.6235901,274.37735,6281,15.955027,32.51006,22.43397,86306,1,3,2,-62.240604,-140.89987,228.28677,3139,274.37735,0.1864697,251.55907,272.61996,0.29126897,3.272533,0.53584063,41.196857,3.347275E-4,0.0048519983,0.007254061,0.039956447,0.0039784415,0.16036062,9.789145E-7,0.0,0.0,0.0,0.0066901385,0.05594363,-20.170992,-21.008745,-21.700443,-22.291777,-23.799316,-18.317503,-19.106468,-19.774328,-20.326862,-21.724426,-19.814953,-20.70552,-21.449223,-22.103699,-23.74107,5.957802,247
1000038000018,1000038000122,1000038000017,1000038000018,45000100000308,45000100000308,1000038000000,1000038000019,-1,0,45,0.6871088,269.8159,6281,15.987409,32.570545,22.328035,86306,1,3,2,-59.51158,-145.73045,227.54128,3189,269.8159,0.1811975,253.06241,269.81326,0.29126897,3.272533,0.53584063,40.417725,4.0457366E-4,0.004835764,0.007254061,0.039956447,0.0039784415,0.16014123,1.1831804E-6,0.0,0.0,0.0,0.0072153504,0.054669853,-20.23658,-21.067543,-21.754349,-22.341127,-23.843708,-18.375437,-19.15942,-19.823446,-20.372524,-21.76846,-19.924627,-20.802883,-21.53575,-22.17804,-23.79352,5.583161,900
1000038000019,1000038000122,1000038000018,1000038000019,44000100000310,44000100000310,1000038000000,1000038000020,-1,0,44,0.75503564,261.7257,6281,16.024868,32.629196,22.221949,86306,1,3,2,-55.421673,-147.10048,224.34946,3100,261.7257,0.17496695,253.63849,267.86557,0.29126897,3.272533,0.53584063,39.04279,4.91537E-4,0.004819273,0.007254061,0.039956447,0.0039784415,0.16002566,1.4375055E-6,0.0,0.0,0.0,0.01094457,0.053853977,-20.306639,-21.129969,-21.811035,-22.39197,-23.887684,-18.432646,-19.210049,-19.868603,-20.411903,-21.801968,-20.162481,-21.009079,-21.712143,-22.318995,-23.865667,5.2114167,997
1000038000020,1000038000122,1000038000019,1000038000020,43000100000280,43000100000280,1000038000000,1000038000021,-1,0,43,0.8276991,253.9798,6281,16.053879,32.695316,22.11422,86306,1,3,2,-53.91468,-150.68924,224.44899,3078,253.9798,0.16866818,254.4796,265.06985,0.29126897,3.272533,0.53584063,37.69731,6.0028414E-4,0.0048025413,0.007254061,0.039956447,0.0039784415,0.15931214,1.7555377E-6,0.0,0.0,0.0,0.00895888,0.05281078,-20.383371,-21.197958,-21.872793,-22.447779,-23.937246,-18.48914,-19.258514,-19.91035,-20.446615,-21.82846,-20.171963,-21.020002,-21.726713,-22.339546,-23.904364,4.843823,866
1000038000021,1000038000122,1000038000020,1000038000021,42000100000274,42000100000274,1000038000000,1000038000022,-1,0,42,0.9054624,244.42651,6281,16.07391,32.78412,22.002811,86306,1,3,2,-48.958294,-154.20152,225.9889,3069,244.42651,0.16184641,254.85466,269.23627,0.29126897,3.272533,0.53584063,36.070793,7.3687785E-4,0.0047856504,0.007254061,0.039956447,0.0039784415,0.1591726,2.1550072E-6,0.0,0.0,0.0,0.009361788,0.052074406,-20.473114,-21.27696,-21.944931,-22.513897,-23.998085,-18.549139,-19.310774,-19.956278,-20.486105,-21.86085,-20.277208,-21.112389,-21.810001,-22.41405,-23.96782,4.481572,523
1000038000022,1000038000122,1000038000021,1000038000022,41000100000293,41000100000293,1000038000000,1000038000023,-1,0,41,0.98870814,249.67651,6281,16.078787,32.870384,21.890778,86306,1,3,2,-48.47487,-158.62836,228.66344,2930,249.67651,0.15811715,260.59695,270.58865,0.29126897,3.272533,0.53584063,37.05708,9.091894E-4,0.004767698,0.007254061,0.039956447,0.0039784415,0.15830593,2.6589346E-6,0.28532353,0.0,0.0,0.00571197,0.04881881,-20.591827,-21.370686,-22.026659,-22.586855,-24.061657,-18.612577,-19.366423,-20.005493,-20.528732,-21.895222,-20.10697,-20.958649,-21.68368,-22.328005,-23.979872,4.1258726,124
1000038000023,1000038000122,1000038000022,1000038000023,40000100000255,40000100000255,1000038000000,1000038000024,-1,0,40,1.0778745,249.33224,6281,16.074612,32.93985,21.767256,86306,1,3,2,-46.07911,-162.51596,226.21481,2899,249.33224,0.15301882,264.72,272.02533,0.32077712,3.2684002,0.53584063,37.09731,0.0011275571,0.004749081,0.007761251,0.0398551,0.0039784415,0.15667567,3.2975533E-6,0.0,0.0,0.0,0.0076837474,0.0464161,-20.674223,-21.450596,-22.102312,-22.658983,-24.133251,-18.678478,-19.424065,-20.05711,-20.575682,-21.937668,-20.36134,-21.186666,-21.88483,-22.49704,-24.083584,3.7827334,609
1000038000024,1000038000122,1000038000023,1000038000024,39000100000283,39000100000283,1000038000000,1000038000025,-1,0,39,1.173417,248.47159,6281,16.09285,33.031334,21.651072,86306,1,3,2,-44.61186,-158.94179,222.25076,2783,248.47159,0.14769694,268.9816,267.00488,0.32077712,3.2684002,0.53584063,37.162388,0.0014054991,0.004729712,0.007761251,0.0398551,0.0039784415,0.15490274,4.110397E-6,0.0,0.0,0.0,0.008390233,0.04442097,-20.837746,-21.580387,-22.216753,-22.763865,-24.22934,-18.763508,-19.505795,-20.136757,-20.655016,-22.021414,-20.567186,-21.35422,-22.03135,-22.62647,-24.187527,3.4433265,979
1000038000025,1000038000122,1000038000024,1000038000025,38000100000229,38000100000229,1000038000000,1000038000026,-1,0,38,1.2758462,238.74617,6281,16.133348,33.11187,21.52641,86306,1,3,2,-47.504845,-146.38414,221.56975,2600,238.74617,0.14056541,270.2707,265.62817,0.32077712,3.2684002,0.53584063,35.479015,0.0017608706,0.0047101206,0.007761251,0.0398551,0.0039784415,0.1539976,5.149685E-6,2.4399853,1.1510671E-4,0.0,0.007944031,0.04295726,-21.8837,-22.254456,-22.782475,-23.289185,-24.700512,-18.855804,-19.593813,-20.22098,-20.735657,-22.100704,-21.249676,-21.803543,-22.428959,-23.018007,-24.59587,3.1135263,736
1000038000026,1000038000097,1000038000025,1000038000026,37000100000222,37000100000222,1000038000000,1000038000027,1000038000098,0,37,1.3857181,217.91827,6282,16.184132,33.190617,21.389559,86278,1,3,2,-45.19694,-135.44972,220.76398,2578,217.91827,0.13125455,267.21423,264.06015,0.48868975,3.050351,0.35021347,31.65832,0.0022173014,0.004001059,0.010171098,0.037975177,0.0027909891,0.14767121,6.484524E-6,0.0,0.0,0.0,0.01027024,0.042889863,-20.965376,-21.707914,-22.337759,-22.873833,-24.334648,-18.380314,-19.122055,-19.752022,-20.272242,-21.65231,-20.742035,-21.522087,-22.186205,-22.762423,-24.301289,2.813217,390
1000038000027,1000038000097,1000038000026,1000038000027,36000100000205,36000100000205,1000038000000,1000038000028,-1,0,36,1.5036365,209.22565,6283,16.211016,33.257687,21.258133,86292,1,3,2,-42.059166,-125.6331,218.15982,2310,209.22565,0.12440645,268.94037,266.67682,0.48868975,3.050351,0.35021347,30.716217,0.0028061825,0.003981782,0.010171098,0.037975177,0.0027909891,0.13658701,8.206714E-6,0.6179711,0.0,0.0,0.008763951,0.041002758,-21.202866,-21.897154,-22.50361,-23.02226,-24.468466,-18.493322,-19.23495,-19.864647,-20.384743,-21.77161,-20.889917,-21.640182,-22.294483,-22.868221,-24.42186,2.5050313,868
1000038000028,1000038000097,1000038000027,1000038000028,35000100000211,35000100000211,1000038000000,1000038000029,-1,0,35,1.6302707,186.33218,6283,16.219055,33.32749,21.143644,86292,1,3,2,-44.916393,-129.23965,214.62555,2183,186.33218,0.11478113,264.2279,275.67218,0.5431143,3.0427287,0.35021347,26.992348,0.003569458,0.0039638053,0.010881963,0.037819702,0.0027909891,0.1352359,1.0438923E-5,0.27660853,0.0,0.0,0.010334141,0.041498188,-21.389404,-22.045696,-22.62534,-23.121836,-24.539804,-18.607635,-19.343397,-19.96774,-20.481138,-21.861557,-21.138988,-21.83939,-22.457827,-22.999,-24.503084,2.214461,403
1000038000029,1000038000097,1000038000028,1000038000029,34000100000208,34000100000208,1000038000000,1000038000030,-1,0,34,1.766336,165.93462,6283,16.223827,33.380196,21.009348,86292,1,3,2,-48.41181,-126.84679,221.63864,1882,165.93462,0.10570325,259.83298,259.76465,0.5664664,3.0394583,0.35021347,23.670994,0.004563231,0.003946219,0.011174212,0.037754707,0.0027909891,0.1233477,1.3345226E-5,1.9247928,0.0,0.0,0.008682702,0.041347876,-21.713882,-22.2757,-22.807188,-23.27266,-24.65208,-18.724108,-19.44505,-20.058165,-20.559557,-21.924786,-21.380556,-22.006113,-22.589542,-23.11306,-24.604052,1.9325249,110
1000038000030,1000038000097,1000038000029,1000038000030,33000100000223,33000100000223,1000038000000,1000038000031,-1,0,33,1.9126327,134.77884,6283,16.22641,33.442303,20.883566,86292,1,3,2,-43.903854,-127.33568,218.66609,1664,134.77884,0.09423223,248.01678,257.10828,0.72174305,3.0177119,0.35021347,18.476734,0.0058631254,0.0039310195,0.012954186,0.03734685,0.0027909891,0.11899234,1.7146785E-5,7.818594,0.0,44.214485,0.0058903107,0.045156155,-22.140697,-22.578669,-23.050123,-23.479954,-24.816704,-18.843397,-19.546526,-20.148045,-20.639133,-21.992899,-21.42878,-21.98871,-22.566118,-23.119068,-24.705204,1.6738298,237
1000038000031,1000038000097,1000038000030,1000038000031,32000100000216,32000100000216,1000038000000,1000038000032,-1,0,32,2.0700274,119.28702,6283,16.258797,33.516483,20.762266,86292,1,3,2,-38.01909,-132.81119,209.3057,1579,119.28702,0.086292736,243.82568,249.24178,1.1039,2.9335678,0.35021347,15.509387,0.007571251,0.0039179185,0.017416269,0.035915244,0.0027909891,0.110820144,2.2142218E-5,17.49824,0.003780361,44.46099,0.006408037,0.045601573,-22.461742,-22.81894,-23.244139,-23.640574,-24.916697,-18.976397,-19.65735,-20.246063,-20.728024,-22.073406,-21.558191,-22.084648,-22.644573,-23.19096,-24.772398,1.4591103,283
1000038000032,1000038000082,1000038000031,1000038000032,31000100000213,31000100000213,1000038000000,1000038000033,1000038000083,0,31,2.2394855,113.69275,6283,16.28398,33.6035,20.648445,86292,1,3,2,-44.123283,-134.62366,212.08585,1343,113.69275,0.080858506,245.90848,251.65666,1.4069202,2.6424844,0.23793797,14.688233,0.009826387,0.003154091,0.019212143,0.032660328,0.002019669,0.09798343,2.8737386E-5,15.497373,0.0,44.82552,0.005610787,0.042032477,-22.546484,-22.867994,-23.270178,-23.649548,-24.9042,-18.589106,-19.256454,-19.838352,-20.318413,-21.662933,-21.402935,-21.934587,-22.505014,-23.072859,-24.718904,1.2818822,199
1000038000033,1000038000082,1000038000032,1000038000033,30000100000179,30000100000179,1000038000000,1000038000034,-1,0,30,2.422044,109.64767,6283,16.287138,33.67086,20.544374,86292,1,3,2,-37.505325,-129.78189,205.14304,1297,109.64767,0.07593867,249.19434,250.645,1.3160825,2.492506,0.23793797,14.24899,0.0128174005,0.0031447818,0.018396916,0.030635197,0.002019669,0.09285887,3.7484646E-5,17.300383,0.009471904,44.872345,0.0054267785,0.039166294,-22.609972,-22.9065,-23.287943,-23.652514,-24.880995,-18.733345,-19.374163,-19.940388,-20.408401,-21.74111,-21.391792,-21.906256,-22.466314,-23.033241,-24.68493,1.1195349,723
1000038000034,1000038000072,1000038000033,1000038000034,29000100000154,29000100000154,1000038000000,1000038000035,1000038000073,0,29,2.6188614,97.08208,6283,16.342253,33.738663,20.41675,86288,1,3,2,-34.214848,-129.9202,206.06244,1162,97.08208,0.069202565,245.6283,265.8842,1.2089134,2.3272765,0.23070548,12.341896,0.016803123,0.0029083667,0.017938863,0.028404437,0.0020006394,0.086839326,4.9140934E-5,17.451668,0.0,44.983982,0.004053599,0.039352916,-22.74071,-22.997128,-23.353807,-23.704107,-24.922352,-18.841133,-19.47214,-20.030926,-20.48886,-21.813286,-21.075077,-21.596073,-22.176434,-22.790863,-24.615541,0.9682329,452
1000038000035,1000038000072,1000038000034,1000038000035,28000100000147,28000100000147,1000038000000,1000038000036,-1,0,28,2.8311827,79.18042,6283,16.399141,33.821632,20.28643,86288,1,3,2,-34.883713,-124.77553,212.0107,992,79.18042,0.061265428,235.76054,242.16,0.9601122,2.1771407,0.23070548,9.693575,0.022138758,0.0029016072,0.017400984,0.026021883,0.0020006394,0.081621945,6.474505E-5,43.002964,0.07056661,45.03731,0.0023061493,0.043015756,-23.007462,-23.197699,-23.517199,-23.846594,-25.02603,-19.040174,-19.627806,-20.164,-20.609835,-21.929651,-20.291553,-20.793682,-21.36416,-21.992014,-24.186146,0.8214646,630
1000038000036,1000038000067,1000038000035,1000038000036,27000100000112,27000100000112,1000038000000,1000038000037,1000038000068,0,27,3.060419,56.88941,6283,16.447762,33.913055,20.140045,86288,1,3,2,-55.430344,-123.89127,226.83772,851,56.88941,0.051915035,217.08965,227.57713,2.0445142,1.8225874,0.2229931,5.057324,0.029315757,0.002378917,0.03314124,0.019765077,0.0019883104,0.053161144,8.573425E-5,31.89211,0.0,44.876083,0.004407261,0.043013003,-22.879534,-23.058914,-23.367373,-23.684603,-24.837633,-19.113806,-19.738754,-20.300089,-20.771406,-22.18807,-20.75133,-21.240469,-21.80661,-22.428482,-24.378576,0.7635868,231
1000038000037,1000038000067,1000038000036,1000038000037,26000100000126,26000100000126,1000038000000,1000038000038,-1,0,26,3.3080978,50.34842,6283,16.459003,33.98296,20.037792,86288,1,3,2,-60.476063,-126.24876,217.37917,702,50.34842,0.047088046,214.44087,218.23805,2.5061786,1.58127,0.2229931,4.09932,0.039015017,0.0023762984,0.034435287,0.016181309,0.0019883104,0.03625418,1.1409984E-4,18.615576,0.0,44.770676,0.0076921773,0.03723973,-22.683372,-22.878712,-23.188051,-23.502546,-24.639244,-19.333954,-19.9157,-20.444555,-20.8898,-22.242065,-21.647467,-22.046736,-22.518873,-23.009218,-24.491552,0.6839152,51
1000038000038,1000038000067,1000038000037,1000038000038,25000100000081,25000100000081,1000038000000,1000038000039,-1,0,25,3.575905,53.61891,6283,16.491274,34.065357,19.908546,86288,1,3,2,-52.853832,-132.13608,208.58873,694,53.61891,0.045362707,225.46518,226.03156,2.327179,1.4496727,0.2229931,4.942878,0.05218493,0.002373897,0.031515464,0.014420087,0.0019883104,0.033630863,1.5261542E-4,40.35111,7.3963456E-4,44.894424,0.008562659,0.032777477,-23.07624,-23.203215,-23.495073,-23.8119,-24.969172,-19.47258,-19.97677,-20.445908,-20.844397,-22.0862,-22.31252,-22.580215,-22.991024,-23.440556,-24.857718,0.5684983,250
1000038000039,1000038000055,1000038000038,1000038000039,24000100000065,24000100000065,1000038000000,1000038000040,1000038000056,0,24,3.8656828,51.03694,6283,16.498213,34.108685,19.783903,86288,1,3,2,-46.68145,-129.66689,202.86244,644,51.03694,0.04203674,228.50609,234.00627,2.9128919,0.9984801,0.037626397,4.11398,0.07015106,4.913592E-4,0.03348887,0.009600737,2.1324016E-4,0.019356927,2.051576E-4,18.468847,0.0,44.990017,0.009077173,0.02527472,-22.491964,-22.63263,-22.899977,-23.18263,-24.259487,-17.787374,-18.203003,-18.61514,-18.970322,-20.075329,-21.737726,-22.028238,-22.417027,-22.832445,-24.158073,0.46621183,152
1000038000040,1000038000055,1000038000039,1000038000040,23000100000062,23000100000062,1000038000000,1000038000041,-1,0,23,4.1794686,43.29103,6283,16.57099,34.14633,19.643389,86288,1,3,2,-37.790882,-119.77067,192.64551,574,43.29103,0.037435897,223.01024,225.76056,2.6197767,0.8853632,0.037626397,3.131802,0.09477538,4.90947E-4,0.03189142,0.008271118,2.1324016E-4,0.015611888,2.7717176E-4,19.201422,0.0,44.91118,0.008210772,0.024060633,-22.525536,-22.647564,-22.904224,-23.182138,-24.242683,-17.994633,-18.360601,-18.74349,-19.08763,-20.178076,-21.678873,-21.954044,-22.341127,-22.767944,-24.118816,0.36938247,187
1000038000041,1000038000055,1000038000040,1000038000041,22000100000048,22000100000048,1000038000000,1000038000042,-1,0,22,4.5195556,30.467247,6283,16.605963,34.17647,19.551193,86289,1,3,2,-51.85671,-94.72752,162.19656,453,30.467247,0.031285767,204.65067,208.75832,2.775218,0.7762691,0.037626397,0.7925066,0.12868913,4.9071765E-4,0.031731237,0.0069646006,2.1324016E-4,0.0104655,3.7635292E-4,27.125551,0.0,44.29765,0.0067142923,0.020480461,-22.67678,-22.760708,-22.995272,-23.259533,-24.29049,-18.228867,-18.533405,-18.878687,-19.205965,-20.26987,-21.520966,-21.80266,-22.203932,-22.663227,-24.093863,0.27506712,876
1000038000042,1000038000055,1000038000041,1000038000042,21000100000062,21000100000062,1000038000000,1000038000043,-1,0,21,4.888449,28.401672,6324,16.680513,34.20106,19.458233,86071,1,3,2,-64.33577,-86.1364,143.8107,335,28.401672,0.0286771,206.38318,206.8743,3.5542529,0.63362604,0.037626397,0.20892131,0.17562012,4.9062097E-4,0.032507893,0.0055179275,2.1324016E-4,0.0018115243,5.1360304E-4,45.6807,0.10042808,46.629433,0.0021410892,0.029867107,-23.246382,-23.25041,-23.477085,-23.733223,-24.726246,-18.513832,-18.756285,-19.06779,-19.382236,-20.422617,-19.528353,-19.822433,-20.249771,-20.791803,-22.945213,0.19575466,842
1000038000043,1000038000049,1000038000042,1000038000043,20000100000051,20000100000051,1000038000000,1000038000044,1000038000050,0,20,5.2888336,23.926256,6324,16.675629,34.264008,19.40828,86071,1,3,2,-57.13181,-83.25819,142.65244,291,23.926256,0.025381597,201.34825,215.6893,1.1416403,0.37468347,0.0,1.980617,0.24086085,0.0,0.013122762,0.0027752956,0.0,0.010971145,7.044003E-4,36.35355,0.0,44.96138,0.0020964148,0.02369774,-22.476908,-22.516466,-22.732145,-22.98038,-23.944466,99.0,99.0,99.0,99.0,99.0,-19.716576,-20.015886,-20.486036,-21.101099,-23.13856,0.14273214,733
1000038000044,1000038000049,1000038000043,1000038000044,19000100000032,19000100000032,1000038000000,1000038000045,-1,0,19,5.7238646,17.2992,6324,16.666578,34.33369,19.34282,86071,1,3,2,-51.377888,-80.9139,127.12091,286,17.2992,0.021322323,186.7952,199.51804,1.6553952,0.21200736,0.0,0.35830724,0.33200943,0.0,0.012672845,0.0011845496,0.0,0.0029355837,9.709655E-4,28.866438,0.0,43.926712,0.0018948669,0.012084294,-22.416058,-22.420588,-22.603018,-22.79803,-23.647388,99.0,99.0,99.0,99.0,99.0,-19.4616,-19.722027,-20.167805,-20.75059,-22.754042,0.10085766,564
1000038000045,1000038000049,1000038000044,1000038000045,18000100000053,18000100000053,1000038000000,1000038000046,-1,0,18,6.1968336,11.790997,6324,16.69112,34.39159,19.284622,86071,1,3,2,-5.609445,-75.84039,126.687004,101,11.790997,0.017542094,170.02176,156.57144,0.39372876,0.09323846,0.0,1.1241752,0.28803876,0.0,0.0027671284,4.0444912E-4,0.0,0.0022746387,3.542843E-4,16.615316,0.0,44.671207,0.0010962401,0.01696823,-21.400152,-21.427507,-21.620623,-21.823809,-22.664469,99.0,99.0,99.0,99.0,99.0,-19.11663,-19.377808,-19.811428,-20.352093,-22.074028,0.08671348,767
1000038000046,1000038000049,1000038000045,1000038000046,17000100000043,17000100000043,1000038000000,1000038000047,-1,0,17,6.7115865,6.6270566,6324,16.648905,34.49208,19.235487,86071,1,3,2,-17.121649,-112.76282,146.78392,111,6.6270566,0.0135171665,145.20697,143.4838,0.4438358,0.030499136,0.0,0.3109936,0.20434612,0.0,0.0014173194,5.745029E-5,0.0,5.302178E-4,1.4075254E-4,5.498236,0.0,44.043976,0.0026450064,0.012900633,-20.168804,-20.16474,-20.326912,-20.496126,-21.214523,99.0,99.0,99.0,99.0,99.0,-19.917873,-19.9628,-20.166862,-20.380087,-21.181364,0.08011227,999
1000038000047,1000038000049,1000038000046,1000038000047,16000100000077,16000100000077,1000038000000,1000038000048,-1,0,16,7.272188,4.733612,6324,16.655367,34.575836,19.117098,86071,1,3,2,1.1756334,-155.19054,158.74919,61,4.733612,0.011268819,134.40862,131.52097,0.297466,0.0114879,0.0,0.4112616,0.081124455,0.0,5.2517786E-4,1.2894766E-5,0.0,6.056824E-5,5.985498E-6,2.3778281,0.0,44.042732,0.002919895,0.009019049,-19.169127,-19.119957,-19.247366,-19.374119,-19.945091,99.0,99.0,99.0,99.0,99.0,-19.0915,-19.058662,-19.199207,-19.339119,-19.934183,0.06579061,890
1000038000048,1000038000049,1000038000047,1000038000048,15000100000035,15000100000035,1000038000000,1000038000049,-1,0,15,7.8832035,2.840167,6324,16.634912,34.66053,19.059006,86071,1,3,2,-8.787145,-138.15964,153.36263,62,2.840167,0.008853736,117.456924,123.1133,0.19588429,0.003974605,0.0,0.2360976,0.04485406,0.0,1.9389002E-4,2.408883E-6,0.0,1.1639314E-5,1.2515043E-6,0.865765,0.0,43.772446,0.003351428,0.007833923,-18.067596,-17.97276,-18.055614,-18.125816,-18.49673,99.0,99.0,99.0,99.0,99.0,-18.053587,-17.96163,-18.046806,-18.1194,-18.494741,0.050037526,592
1000038000049,1000038000049,1000038000048,1000038000049,14000100000049,14000100000049,1000038000000,-1,-1,0,14,8.549912,1.4631164,6324,16.629221,34.7524,19.020397,86071,1,3,2,-4.236392,-117.64495,147.95161,41,1.4631164,0.006603825,97.61389,108.57694,0.12584808,0.0014790664,0.0,0.09329661,0.027083429,0.0,7.45602E-5,4.0648712E-7,0.0,2.455585E-6,4.2332715E-7,0.5636752,0.0,43.278366,0.0021932235,0.0065940707,-17.448328,-17.252552,-17.25452,-17.21251,-17.2183,99.0,99.0,99.0,99.0,99.0,-17.43701,-17.243036,-17.246538,-17.206125,-17.215488,0.015664628,8
1000038000050,1000038000055,1000038000042,1000038000043,20000100000051,20000100000051,1000038000000,1000038000051,-1,2,20,5.2888336,23.926256,6324,16.650848,34.25744,19.456465,86071,1,3,2,128.00783,-290.88705,195.12567,30,2.7541015,0.009407499,112.20775,106.33321,0.030744184,0.037138775,0.0,0.0,0.0,0.0,5.0902256E-4,2.0496758E-4,0.0,0.0,0.0,0.2773133,0.0,43.07305,0.0011813622,0.008140438,-18.832375,-19.018993,-19.303099,-19.605707,-20.616062,99.0,99.0,99.0,99.0,99.0,-18.30249,-18.580353,-18.94309,-19.337694,-20.529207,0.34175694,414
1000038000051,1000038000055,1000038000050,1000038000044,19000100000032,19000100000032,1000038000000,1000038000052,-1,2,19,5.7238646,17.2992,6324,16.632984,34.384777,19.314491,86071,1,3,2,-94.515564,-148.87244,234.1927,30,2.7541015,0.009407499,112.20775,106.33321,0.039604884,0.03589783,0.0,0.0,0.0,0.0,5.8214494E-4,1.8568443E-4,0.0,0.0,0.0,0.68631196,0.0,43.07305,0.0011813622,0.008140438,-19.178095,-19.3239,-19.590467,-19.885866,-20.870756,99.0,99.0,99.0,99.0,99.0,-18.569891,-18.82102,-19.177866,-19.57874,-20.771162,0.24387987,175
1000038000052,1000038000055,1000038000051,1000038000045,18000100000053,18000100000053,1000038000000,1000038000053,-1,2,18,6.1968336,11.790997,6324,16.701237,34.42044,19.253311,86071,1,3,2,-116.66147,52.830284,-6.321752,30,2.7541015,0.009407499,112.20775,106.33321,0.059767675,0.033074055,0.0,0.0,0.0,0.0,6.985857E-4,1.489404E-4,0.0,0.0,0.0,1.5758003,0.0,43.07305,0.0011813622,0.008140438,-19.51558,-19.603945,-19.831314,-20.09807,-21.015896,99.0,99.0,99.0,99.0,99.0,-18.805828,-19.010748,-19.340239,-19.729877,-20.893993,0.16099362,893
1000038000053,1000038000055,1000038000052,1000038000046,17000100000043,17000100000043,1000038000000,1000038000054,-1,2,17,6.7115865,6.6270566,6324,16.72653,34.38286,19.237644,86071,1,3,2,-15.878791,2.593616,89.35277,30,2.7541015,0.009407499,112.20775,106.33321,0.102254294,0.027123844,0.0,0.0,0.0,0.0,7.9436036E-4,9.26882E-5,0.0,0.0,0.0,3.372537,0.0,43.07305,0.0011813622,0.008140438,-19.767206,-19.818783,-20.02547,-20.249617,-21.108047,99.0,99.0,99.0,99.0,99.0,-19.060736,-19.213442,-19.511988,-19.850878,-20.961649,0.09429807,417
1000038000054,1000038000055,1000038000053,1000038000050,16000100000192,16000100000192,1000038000000,1000038000055,-1,0,16,7.272188,2.7541015,6324,16.720158,34.40207,19.176006,86071,1,3,2,-0.16871466,-12.214435,85.71339,30,2.7541015,0.009407499,112.20775,106.33321,0.18551946,0.015462632,0.0,0.066025786,0.19782227,0.0,6.3532224E-4,3.1202122E-5,0.0,5.3399246E-5,9.389915E-5,3.7041686,0.0,43.07305,0.0011813622,0.008140438,-19.707285,-19.676079,-19.819191,-19.959028,-20.632475,99.0,99.0,99.0,99.0,99.0,-19.255653,-19.30835,-19.523008,-19.737064,-20.55813,0.047198962,818
1000038000055,1000038000055,1000038000054,1000038000051,15000100000220,15000100000220,1000038000000,-1,-1,0,15,7.8832035,1.2909851,6324,16.72922,34.448425,19.12241,86071,1,3,2,0.5689605,-38.312717,87.611374,23,1.2909851,0.0068074693,90.310394,100.64692,0.12585671,0.0037584573,0.0,0.0043810946,0.08346018,0.0,1.7944169E-4,2.9352052E-6,0.0,1.6630154E-6,1.3773652E-5,1.3039036,0.0,44.094517,0.0010296591,0.0075463043,-18.494755,-18.346977,-18.387224,-18.401901,-18.655409,99.0,99.0,99.0,99.0,99.0,-18.383476,-18.25578,-18.31334,-18.346375,-18.636599,0.018817862,274
1000038000056,1000038000067,1000038000038,1000038000039,24000100000065,24000100000065,1000038000000,1000038000057,-1,2,24,3.8656828,51.03694,6283,16.500849,34.111362,19.799137,86288,1,3,2,-86.09956,-240.63687,183.147,90,6.540991,0.01441382,139.70186,143.26161,0.029272659,0.18536183,0.0,0.0,0.0,0.0,8.324644E-4,0.0017749318,0.0,0.0,0.0,0.0047609378,0.0,42.544865,0.0011012305,0.0065499973,-19.437365,-19.887533,-20.319567,-20.698187,-21.922344,99.0,99.0,99.0,99.0,99.0,-18.342197,-18.948084,-19.531952,-20.101463,-21.734327,0.8493126,776
1000038000057,1000038000067,1000038000056,1000038000040,23000100000062,23000100000062,1000038000000,1000038000058,-1,2,23,4.1794686,43.29103,6283,16.57042,34.11962,19.63352,86288,1,3,2,-237.63127,16.266914,116.44076,90,6.540991,0.01441382,139.70186,143.26161,0.029480865,0.1853327,0.0,0.0,0.0,0.0,8.3684584E-4,0.0017741033,0.0,0.0,0.0,0.025799861,0.0,42.544865,0.0011012305,0.0065499973,-19.667044,-20.054476,-20.448929,-20.810122,-22.014858,99.0,99.0,99.0,99.0,99.0,-18.564835,-19.109049,-19.656223,-20.209427,-21.825518,0.7022371,939
1000038000058,1000038000067,1000038000057,1000038000041,22000100000048,22000100000048,1000038000000,1000038000059,-1,2,22,4.5195556,30.467247,6324,16.608454,34.19036,19.519407,86071,1,3,2,63.919746,-56.750275,152.0253,90,6.540991,0.01441382,139.70186,143.26161,0.030527528,0.18518613,0.0,0.0,0.0,0.0,8.5871207E-4,0.0017699623,0.0,0.0,0.0,0.122973435,0.0,42.544865,0.0011012305,0.0065499973,-19.928257,-20.244976,-20.59766,-20.937777,-22.108942,99.0,99.0,99.0,99.0,99.0,-18.790348,-19.268793,-19.778248,-20.315422,-21.91039,0.56618166,983
1000038000059,1000038000067,1000038000058,1000038000042,21000100000062,21000100000062,1000038000000,1000038000060,-1,2,21,4.888449,28.401672,6324,16.629236,34.208145,19.509047,86071,1,3,2,-43.479134,-63.189285,71.49523,90,6.540991,0.01441382,139.70186,143.26161,0.035144985,0.18453948,0.0,0.0,0.0,0.0,9.522148E-4,0.0017521341,0.0,0.0,0.0,0.51898146,0.0,42.544865,0.0011012305,0.0065499973,-20.22945,-20.475449,-20.79017,-21.112677,-22.25055,99.0,99.0,99.0,99.0,99.0,-18.955837,-19.377686,-19.863205,-20.40259,-22.017937,0.44151148,162
1000038000060,1000038000067,1000038000059,1000038000043,20000100000051,20000100000051,1000038000000,1000038000061,-1,2,20,5.2888336,23.926256,6324,16.667152,34.275135,19.400581,86071,1,3,2,-247.9114,-123.60452,180.96585,90,6.540991,0.01441382,139.70186,143.26161,0.053138167,0.18201956,0.0,0.0,0.0,0.0,0.001279087,0.0016881446,0.0,0.0,0.0,1.9528117,0.0,42.544865,0.0011012305,0.0065499973,-20.587051,-20.765423,-21.050085,-21.360123,-22.462744,99.0,99.0,99.0,99.0,99.0,-19.02694,-19.407557,-19.88958,-20.456612,-22.154177,0.32994303,985
1000038000061,1000038000067,1000038000060,1000038000044,19000100000032,19000100000032,1000038000000,1000038000062,-1,2,19,5.7238646,17.2992,6324,16.772959,34.256565,19.306644,86071,1,3,2,-101.525894,70.81258,223.4088,90,6.540991,0.01441382,139.70186,143.26161,0.11553417,0.17328101,0.0,0.0,0.0,0.0,0.002128989,0.0015069327,0.0,0.0,0.0,6.5956073,0.0,42.544865,0.0011012305,0.0065499973,-20.995876,-21.111986,-21.371275,-21.662443,-22.71328,99.0,99.0,99.0,99.0,99.0,-19.019056,-19.36505,-19.851137,-20.450256,-22.267614,0.23576465,167
1000038000062,1000038000067,1000038000061,1000038000052,18000100000118,18000100000118,1000038000000,1000038000063,-1,0,18,6.1968336,6.540991,6324,16.844656,34.263195,19.21066,86071,1,3,2,-106.313736,-9.080315,128.28523,90,6.540991,0.01441382,139.70186,143.26161,0.30930293,0.14614387,0.0,0.038673896,0.60544294,0.0,0.0034941698,0.0011241774,0.0,2.8416974E-4,0.0027892664,10.028729,0.0,42.544865,0.0011012305,0.0065499973,-21.314175,-21.379608,-21.605637,-21.856783,-22.81319,99.0,99.0,99.0,99.0,99.0,-19.073395,-19.379496,-19.845377,-20.43287,-22.251972,0.16972567,23
1000038000063,1000038000067,1000038000062,1000038000053,17000100000111,17000100000111,1000038000000,1000038000064,-1,0,17,6.7115865,6.024597,6324,16.891882,34.268486,19.149023,86071,1,3,2,-103.777245,-33.17604,130.39006,70,6.024597,0.0130944755,140.66624,153.06488,0.25699517,0.108275466,0.0,0.10436215,0.5470057,0.0,0.0025461558,7.2858995E-4,0.0,5.0432613E-4,0.0019196371,12.636379,0.0,43.343765,7.6824083E-4,0.010215879,-21.358149,-21.39352,-21.595003,-21.817112,-22.709873,99.0,99.0,99.0,99.0,99.0,-18.658545,-18.92758,-19.375946,-19.965948,-21.945028,0.12284319,829
1000038000064,1000038000067,1000038000063,1000038000054,16000100000100,16000100000100,1000038000000,1000038000065,-1,0,16,7.272188,4.3893495,6324,16.961779,34.295647,19.09833,86071,1,3,2,-95.62561,-30.214514,116.552086,54,4.3893495,0.010988732,131.06787,133.36574,0.2131718,0.06458269,0.0,0.037045434,0.42801625,0.0,0.0017528763,3.5099915E-4,0.0,1.496408E-4,0.0011455722,10.189867,0.0,42.700436,7.627032E-4,0.0069287075,-20.955626,-20.96675,-21.146599,-21.347588,-22.213017,99.0,99.0,99.0,99.0,99.0,-18.599089,-18.871557,-19.309612,-19.85847,-21.595081,0.09744178,210
1000038000065,1000038000067,1000038000064,1000038000055,15000100000062,15000100000062,1000038000000,1000038000066,-1,0,15,7.8832035,3.2704954,6324,16.991896,34.29987,19.046804,86071,1,3,2,-78.748566,-46.482334,99.76229,49,3.2704954,0.009280039,123.11241,132.61916,0.19693017,0.03238545,0.0,0.043034185,0.2816159,0.0,9.901605E-4,1.4040606E-4,0.0,7.6750715E-5,4.971798E-4,3.9503095,0.0,42.91451,0.0011055543,0.0073992554,-20.195957,-20.205313,-20.383356,-20.581398,-21.415836,99.0,99.0,99.0,99.0,99.0,-19.335875,-19.496971,-19.807198,-20.151447,-21.275806,0.08173612,347
1000038000066,1000038000067,1000038000065,1000038000056,14000100000083,14000100000083,1000038000000,1000038000067,-1,0,14,8.549912,2.065576,6324,17.014767,34.320812,19.008253,86071,1,3,2,-84.72362,-44.16251,86.52644,30,2.065576,0.007408262,109.50461,116.89223,0.059216913,0.020998819,0.0,0.017074982,0.25283378,0.0,5.2063307E-4,8.4142244E-5,0.0,4.9708553E-5,4.5071708E-4,6.759862,0.0,42.476204,4.0552465E-4,0.0064736065,-20.019102,-20.020033,-20.200317,-20.387238,-21.235695,99.0,99.0,99.0,99.0,99.0,-17.604801,-17.85738,-18.29507,-18.834309,-20.602558,0.042584535,506
1000038000067,1000038000067,1000038000066,1000038000057,13000100000062,13000100000062,1000038000000,-1,-1,0,13,9.277915,1.3770508,6324,17.030266,34.3524,18.97523,86071,1,3,2,-61.153255,-49.614998,84.33365,23,1.3770508,0.006014672,99.22908,100.46342,0.14420491,0.003261149,0.0,0.028490823,0.057225555,0.0,1.5936962E-4,1.8145397E-6,0.0,4.7305507E-6,5.7247157E-6,1.3680341,0.0,42.58388,0.0011847438,0.0042179204,-18.581758,-18.451702,-18.506668,-18.529217,-18.681097,99.0,99.0,99.0,99.0,99.0,-18.47535,-18.360584,-18.429333,-18.465921,-18.652452,0.014003207,21
1000038000068,1000038000072,1000038000035,1000038000066,27000100000113,27000100000112,1000038000000,1000038000069,-1,2,27,3.060419,56.88941,6283,16.291311,33.874226,20.338026,86288,1,3,2,140.53813,140.34726,236.44385,26,1.4631164,0.012865513,69.9352,77.53913,0.095081985,0.007142292,0.0,0.0,0.0,0.0,3.0052502E-4,1.0447641E-5,0.0,0.0,0.0,0.21420214,0.0,39.506817,0.0043354784,0.0016552807,-17.544981,-17.64111,-17.855436,-18.088032,-18.85581,99.0,99.0,99.0,99.0,99.0,-17.528225,-17.628044,-17.845285,-18.08075,-18.853786,0.33995858,717
1000038000069,1000038000072,1000038000068,1000038000067,26000100000426,26000100000426,1000038000000,1000038000070,-1,2,26,3.3080978,5.9385314,6283,16.221003,33.77802,20.168247,86288,1,3,2,108.238205,162.90628,336.07553,26,1.4631164,0.012865513,69.9352,77.53913,0.106655054,0.005521492,0.0,0.0,0.0,0.0,2.4699286E-4,6.056942E-6,0.0,0.0,0.0,0.2776395,0.0,39.506817,0.0043354784,0.0016552807,-17.63454,-17.696796,-17.88759,-18.09721,-18.769659,99.0,99.0,99.0,99.0,99.0,-17.62202,-17.686724,-17.879593,-18.091331,-18.76793,0.23002061,43
1000038000070,1000038000072,1000038000069,1000038000068,25000100000330,25000100000330,1000038000000,1000038000071,-1,2,25,3.575905,4.5614805,6283,16.176067,33.735867,19.979603,86288,1,3,2,35.08784,0.9948664,313.92224,26,1.4631164,0.012865513,69.9352,77.53913,0.12066936,0.0035588033,0.0,0.0,0.0,0.0,1.6988443E-4,2.465743E-6,0.0,0.0,0.0,0.353637,0.0,39.506817,0.0043354784,0.0016552807,-17.562164,-17.572426,-17.73104,-17.899725,-18.436413,99.0,99.0,99.0,99.0,99.0,-17.555574,-17.56703,-17.726694,-17.896486,-18.435387,0.1381824,5
1000038000071,1000038000072,1000038000070,1000038000073,24000100002241,24000100002241,1000038000000,1000038000072,-1,0,24,3.8656828,1.4631164,6283,16.146029,33.74468,19.809404,86288,1,3,2,65.57615,-30.98432,287.3509,26,1.4631164,0.012865513,69.9352,77.53913,0.1373045,0.0012290635,0.0,0.0010774531,0.05081108,0.0,6.290195E-5,3.7134907E-7,0.0,6.5055254E-8,1.3492057E-6,0.14200656,0.0,39.506817,0.0043354784,0.0016552807,-17.127302,-17.064562,-17.152184,-17.24436,-17.530972,99.0,99.0,99.0,99.0,99.0,-17.123537,-17.061344,-17.149492,-17.24217,-17.530003,0.08589501,611
1000038000072,1000038000072,1000038000071,1000038000074,23000100002231,23000100002231,1000038000000,-1,-1,0,23,4.1794686,0.86065674,6283,16.122915,33.782005,19.660847,86288,1,3,2,55.146667,-51.083836,274.25406,24,0.86065674,0.010141424,60.413708,69.448204,0.07361208,3.593099E-4,0.0,0.006175887,0.02104032,0.0,1.8592707E-5,4.2311758E-8,0.0,9.3191446E-8,1.8283936E-7,0.06324133,0.0,40.875423,0.0033175407,0.0054514287,-16.320593,-16.30918,-16.412716,-16.496632,-16.661844,99.0,99.0,99.0,99.0,99.0,-16.320086,-16.308733,-16.412334,-16.496319,-16.661701,0.025852557,803
1000038000073,1000038000082,1000038000033,1000038000034,29000100000154,29000100000154,1000038000000,1000038000074,-1,2,29,2.6188614,97.08208,6283,16.37475,33.810974,20.384325,86288,1,3,2,-176.33777,-33.993828,536.70996,33,0.86065674,0.008378585,66.46601,72.36705,0.04020929,0.00714594,0.0,0.0,0.0,0.0,2.4243857E-4,1.8503213E-5,0.0,0.0,0.0,0.02244341,0.0,41.28808,0.0029778874,0.004953782,-16.182013,-16.534964,-16.932596,-17.27994,-18.330648,99.0,99.0,99.0,99.0,99.0,-16.151285,-16.51268,-16.915785,-17.26817,-18.327402,1.062428,480
1000038000074,1000038000082,1000038000073,1000038000035,28000100000147,28000100000147,1000038000000,1000038000075,-1,2,28,2.8311827,79.18042,6283,16.44857,33.765625,20.166323,86288,1,3,2,-56.26913,96.97335,245.1873,33,0.86065674,0.008378585,66.46601,72.36705,0.041587945,0.006952861,0.0,0.0,0.0,0.0,2.4042306E-4,1.7364378E-5,0.0,0.0,0.0,0.03383235,0.0,41.28808,0.0029778874,0.004953782,-16.390232,-16.679623,-17.030714,-17.346031,-18.313211,99.0,99.0,99.0,99.0,99.0,-16.351116,-16.652128,-17.010443,-17.332056,-18.309456,0.88210595,741
1000038000075,1000038000082,1000038000074,1000038000036,27000100000112,27000100000112,1000038000000,1000038000076,-1,2,27,3.060419,56.88941,6283,16.461546,33.742706,20.053946,86288,1,3,2,-5.554528,-19.36251,164.73973,33,0.86065674,0.008378585,66.46601,72.36705,0.043539587,0.0066795377,0.0,0.0,0.0,0.0,2.37E-4,1.5833124E-5,0.0,0.0,0.0,0.04970422,0.0,41.28808,0.0029778874,0.004953782,-16.597004,-16.829336,-17.140429,-17.434376,-18.358559,99.0,99.0,99.0,99.0,99.0,-16.569818,-16.80875,-17.124613,-17.423193,-18.35546,0.7198116,69
1000038000076,1000038000082,1000038000075,1000038000037,26000100000126,26000100000126,1000038000000,1000038000077,-1,2,26,3.3080978,50.34842,6283,16.463875,33.78528,19.96708,86288,1,3,2,-12.937409,-140.3566,156.32599,33,0.86065674,0.008378585,66.46601,72.36705,0.046225052,0.006303442,0.0,0.0,0.0,0.0,2.3124718E-4,1.3873793E-5,0.0,0.0,0.0,0.07121568,0.0,41.28808,0.0029778874,0.004953782,-16.813263,-16.996487,-17.272482,-17.547298,-18.430376,99.0,99.0,99.0,99.0,99.0,-16.763895,-16.961058,-17.246548,-17.529383,-18.425825,0.57515067,824
1000038000077,1000038000082,1000038000076,1000038000038,25000100000081,25000100000081,1000038000000,1000038000078,-1,2,25,3.575905,53.61891,6283,16.47845,33.9116,19.887949,86288,1,3,2,-55.834972,-309.99985,115.64315,33,0.86065674,0.008378585,66.46601,72.36705,0.049819767,0.0058000046,0.0,0.0,0.0,0.0,2.2176624E-4,1.15027715E-5,0.0,0.0,0.0,0.09959242,0.0,41.28808,0.0029778874,0.004953782,-17.008211,-17.14887,-17.394794,-17.65224,-18.50041,99.0,99.0,99.0,99.0,99.0,-16.988762,-17.133327,-17.38249,-17.643393,-18.497906,0.44738182,89
1000038000078,1000038000082,1000038000077,1000038000039,24000100000065,24000100000065,1000038000000,1000038000079,-1,2,24,3.8656828,51.03694,6283,16.520689,34.14456,19.81085,86288,1,3,2,-6.0603347,-485.09656,237.88702,33,0.86065674,0.008378585,66.46601,72.36705,0.05450462,0.0051438967,0.0,0.0,0.0,0.0,2.0657181E-4,8.813328E-6,0.0,0.0,0.0,0.13605909,0.0,41.28808,0.0029778874,0.004953782,-17.145605,-17.254692,-17.478891,-17.721748,-18.534327,99.0,99.0,99.0,99.0,99.0,-17.114489,-17.231062,-17.460981,-17.709116,-18.530981,0.33547843,914
1000038000079,1000038000082,1000038000078,1000038000040,23000100000062,23000100000062,1000038000000,1000038000080,-1,2,23,4.1794686,43.29103,6283,16.513895,34.362675,19.6557,86290,1,3,2,9.929112,-347.3809,279.9363,33,0.86065674,0.008378585,66.46601,72.36705,0.060454864,0.00431057,0.0,0.0,0.0,0.0,1.8303876E-4,5.9940985E-6,0.0,0.0,0.0,0.18176115,0.0,41.28808,0.0029778874,0.004953782,-17.2736,-17.347387,-17.546478,-17.76956,-18.51432,99.0,99.0,99.0,99.0,99.0,-17.247856,-17.327318,-17.53106,-17.758457,-18.51124,0.23819934,490
1000038000080,1000038000082,1000038000079,1000038000059,22000100000049,22000100000048,1000038000000,1000038000081,-1,2,22,4.5195556,30.467247,6324,16.511267,34.537663,19.513586,86070,1,3,2,-19.485634,-282.6294,256.38974,33,0.86065674,0.008378585,66.46601,72.36705,0.06782862,0.003277882,0.0,0.0,0.0,0.0,1.4794403E-4,3.33487E-6,0.0,0.0,0.0,0.23767786,0.0,41.28808,0.0029778874,0.004953782,-17.287819,-17.3147,-17.485025,-17.677427,-18.328512,99.0,99.0,99.0,99.0,99.0,-17.256231,-17.289875,-17.46568,-17.663166,-18.323832,0.15419242,10
1000038000081,1000038000082,1000038000080,1000038000060,21000100000295,21000100000295,1000038000000,1000038000082,-1,2,21,4.888449,6.971319,6324,16.532995,34.68632,19.369036,86070,1,3,2,-41.654892,-288.8533,289.1961,33,0.86065674,0.008378585,66.46601,72.36705,0.07675305,0.0020280236,0.0,0.0,0.0,0.0,9.763385E-5,1.2170553E-6,0.0,0.0,0.0,0.304529,0.0,41.28808,0.0029778874,0.004953782,-17.052797,-17.009634,-17.135723,-17.260735,-17.746237,99.0,99.0,99.0,99.0,99.0,-17.047256,-17.00522,-17.132233,-17.258219,-17.745485,0.08222497,227
1000038000082,1000038000082,1000038000081,1000038000065,20000100000847,20000100000847,1000038000000,-1,-1,0,20,5.2888336,0.86065674,6324,16.524105,34.82048,19.216972,86070,1,3,2,33.571285,-203.4449,286.84464,33,0.86065674,0.008378585,66.46601,72.36705,0.08731112,5.493748E-4,0.0,0.0089494735,0.025718067,0.0,2.8310236E-5,8.702677E-8,0.0,1.9453505E-7,3.226624E-7,0.122769885,0.0,41.28808,0.0029778874,0.004953782,-16.11131,-15.864951,-15.819594,-15.720939,-15.582913,99.0,99.0,99.0,99.0,99.0,-16.109354,-15.863387,-15.81833,-15.719989,-15.582555,0.02357691,163
1000038000083,1000038000097,1000038000031,1000038000032,31000100000213,31000100000213,1000038000000,1000038000084,-1,2,31,2.2394855,113.69275,6283,16.328587,33.60535,20.617128,86292,1,3,2,-123.51708,-215.65509,267.2011,41,3.5286937,0.015250136,99.75624,117.374695,0.04887137,0.112236865,0.0,0.0,0.0,0.0,0.0010056827,7.7052444E-4,0.0,0.0,0.0,0.012071473,0.0,43.1171,0.0025455183,0.011379401,-18.116678,-18.738382,-19.291405,-19.74204,-21.047392,99.0,99.0,99.0,99.0,99.0,-17.855356,-18.522194,-19.115591,-19.613281,-21.009249,1.7365004,965
1000038000084,1000038000097,1000038000083,1000038000033,30000100000179,30000100000179,1000038000000,1000038000085,-1,2,30,2.422044,109.64767,6283,16.282902,33.662792,20.551382,86292,1,3,2,160.9502,24.088238,10.679034,41,3.5286937,0.015250136,99.75624,117.374695,0.049705528,0.11212003,0.0,0.0,0.0,0.0,0.0010166493,7.6812814E-4,0.0,0.0,0.0,0.027401883,0.0,43.1171,0.0025455183,0.011379401,-18.34594,-18.928524,-19.462738,-19.90593,-21.219799,99.0,99.0,99.0,99.0,99.0,-18.07762,-18.707447,-19.28322,-19.774532,-21.1809,1.5055918,215
1000038000085,1000038000097,1000038000084,1000038000034,29000100000154,29000100000154,1000038000000,1000038000086,-1,2,29,2.6188614,97.08208,6283,16.317081,33.740814,20.442278,86288,1,3,2,-291.28867,-258.37225,352.38214,41,3.5286937,0.015250136,99.75624,117.374695,0.05149337,0.11186965,0.0,0.0,0.0,0.0,0.0010398136,7.630415E-4,0.0,0.0,0.0,0.0593003,0.0,43.1171,0.0025455183,0.011379401,-18.62161,-19.161457,-19.674196,-20.107998,-21.423384,99.0,99.0,99.0,99.0,99.0,-18.338665,-18.93006,-19.48692,-19.971132,-21.382975,1.289083,406
1000038000086,1000038000097,1000038000085,1000038000035,28000100000147,28000100000147,1000038000000,1000038000087,-1,2,28,2.8311827,79.18042,6283,16.39909,33.805138,20.272793,86288,1,3,2,39.40911,-187.40556,89.62215,41,3.5286937,0.015250136,99.75624,117.374695,0.055136077,0.111359484,0.0,0.0,0.0,0.0,0.0010856283,7.5287634E-4,0.0,0.0,0.0,0.122450285,0.0,43.1171,0.0025455183,0.011379401,-18.845554,-19.304167,-19.760847,-20.155394,-21.383493,99.0,99.0,99.0,99.0,99.0,-18.58059,-19.088415,-19.586737,-20.028433,-21.34617,1.0877031,990
1000038000087,1000038000097,1000038000086,1000038000036,27000100000112,27000100000112,1000038000000,1000038000088,-1,2,27,3.060419,56.88941,6283,16.438992,33.953564,20.202717,86288,1,3,2,-110.79831,-159.56757,259.60257,41,3.5286937,0.015250136,99.75624,117.374695,0.06219965,0.11037024,0.0,0.0,0.0,0.0,0.0011695666,7.338681E-4,0.0,0.0,0.0,0.24153033,0.0,43.1171,0.0025455183,0.011379401,-19.09777,-19.4821,-19.893616,-20.2616,-21.441793,99.0,99.0,99.0,99.0,99.0,-18.791012,-19.234365,-19.694567,-20.116827,-21.399439,0.9023263,519
1000038000088,1000038000097,1000038000087,1000038000037,26000100000126,26000100000126,1000038000000,1000038000089,-1,2,26,3.3080978,50.34842,6283,16.473421,33.940075,19.989525,86288,1,3,2,-88.12917,89.61303,327.4353,41,3.5286937,0.015250136,99.75624,117.374695,0.075249225,0.10854267,0.0,0.0,0.0,0.0,0.0013096728,7.0088817E-4,0.0,0.0,0.0,0.455673,0.0,43.1171,0.0025455183,0.011379401,-19.366035,-19.668432,-20.027794,-20.364033,-21.475397,99.0,99.0,99.0,99.0,99.0,-19.059494,-19.417019,-19.82429,-20.215397,-21.431606,0.73397374,906
1000038000089,1000038000097,1000038000088,1000038000038,25000100000081,25000100000081,1000038000000,1000038000090,-1,2,25,3.575905,53.61891,6283,16.527029,33.940197,19.8458,86288,1,3,2,-106.02477,-75.402756,195.16754,41,3.5286937,0.015250136,99.75624,117.374695,0.098250024,0.105321445,0.0,0.0,0.0,0.0,0.0015177728,6.4827595E-4,0.0,0.0,0.0,0.8234525,0.0,43.1171,0.0025455183,0.011379401,-19.641033,-19.87158,-20.188438,-20.502806,-21.57646,99.0,99.0,99.0,99.0,99.0,-19.260342,-19.566679,-19.94504,-20.326757,-21.525646,0.58366764,406
1000038000090,1000038000097,1000038000089,1000038000039,24000100000065,24000100000065,1000038000000,1000038000091,-1,2,24,3.8656828,51.03694,6283,16.585321,34.007103,19.76734,86288,1,3,2,-38.462288,-170.89421,91.45889,41,3.5286937,0.015250136,99.75624,117.374695,0.1369854,0.09989658,0.0,0.0,0.0,0.0,0.0017825826,5.7177735E-4,0.0,0.0,0.0,1.4276526,0.0,43.1171,0.0025455183,0.011379401,-19.91689,-20.089045,-20.371286,-20.665842,-21.692793,99.0,99.0,99.0,99.0,99.0,-19.483934,-19.746502,-20.10025,-20.471674,-21.637829,0.45233107,497
1000038000091,1000038000097,1000038000090,1000038000040,23000100000062,23000100000062,1000038000000,1000038000092,-1,2,23,4.1794686,43.29103,6283,16.55264,34.183388,19.715693,86290,1,3,2,102.18686,-387.41653,180.4371,41,3.5286937,0.015250136,99.75624,117.374695,0.19942069,0.09115257,0.0,0.0,0.0,0.0,0.0020467578,4.7136858E-4,0.0,0.0,0.0,2.378858,0.0,43.1171,0.0025455183,0.011379401,-20.187426,-20.308193,-20.557867,-20.831278,-21.811037,99.0,99.0,99.0,99.0,99.0,-19.808292,-20.005527,-20.317255,-20.658484,-21.761648,0.3408455,436
1000038000092,1000038000097,1000038000091,1000038000059,22000100000049,22000100000048,1000038000000,1000038000093,-1,1,22,4.5195556,30.467247,6283,16.496555,34.33068,19.593075,86290,1,3,2,105.091606,-249.3054,250.64435,41,3.5286937,0.015250136,99.75624,117.374695,0.2959271,0.07763691,0.0,0.0,0.0,0.0,0.0021824145,3.5443154E-4,0.0,0.0,0.0,3.8165593,0.0,43.1171,0.0025455183,0.011379401,-20.394245,-20.463022,-20.67688,-20.923244,-21.85492,99.0,99.0,99.0,99.0,99.0,-19.840836,-20.021046,-20.320045,-20.65877,-21.75822,0.2507825,756
1000038000093,1000038000097,1000038000092,1000038000060,21000100000295,21000100000295,1000038000000,1000038000094,-1,0,21,4.888449,6.971319,6324,16.425188,34.4674,19.441423,86070,1,3,2,78.30627,-202.30908,272.85196,95,6.971319,0.017955283,129.22047,137.11548,0.43923277,0.05756708,0.0,0.13082388,0.44356322,0.0,0.0019697612,2.3877843E-4,0.0,2.0964022E-4,6.1851455E-4,5.321342,0.0,43.1171,0.0016784949,0.011379401,-20.734018,-20.751858,-20.92952,-21.119877,-21.925821,99.0,99.0,99.0,99.0,99.0,-19.825607,-19.997475,-20.308651,-20.640121,-21.749687,0.18813866,95
1000038000094,1000038000097,1000038000093,1000038000061,20000100000339,20000100000339,1000038000000,1000038000095,-1,0,20,5.2888336,3.442627,6324,16.410181,34.57247,19.320747,86070,1,3,2,72.10048,-176.17024,243.20985,65,3.442627,0.013300174,105.50822,114.25341,0.16831785,0.031729158,0.0,0.04401831,0.3152371,0.0,0.0010373794,1.1775294E-4,0.0,7.9907375E-5,4.3387746E-4,1.840677,0.0,42.655457,0.0020654462,0.011029979,-19.584888,-19.657572,-19.876068,-20.118536,-21.013727,99.0,99.0,99.0,99.0,99.0,-19.304253,-19.432255,-19.695414,-19.986292,-20.972319,0.19179781,200
1000038000095,1000038000097,1000038000094,1000038000062,19000100000240,19000100000240,1000038000000,1000038000096,-1,0,19,5.7238646,2.7541015,6324,16.390049,34.659325,19.193975,86070,1,3,2,53.319065,-158.68768,244.53539,72,2.7541015,0.01155631,101.239586,107.443634,0.14872292,0.023492442,0.0,0.0028292527,0.27549958,0.0,8.393143E-4,6.993302E-5,0.0,7.2350817E-6,3.1892283E-4,1.5123931,0.0,40.96172,0.0023042255,0.0033856514,-19.360186,-19.42433,-19.63607,-19.880215,-20.757414,99.0,99.0,99.0,99.0,99.0,-19.148352,-19.254757,-19.50028,-19.78075,-20.726013,0.13410038,355
1000038000096,1000038000097,1000038000095,1000038000063,18000100000541,18000100000541,1000038000000,1000038000097,-1,0,18,6.1968336,2.7541015,6324,16.38871,34.734715,19.055079,86070,1,3,2,27.220247,-138.11458,225.71115,32,2.7541015,0.010803336,104.708275,112.35949,0.15276055,0.01726981,0.0,0.037233494,0.24865459,0.0,6.630411E-4,3.980643E-5,0.0,4.304184E-5,1.6304803E-4,2.911239,0.0,42.628033,0.0013308624,0.008455652,-19.556847,-19.573547,-19.751799,-19.93585,-20.702827,99.0,99.0,99.0,99.0,99.0,-19.005344,-19.114021,-19.37644,-19.647415,-20.604652,0.065964736,559
1000038000097,1000038000097,1000038000096,1000038000064,17000100000398,17000100000398,1000038000000,-1,-1,0,17,6.7115865,1.8073791,6324,16.37501,34.788685,18.921383,86070,1,3,2,36.125477,-145.411,235.47845,30,1.8073791,0.0087658735,94.166626,100.14308,0.13569614,0.0062769917,0.0,0.029758152,0.12806597,0.0,2.818792E-4,5.4458906E-6,0.0,1.1822461E-5,3.1220414E-5,1.8153677,0.0,42.480015,9.1311545E-4,0.007311533,-19.064575,-18.9216,-18.96226,-18.979494,-19.236324,99.0,99.0,99.0,99.0,99.0,-18.672558,-18.596817,-18.697765,-18.776955,-19.166393,0.017648336,757
1000038000098,1000038000122,1000038000025,1000038000026,37000100000222,37000100000222,1000038000000,1000038000099,-1,2,37,1.3857181,217.91827,6282,16.174488,33.095757,21.423065,86278,1,3,2,-128.17519,-144.74706,115.73733,75,6.4549274,0.025133124,105.09751,105.27876,0.06412163,0.18562566,0.04606537,0.0,0.0,1.7194945E-4,0.0012732522,0.001187422,3.1191984E-4,0.0,0.0,2.9891852E-4,0.0,40.99328,0.0032102573,0.005491896,-18.001236,-18.72076,-19.33224,-19.826351,-21.163595,-16.371283,-17.1102,-17.735008,-18.243523,-19.606808,-17.821487,-18.571741,-19.21093,-19.737469,-21.137245,3.0167205,115
1000038000099,1000038000122,1000038000098,1000038000027,36000100000205,36000100000205,1000038000000,1000038000100,-1,2,36,1.5036365,209.22565,6283,16.220846,33.270218,21.290033,86292,1,3,2,-27.506323,-451.97528,446.49625,75,6.4549274,0.025133124,105.09751,105.27876,0.064148985,0.18562181,0.04606537,0.0,0.0,1.7194945E-4,0.0012735937,0.001187346,3.1191984E-4,0.0,0.0,7.4949034E-4,0.0,40.99328,0.0032102573,0.005491896,-18.125925,-18.832432,-19.434608,-19.92025,-21.24806,-16.488571,-17.216942,-17.832487,-18.33024,-19.68252,-17.945597,-18.68308,-19.313038,-19.831118,-21.221619,2.708593,168
1000038000100,1000038000122,1000038000099,1000038000028,35000100000211,35000100000211,1000038000000,1000038000101,-1,2,35,1.6302707,186.33218,6283,16.244873,33.386173,21.048191,86292,1,3,2,-47.095833,-31.075743,288.47513,75,6.4549274,0.025133124,105.09751,105.27876,0.06421498,0.18561259,0.04606537,0.0,0.0,1.7194945E-4,0.0012744174,0.0011871625,3.1191984E-4,0.0,0.0,0.0018097966,0.0,40.99328,0.0032102573,0.005491896,-18.246452,-18.929102,-19.516584,-19.991343,-21.30457,-16.606634,-17.319233,-17.92426,-18.413479,-19.755821,-18.06575,-18.779816,-19.395222,-19.902424,-21.278227,2.412297,471
1000038000101,1000038000122,1000038000100,1000038000029,34000100000208,34000100000208,1000038000000,1000038000102,-1,2,34,1.766336,165.93462,6283,16.243534,33.360336,20.990158,86292,1,3,2,117.59857,39.569427,-107.05396,75,6.4549274,0.025133124,105.09751,105.27876,0.06436778,0.1855912,0.04606537,0.0,0.0,1.7194945E-4,0.001276322,0.0011867379,3.1191984E-4,0.0,0.0,0.0042044236,0.0,40.99328,0.0032102573,0.005491896,-18.388546,-19.05076,-19.625952,-20.090532,-21.39477,-16.725191,-17.41656,-18.008612,-18.488121,-19.818192,-18.205547,-18.899755,-19.503214,-20.00062,-21.36809,2.128407,276
1000038000102,1000038000122,1000038000101,1000038000030,33000100000223,33000100000223,1000038000000,1000038000103,-1,2,33,1.9126327,134.77884,6283,16.15046,33.461037,20.966068,86292,1,3,2,91.454285,-231.22336,202.42563,75,6.4549274,0.025133124,105.09751,105.27876,0.06470695,0.18554369,0.04606537,0.0,0.0,1.7194945E-4,0.0012805408,0.001185797,3.1191984E-4,0.0,0.0,0.009387972,0.0,40.99328,0.0032102573,0.005491896,-18.57534,-19.210968,-19.771093,-20.223726,-21.5163,-16.877062,-17.548887,-18.128967,-18.598036,-19.921476,-18.388664,-19.05751,-19.646545,-20.132534,-21.489267,1.8573921,601
1000038000103,1000038000122,1000038000102,1000038000031,32000100000216,32000100000216,1000038000000,1000038000104,-1,2,32,2.0700274,119.28702,6283,16.161425,33.56025,20.79612,86292,1,3,2,-135.37547,-97.31716,371.17557,75,6.4549274,0.025133124,105.09751,105.27876,0.065428354,0.18544266,0.04606537,0.0,0.0,1.7194945E-4,0.0012894715,0.001183802,3.1191984E-4,0.0,0.0,0.02013929,0.0,40.99328,0.0032102573,0.005491896,-18.812504,-19.418234,-19.965813,-20.416908,-21.741064,-17.052595,-17.69787,-18.260912,-18.714043,-20.014925,-18.618994,-19.25976,-19.83718,-20.322405,-21.712679,1.5996852,661
1000038000104,1000038000122,1000038000103,1000038000032,31000100000213,31000100000213,1000038000000,1000038000105,-1,2,31,2.2394855,113.69275,6283,16.344893,33.575775,20.634651,86292,1,3,2,-357.9203,-134.1728,105.43451,75,6.4549274,0.025133124,105.09751,105.27876,0.06689814,0.18523683,0.04606537,0.0,0.0,1.7194945E-4,0.0013074877,0.0011797631,3.1191984E-4,0.0,0.0,0.041500032,0.0,40.99328,0.0032102573,0.005491896,-19.070894,-19.634823,-20.159414,-20.598898,-21.918642,-17.296942,-17.925787,-18.487833,-18.95205,-20.322754,-18.871468,-19.472805,-20.028744,-20.503489,-21.890547,1.3556755,416
1000038000105,1000038000122,1000038000104,1000038000033,30000100000179,30000100000179,1000038000000,1000038000106,-1,2,30,2.422044,109.64767,6283,16.464977,33.680656,20.573133,86292,1,3,2,-85.70193,-194.6298,136.1539,75,6.4549274,0.025133124,105.09751,105.27876,0.06976587,0.1848352,0.04606537,0.0,0.0,1.7194945E-4,0.0013419683,0.0011719792,3.1191984E-4,0.0,0.0,0.08215728,0.0,40.99328,0.0032102573,0.005491896,-19.31136,-19.803232,-20.276152,-20.67716,-21.907337,-17.545435,-18.119099,-18.639456,-19.070602,-20.358427,-19.100283,-19.633402,-20.139843,-20.577824,-21.878126,1.1257586,911
1000038000106,1000038000122,1000038000105,1000038000034,29000100000154,29000100000154,1000038000000,1000038000107,-1,2,29,2.6188614,97.08208,6283,16.452532,33.778263,20.445593,86288,1,3,2,176.51497,-133.80157,353.99045,75,6.4549274,0.025133124,105.09751,105.27876,0.07512628,0.18408448,0.04606537,0.0,0.0,1.7194945E-4,0.0014041408,0.0011577565,3.1191984E-4,0.0,0.0,0.15632045,0.0,40.99328,0.0032102573,0.005491896,-19.56727,-19.970701,-20.383154,-20.745445,-21.893536,-17.721624,-18.21887,-18.687162,-19.084637,-20.309124,-19.334293,-19.783833,-20.233582,-20.636633,-21.861773,0.9102522,52
1000038000107,1000038000122,1000038000106,1000038000035,28000100000147,28000100000147,1000038000000,1000038000108,-1,2,28,2.8311827,79.18042,6283,16.288134,33.78133,20.27047,86288,1,3,2,245.84532,8.305069,123.05668,75,6.4549274,0.025133124,105.09751,105.27876,0.08472877,0.18273963,0.04606537,0.0,0.0,1.7194945E-4,0.0015086591,0.0011332587,3.1191984E-4,0.0,0.0,0.28606015,0.0,40.99328,0.0032102573,0.005491896,-19.883991,-20.203676,-20.566307,-20.905605,-22.022362,-18.003738,-18.44528,-18.88256,-19.26799,-20.489664,-19.658392,-20.023035,-20.422285,-20.801216,-21.992235,0.70935893,699
1000038000108,1000038000122,1000038000107,1000038000066,27000100000113,27000100000112,1000038000000,1000038000109,-1,1,27,3.060419,56.88941,6283,16.182266,33.826477,20.252409,86288,1,3,2,118.64393,-87.52424,105.73506,75,6.4549274,0.025133124,105.09751,105.27876,0.101230234,0.18042864,0.04606537,0.0,0.0,1.7194945E-4,0.0016701357,0.0010937419,3.1191984E-4,0.0,0.0,4.3415728,0.011443478,40.99328,0.0032102573,0.005491896,-20.303122,-20.529984,-20.839281,-21.155704,-22.227123,-18.307915,-18.655146,-19.029615,-19.376549,-20.516647,-20.048223,-20.32696,-20.677633,-21.038557,-22.193268,0.52292585,362
1000038000109,1000038000114,1000038000108,1000038000067,26000100000426,26000100000426,1000038000000,1000038000110,1000038000115,0,26,3.3080978,5.9385314,6283,16.119846,33.87408,20.196592,86288,1,3,2,64.464485,-92.923836,111.46818,105,5.9385314,0.023092719,105.16518,102.731094,0.32127544,0.10159854,0.0,0.00524592,0.6496702,0.0,0.0029298998,4.3301046E-4,0.0,3.0680923E-5,0.0032535545,0.94478333,0.0,40.99328,0.0070042224,0.005491896,-20.016237,-20.189342,-20.463789,-20.755054,-21.73198,99.0,99.0,99.0,99.0,99.0,-19.890501,-20.094942,-20.3916,-20.704842,-21.718378,0.37667483,793
1000038000110,1000038000114,1000038000109,1000038000068,25000100000330,25000100000330,1000038000000,1000038000111,-1,0,25,3.575905,4.5614805,6283,16.0697,33.91628,20.157999,86288,1,3,2,33.242523,-99.53481,88.27889,123,4.5614805,0.019950857,99.16127,95.69496,0.3684143,0.09491969,0.0,0.0,0.6770108,0.0,0.0029867769,3.7572708E-4,0.0,-3.3881318E-21,0.0032635904,7.2881784,0.0,0.0,0.0020439685,0.019950857,-20.754805,-20.799398,-20.996464,-21.223814,-22.11791,99.0,99.0,99.0,99.0,99.0,-19.81992,-20.029903,-20.371449,-20.76492,-21.98159,0.22708087,744
1000038000111,1000038000114,1000038000110,1000038000069,24000100000787,24000100000787,1000038000000,1000038000112,-1,0,24,3.8656828,1.1188537,6283,16.121758,33.97846,19.966097,86288,1,3,2,-8.232949,-103.78899,90.730965,48,1.1188537,0.0117649995,63.95296,71.042725,0.31683394,0.046905607,0.0,0.0,0.30814618,0.0,0.0017771398,1.1977546E-4,0.0,0.0,9.265344E-4,1.1246791,0.0,0.0,0.0049211998,0.0117649995,-19.72015,-19.820156,-20.042091,-20.29971,-21.155468,99.0,99.0,99.0,99.0,99.0,-19.616228,-19.738659,-19.97841,-20.25461,-21.14301,0.21064939,272
1000038000112,1000038000114,1000038000111,1000038000070,23000100000384,23000100000384,1000038000000,1000038000113,-1,0,23,4.1794686,2.4959044,6283,16.149586,34.05226,19.90706,86288,1,3,2,-16.57157,-87.81047,86.088486,52,2.4959044,0.014462108,86.15255,77.54145,0.3660193,0.04001723,0.0,0.0,0.2658492,0.0,0.0016646998,8.506272E-5,0.0,0.0,7.1114156E-4,6.3776236,0.0,0.0,0.001899886,0.014462108,-20.479727,-20.49978,-20.67088,-20.856346,-21.593573,99.0,99.0,99.0,99.0,99.0,-19.950884,-20.067307,-20.325762,-20.602604,-21.520357,0.08667832,729
1000038000113,1000038000114,1000038000112,1000038000071,22000100000337,22000100000337,1000038000000,1000038000114,-1,0,22,4.5195556,1.8073791,6283,15.988763,34.105896,20.020626,86288,1,3,2,-5.3649554,-88.54505,88.79293,111,1.8073791,0.0122016575,79.815125,93.9384,0.4398747,0.0037823354,0.0,0.0,0.023554418,0.0,1.9299396E-4,7.8057707E-7,0.0,0.0,5.2957666E-6,0.7145322,0.0,0.0,0.010231245,0.0122016575,-18.034773,-17.924778,-17.976154,-18.014496,-18.189001,99.0,99.0,99.0,99.0,99.0,-18.032337,-17.92281,-17.974567,-18.01328,-18.18854,0.0645699,142
1000038000114,1000038000114,1000038000113,1000038000072,21000100000559,21000100000559,1000038000000,-1,-1,0,21,4.888449,3.0122986,6283,16.182886,34.16452,19.823324,86288,1,3,2,-23.83547,-51.227608,93.75819,53,3.0122986,0.013574378,97.692,92.806175,0.09586989,2.4880099E-5,0.0,0.3814501,4.89879E-4,0.0,1.3076193E-6,4.4501194E-11,0.0,1.8130736E-9,1.9831155E-12,0.005124078,0.0,43.563244,0.0044764015,0.012439129,-13.728845,-13.405264,-13.3008585,-13.081195,-12.604489,99.0,99.0,99.0,99.0,99.0,-13.728836,-13.405256,-13.300852,-13.081189,-12.604486,0.0038234582,424
1000038000115,1000038000122,1000038000108,1000038000067,26000100000426,26000100000426,1000038000000,1000038000116,-1,2,26,3.3080978,5.9385314,6283,16.12481,33.888542,20.198702,86288,1,3,2,67.76451,-73.077034,43.917923,31,3.3565612,0.016968066,92.23613,80.87676,0.014696637,0.04597879,0.0,0.0,0.0,0.0,3.0398648E-4,3.1011875E-4,0.0,0.0,0.0,0.22962429,0.0,41.359406,7.389163E-4,0.0087228855,-18.74811,-18.990364,-19.305956,-19.623625,-20.703672,99.0,99.0,99.0,99.0,99.0,-17.736654,-18.13229,-18.592173,-19.086933,-20.537012,0.53218746,704
1000038000116,1000038000122,1000038000115,1000038000068,25000100000330,25000100000330,1000038000000,1000038000117,-1,2,25,3.575905,4.5614805,6283,16.062975,33.91289,20.167265,86288,1,3,2,119.91856,-57.18624,147.1681,31,3.3565612,0.016968066,92.23613,80.87676,0.026287282,0.044355527,0.0,0.0,0.0,0.0,4.3242183E-4,2.8052746E-4,0.0,0.0,0.0,1.5885547,0.0,41.359406,7.389163E-4,0.0087228855,-19.351768,-19.48775,-19.748829,-20.036942,-21.04911,99.0,99.0,99.0,99.0,99.0,-18.140045,-18.464052,-18.898228,-19.397282,-20.850327,0.3776787,310
1000038000117,1000038000122,1000038000116,1000038000075,24000100001296,24000100001296,1000038000000,1000038000118,-1,0,24,3.8656828,3.3565612,6283,16.032608,33.961845,20.106089,86288,1,3,2,47.62269,-109.8394,81.694176,31,3.3565612,0.016968066,92.23613,80.87676,0.10101325,0.03389022,0.0,0.014161373,0.35734305,0.0,6.839401E-4,1.7283625E-4,0.0,2.381305E-5,5.421868E-4,2.870708,0.0,41.359406,7.389163E-4,0.0087228855,-19.953909,-19.960987,-20.132772,-20.318146,-21.171167,99.0,99.0,99.0,99.0,99.0,-18.412579,-18.660683,-19.054363,-19.502523,-20.90998,0.30428478,493
1000038000118,1000038000122,1000038000117,1000038000076,23000100000385,23000100000384,1000038000000,1000038000119,-1,1,23,4.1794686,2.4959044,6283,15.993545,34.021168,20.053654,86288,1,3,2,32.823723,-119.428154,87.12812,31,2.6680367,0.014787209,88.08922,74.16009,0.049993213,0.01630787,0.0,0.0,0.0,0.0,4.305693E-4,6.6820074E-5,0.0,0.0,0.0,0.3000647,0.0,39.914726,0.0021689115,0.0035327666,-18.000753,-18.195126,-18.481092,-18.769642,-19.720264,99.0,99.0,99.0,99.0,99.0,-17.878256,-18.093668,-18.39816,-18.708307,-19.701305,0.41678253,986
1000038000119,1000038000122,1000038000118,1000038000077,21000100000786,21000100000786,1000038000000,1000038000120,-1,0,21,4.888449,1.8934448,6283,16.006672,34.146538,19.986012,86288,1,3,2,7.7691817,-116.559296,81.71933,36,1.8934448,0.0116279945,83.68428,83.4526,0.07343332,0.013025107,0.0,0.0014803701,0.202325,0.0,4.258125E-4,4.3705702E-5,0.0,2.3931018E-6,2.074348E-4,0.27203,0.0,39.914726,0.002661529,0.0035327666,-18.272741,-18.388203,-18.624826,-18.895428,-19.805801,99.0,99.0,99.0,99.0,99.0,-18.17751,-18.31419,-18.566544,-18.853363,-19.792484,0.22036475,473
1000038000120,1000038000122,1000038000119,1000038000078,20000100001203,20000100001203,1000038000000,1000038000121,-1,0,20,5.2888336,1.9795104,6283,16.000185,34.218357,19.936708,86290,1,3,2,-10.0586195,-104.68357,70.73539,26,1.9795104,0.011059783,87.73554,90.07685,0.058427304,0.011704258,0.0,0.009404826,0.2315983,0.0,3.703207E-4,3.6166624E-5,0.0,1.3990017E-5,1.9553637E-4,1.140389,0.0,41.860046,0.0011728819,0.011052396,-18.745928,-18.792011,-18.994116,-19.222067,-20.08482,99.0,99.0,99.0,99.0,99.0,-18.408756,-18.51738,-18.772228,-19.058983,-20.033876,0.122223295,316
1000038000121,1000038000122,1000038000120,1000038000079,19000100001225,19000100001225,1000038000000,1000038000122,-1,0,19,5.7238646,1.6352477,6283,16.018387,34.27854,19.877728,86290,1,3,2,-9.494216,-88.868805,77.79452,22,1.6352477,0.009713007,85.09125,93.27601,0.085149005,0.0066012098,0.0,0.0020734488,0.16608725,0.0,2.7024912E-4,1.2104719E-5,0.0,1.8287285E-6,6.3249616E-5,1.2504667,0.0,43.548244,0.0011799958,0.010187462,-18.53688,-18.529434,-18.692999,-18.859724,-19.571539,99.0,99.0,99.0,99.0,99.0,-18.215837,-18.274254,-18.491268,-18.710796,-19.52415,0.06423622,875
1000038000122,1000038000122,1000038000121,1000038000080,18000100000981,18000100000981,1000038000000,-1,-1,0,18,6.1968336,0.86065674,6283,16.020496,34.32436,19.832205,86290,1,3,2,-8.257504,-93.03656,76.48706,21,0.86065674,0.0073311916,71.0555,72.12814,0.07213685,0.0014562539,0.0,0.0037102008,0.057189707,0.0,7.148109E-5,7.556439E-7,0.0,4.4922066E-7,3.959006E-6,0.38566118,0.0,40.79593,0.0014465384,0.0033667206,-17.224022,-17.067896,-17.102598,-17.1142,-17.347435,99.0,99.0,99.0,99.0,99.0,-17.204756,-17.0524,-17.090239,-17.105186,-17.34467,0.026264291,726
1000038000123,1000038000163,1000038000002,1000038000003,60000100000336,60000100000336,1000038000000,1000038000124,-1,2,60,0.064493395,330.92252,6262,15.760027,32.012478,23.532427,88064,1,3,2,-13.800246,-40.382633,175.14714,30,2.581971,0.028748931,62.149094,79.419136,0.04796473,0.1661039,0.0,0.0,0.0,0.0,7.486331E-4,0.0013504678,0.0,0.0,0.0,4.5466987E-7,0.0,42.135994,0.0040619327,0.031522088,-16.537302,-17.386345,-18.09393,-18.68627,-20.142582,99.0,99.0,99.0,99.0,99.0,-16.471214,-17.331768,-18.049711,-18.65406,-20.13314,10.376993,99
1000038000124,1000038000163,1000038000123,1000038000004,59000100000293,59000100000293,1000038000000,1000038000125,-1,2,59,0.08928783,328.77087,6262,15.738154,32.03596,23.494976,88064,1,3,2,201.11186,-161.68744,131.65921,30,2.581971,0.028748931,62.149094,79.419136,0.04796473,0.1661039,0.0,0.0,0.0,0.0,7.486331E-4,0.0013504678,0.0,0.0,0.0,4.5729243E-7,0.0,42.135994,0.0040619327,0.031522088,-16.567333,-17.413828,-18.119568,-18.710087,-20.16415,99.0,99.0,99.0,99.0,99.0,-16.501245,-17.359251,-18.075352,-18.677877,-20.154709,10.077694,135
1000038000125,1000038000163,1000038000124,1000038000005,58000100000290,58000100000290,1000038000000,1000038000126,-1,2,58,0.11588337,328.51266,6262,15.670165,32.10301,23.469263,88064,1,3,2,143.7345,-225.6518,116.31863,30,2.581971,0.028748931,62.149094,79.419136,0.047964737,0.1661039,0.0,0.0,0.0,0.0,7.4863323E-4,0.0013504678,0.0,0.0,0.0,6.7321537E-7,0.0,42.135994,0.0040619327,0.031522088,-16.599096,-17.442747,-18.14645,-18.73501,-20.186552,99.0,99.0,99.0,99.0,99.0,-16.533007,-17.38817,-18.102234,-18.7028,-20.17711,9.767437,811
1000038000126,1000038000163,1000038000125,1000038000006,57000100000287,57000100000287,1000038000000,1000038000127,-1,2,57,0.14438343,325.24216,6281,15.660875,32.143097,23.427094,86308,1,3,2,-62.98038,-78.08361,193.87578,30,2.581971,0.028748931,62.149094,79.419136,0.04796481,0.1661039,0.0,0.0,0.0,0.0,7.4863434E-4,0.0013504678,0.0,0.0,0.0,1.0228882E-6,0.0,42.135994,0.0040619327,0.031522088,-16.632612,-17.473106,-18.174536,-18.760942,-20.210081,99.0,99.0,99.0,99.0,99.0,-16.566525,-17.41853,-18.13032,-18.728733,-20.20064,9.44684,874
1000038000127,1000038000163,1000038000126,1000038000007,56000100000300,56000100000300,1000038000000,1000038000128,-1,2,56,0.17489761,319.82004,6281,15.702549,32.144524,23.36076,86308,1,3,2,-242.55013,75.182976,283.64325,30,2.581971,0.028748931,62.149094,79.419136,0.047964886,0.1661039,0.0,0.0,0.0,0.0,7.4863434E-4,0.0013504678,0.0,0.0,0.0,1.4914499E-6,0.0,42.135994,0.0040619327,0.031522088,-16.668503,-17.505611,-18.204645,-18.788883,-20.23564,99.0,99.0,99.0,99.0,99.0,-16.602413,-17.451035,-18.160427,-18.756674,-20.2262,9.116618,864
1000038000128,1000038000163,1000038000127,1000038000008,55000100000299,55000100000299,1000038000000,1000038000129,-1,2,55,0.20754863,314.1397,6281,15.795557,32.10627,23.232271,86308,1,3,2,-205.36174,31.5249,456.86035,30,2.581971,0.028748931,62.149094,79.419136,0.04796502,0.1661039,0.0,0.0,0.0,0.0,7.4863527E-4,0.0013504678,0.0,0.0,0.0,2.2589816E-6,0.0,42.135994,0.0040619327,0.031522088,-16.707458,-17.541014,-18.237545,-18.81942,-20.263754,99.0,99.0,99.0,99.0,99.0,-16.64137,-17.486437,-18.193329,-18.78721,-20.254313,8.777465,76
1000038000129,1000038000163,1000038000128,1000038000009,54000100000303,54000100000303,1000038000000,1000038000130,-1,2,54,0.24246909,308.97577,6281,15.827963,32.12653,23.120161,86308,1,3,2,-25.360317,-130.7282,254.85022,30,2.581971,0.028748931,62.149094,79.419136,0.047965225,0.1661039,0.0,0.0,0.0,0.0,7.486368E-4,0.0013504678,0.0,0.0,0.0,3.7311052E-6,0.0,42.135994,0.0040619327,0.031522088,-16.747591,-17.576963,-18.270607,-18.849844,-20.291496,99.0,99.0,99.0,99.0,99.0,-16.6815,-17.522387,-18.22639,-18.817635,-20.282055,8.430173,539
1000038000130,1000038000163,1000038000129,1000038000010,53000100000324,53000100000324,1000038000000,1000038000131,-1,2,53,0.2798018,306.1356,6281,15.808681,32.189484,23.081594,86308,1,3,2,138.58658,-245.10677,-83.54697,30,2.581971,0.028748931,62.149094,79.419136,0.04796564,0.1661039,0.0,0.0,0.0,0.0,7.486404E-4,0.0013504678,0.0,0.0,0.0,6.1989203E-6,0.0,42.135994,0.0040619327,0.031522088,-16.79079,-17.615877,-18.306498,-18.883135,-20.322414,99.0,99.0,99.0,99.0,99.0,-16.724699,-17.561298,-18.26228,-18.850925,-20.312973,8.075596,986
1000038000131,1000038000163,1000038000130,1000038000011,52000100000327,52000100000327,1000038000000,1000038000132,-1,2,52,0.31970343,302.6069,6281,15.793826,32.257473,23.095106,86310,1,3,2,-29.71522,-145.20505,121.86384,30,2.581971,0.028748931,62.149094,79.419136,0.04796629,0.1661039,0.0,0.0,0.0,0.0,7.486457E-4,0.0013504657,0.0,0.0,0.0,1.03372995E-5,0.0,42.135994,0.0040619327,0.031522088,-16.839565,-17.66089,-18.349075,-18.923862,-20.36269,99.0,99.0,99.0,99.0,99.0,-16.773468,-17.60631,-18.304855,-18.891651,-20.353247,7.714681,20
1000038000132,1000038000163,1000038000131,1000038000012,51000100000318,51000100000318,1000038000000,1000038000133,-1,2,51,0.36234027,297.3569,6281,15.817073,32.2969,23.001295,86310,1,3,2,-93.64199,-72.72863,388.4468,30,2.581971,0.028748931,62.149094,79.419136,0.047967415,0.16610372,0.0,0.0,0.0,0.0,7.486549E-4,0.0013504634,0.0,0.0,0.0,1.73902E-5,0.0,42.135994,0.0040619327,0.031522088,-16.890074,-17.707176,-18.392529,-18.965057,-20.402992,99.0,99.0,99.0,99.0,99.0,-16.82398,-17.652597,-18.348309,-18.932846,-20.39355,7.348414,533
1000038000133,1000038000163,1000038000132,1000038000013,50000100000316,50000100000316,1000038000000,1000038000134,-1,2,50,0.40789944,296.15198,6281,15.879039,32.282833,22.7999,86310,1,3,2,-176.71446,124.43361,432.5285,30,2.581971,0.028748931,62.149094,79.419136,0.04796933,0.16610342,0.0,0.0,0.0,0.0,7.4867066E-4,0.0013504591,0.0,0.0,0.0,2.9439056E-5,0.0,42.135994,0.0040619327,0.031522088,-16.943363,-17.755796,-18.43767,-19.007004,-20.442923,99.0,99.0,99.0,99.0,99.0,-16.87726,-17.701214,-18.393446,-18.974789,-20.43348,6.9778247,384
1000038000134,1000038000163,1000038000133,1000038000014,49000100000333,49000100000333,1000038000000,1000038000135,-1,2,49,0.45657724,292.6233,6281,15.920562,32.278603,22.68429,86310,1,3,2,-45.326775,-87.6631,196.65146,30,2.581971,0.028748931,62.149094,79.419136,0.0479726,0.16610298,0.0,0.0,0.0,0.0,7.4869767E-4,0.0013504518,0.0,0.0,0.0,5.002167E-5,0.0,42.135994,0.0040619327,0.031522088,-16.998924,-17.806095,-18.48367,-19.048567,-20.480318,99.0,99.0,99.0,99.0,99.0,-16.93282,-17.751509,-18.439444,-19.016352,-20.470875,6.604055,424
1000038000135,1000038000163,1000038000134,1000038000015,48000100000333,48000100000333,1000038000000,1000038000136,-1,2,48,0.5085914,283.3282,6281,15.908701,32.37433,22.630842,86310,1,3,2,100.91888,-421.967,84.466644,30,2.581971,0.028748931,62.149094,79.419136,0.047978193,0.16610222,0.0,0.0,0.0,0.0,7.487438E-4,0.0013504397,0.0,0.0,0.0,8.51131E-5,0.0,42.135994,0.0040619327,0.031522088,-17.055983,-17.856855,-18.529257,-19.08848,-20.513855,99.0,99.0,99.0,99.0,99.0,-16.989872,-17.802263,-18.485025,-19.056261,-20.504412,6.2282414,451
1000038000136,1000038000163,1000038000135,1000038000016,47000100000321,47000100000321,1000038000000,1000038000137,-1,2,47,0.5641766,280.5741,6281,15.882471,32.54519,22.566032,86310,1,3,2,-8.140396,-206.05467,195.75844,30,2.581971,0.028748931,62.149094,79.419136,0.047987707,0.16610087,0.0,0.0,0.0,0.0,7.488222E-4,0.001350419,0.0,0.0,0.0,1.4480314E-4,0.0,42.135994,0.0040619327,0.031522088,-17.11039,-17.902372,-18.567598,-19.119297,-20.534214,99.0,99.0,99.0,99.0,99.0,-17.04426,-17.847765,-18.523357,-19.08707,-20.524767,5.8516183,259
1000038000137,1000038000163,1000038000136,1000038000017,46000100000323,46000100000323,1000038000000,1000038000138,-1,2,46,0.6235901,274.37735,6281,15.914663,32.562473,22.464289,86310,1,3,2,-156.7257,136.9257,273.15485,30,2.581971,0.028748931,62.149094,79.419136,0.048003886,0.16609862,0.0,0.0,0.0,0.0,7.4895547E-4,0.0013503837,0.0,0.0,0.0,2.4609987E-4,0.0,42.135994,0.0040619327,0.031522088,-17.172398,-17.95694,-18.616556,-19.163258,-20.573532,99.0,99.0,99.0,99.0,99.0,-17.106236,-17.902311,-18.572296,-19.131018,-20.564081,5.4754043,847
1000038000138,1000038000163,1000038000137,1000038000018,45000100000308,45000100000308,1000038000000,1000038000139,-1,2,45,0.6871088,269.8159,6281,16.043613,32.522945,22.283348,86306,1,3,2,-235.34126,-99.433815,372.1622,30,2.581971,0.028748931,62.149094,79.419136,0.048031278,0.16609478,0.0,0.0,0.0,0.0,7.49181E-4,0.0013503239,0.0,0.0,0.0,4.1679005E-4,0.0,42.135994,0.0040619327,0.031522088,-17.23817,-18.014812,-18.66837,-19.20932,-20.613565,99.0,99.0,99.0,99.0,99.0,-17.171877,-17.96011,-18.624056,-19.177038,-20.604095,5.1008797,876
1000038000139,1000038000163,1000038000138,1000038000019,44000100000310,44000100000310,1000038000000,1000038000140,-1,2,44,0.75503564,261.7257,6281,16.089064,32.604874,22.164017,86306,1,3,2,30.493916,-228.37106,117.75864,30,2.581971,0.028748931,62.149094,79.419136,0.048077304,0.16608831,0.0,0.0,0.0,0.0,7.495596E-4,0.0013502234,0.0,0.0,0.0,7.0229097E-4,0.0,42.135994,0.0040619327,0.031522088,-17.31418,-18.084335,-18.733374,-19.270708,-20.674456,99.0,99.0,99.0,99.0,99.0,-17.247906,-18.029617,-18.689043,-19.238417,-20.66499,4.7293296,85
1000038000140,1000038000163,1000038000139,1000038000020,43000100000280,43000100000280,1000038000000,1000038000141,-1,2,43,0.8276991,253.9798,6281,15.993038,32.706707,22.144905,86306,1,3,2,165.8195,-137.8641,147.07655,30,2.581971,0.028748931,62.149094,79.419136,0.048153996,0.16607758,0.0,0.0,0.0,0.0,7.5018976E-4,0.0013500559,0.0,0.0,0.0,0.0011752454,0.0,42.135994,0.0040619327,0.031522088,-17.408241,-18.174002,-18.820072,-19.355417,-20.761032,99.0,99.0,99.0,99.0,99.0,-17.341843,-18.11919,-18.775665,-19.323069,-20.751547,4.362025,663
1000038000141,1000038000163,1000038000140,1000038000021,42000100000274,42000100000274,1000038000000,1000038000142,-1,2,42,0.9054624,244.42651,6281,15.997105,32.778942,22.026478,86306,1,3,2,-179.25348,-151.45387,310.74344,30,2.581971,0.028748931,62.149094,79.419136,0.04828048,0.16605987,0.0,0.0,0.0,0.0,7.51227E-4,0.0013497801,0.0,0.0,0.0,0.001949885,0.0,42.135994,0.0040619327,0.031522088,-17.509718,-18.26744,-18.906889,-19.434925,-20.8344,99.0,99.0,99.0,99.0,99.0,-17.442974,-18.212404,-18.862309,-19.402447,-20.82487,4.000221,962
1000038000142,1000038000163,1000038000141,1000038000022,41000100000293,41000100000293,1000038000000,1000038000143,-1,2,41,0.98870814,249.67651,6281,16.174484,32.86963,21.885712,86306,1,3,2,-250.4616,-197.05058,174.34186,30,2.581971,0.028748931,62.149094,79.419136,0.04848655,0.166031,0.0,0.0,0.0,0.0,7.5291126E-4,0.0013493317,0.0,0.0,0.0,0.0032022519,0.0,42.135994,0.0040619327,0.031522088,-17.628487,-18.37548,-19.00678,-19.526306,-20.919054,99.0,99.0,99.0,99.0,99.0,-17.561293,-18.32013,-18.96195,-19.493639,-20.909458,3.645183,562
1000038000143,1000038000163,1000038000142,1000038000023,40000100000255,40000100000255,1000038000000,1000038000144,-1,2,40,1.0778745,249.33224,6281,16.237356,32.97573,21.791492,86306,1,3,2,-7.6896358,-203.80333,208.81596,30,2.581971,0.028748931,62.149094,79.419136,0.04881772,0.16598462,0.0,0.0,0.0,0.0,7.5560453E-4,0.0013486127,0.0,0.0,0.0,0.0051975525,0.0,42.135994,0.0040619327,0.031522088,-17.75578,-18.48764,-19.10983,-19.622515,-21.010195,99.0,99.0,99.0,99.0,99.0,-17.688267,-18.43198,-19.064749,-19.589668,-21.000555,3.2980623,87
1000038000144,1000038000163,1000038000143,1000038000024,39000100000283,39000100000283,1000038000000,1000038000145,-1,2,39,1.173417,248.47159,6281,16.176167,33.05723,21.661976,86306,1,3,2,242.72188,-72.216,265.53604,30,2.581971,0.028748931,62.149094,79.419136,0.04934183,0.16591123,0.0,0.0,0.0,0.0,7.5983384E-4,0.0013474796,0.0,0.0,0.0,0.008326208,0.0,42.135994,0.0040619327,0.031522088,-17.899189,-18.609709,-19.21878,-19.720577,-21.098133,99.0,99.0,99.0,99.0,99.0,-17.831045,-18.553497,-19.173246,-19.687405,-21.088402,2.9600363,561
1000038000145,1000038000163,1000038000144,1000038000025,38000100000229,38000100000229,1000038000000,1000038000146,-1,2,38,1.2758462,238.74617,6281,16.010939,33.057396,21.490799,86306,1,3,2,141.7864,-7.7168913,303.91824,30,2.581971,0.028748931,62.149094,79.419136,0.050157692,0.16579698,0.0,0.0,0.0,0.0,7.663362E-4,0.0013457274,0.0,0.0,0.0,0.013147934,0.0,42.135994,0.0040619327,0.031522088,-18.076317,-18.764185,-19.359154,-19.847933,-21.21521,99.0,99.0,99.0,99.0,99.0,-18.006859,-18.706957,-19.312809,-19.814167,-21.205301,2.632156,571
1000038000146,1000038000163,1000038000145,1000038000026,37000100000222,37000100000222,1000038000000,1000038000147,-1,2,37,1.3857181,217.91827,6282,16.000998,33.07356,21.345427,86278,1,3,2,-69.517685,-54.255074,220.7389,30,2.581971,0.028748931,62.149094,79.419136,0.051405217,0.16562228,0.0,0.0,0.0,0.0,7.760918E-4,0.0013430747,0.0,0.0,0.0,0.020443462,0.0,42.135994,0.0040619327,0.031522088,-18.311218,-18.96672,-19.544538,-20.023468,-21.395622,99.0,99.0,99.0,99.0,99.0,-18.249079,-18.915773,-19.503344,-19.993462,-21.386805,2.3153949,496
1000038000147,1000038000163,1000038000146,1000038000096,36000100000207,36000100000205,1000038000000,1000038000148,-1,1,36,1.5036365,209.22565,6282,16.080256,33.131332,21.236677,86278,1,3,2,-262.1641,-214.19302,221.02327,30,2.581971,0.028748931,62.149094,79.419136,0.053277116,0.16536008,0.0,0.0,0.0,0.0,7.9031615E-4,0.0013391533,0.0,0.0,0.0,0.03957751,0.0,42.135994,0.0040619327,0.031522088,-18.566776,-19.174168,-19.722685,-20.183256,-21.535597,99.0,99.0,99.0,99.0,99.0,-18.503492,-19.121912,-19.680351,-20.152422,-21.52656,2.0106182,108
1000038000148,1000038000163,1000038000147,1000038000097,34000100000209,34000100000208,1000038000000,1000038000149,-1,1,34,1.766336,165.93462,6283,16.341944,33.61092,21.044027,86292,1,3,2,-64.041504,-406.4465,126.39332,47,4.045088,0.030649167,75.33983,87.36546,0.060103994,0.16440399,0.0,0.0,0.0,0.0,8.382913E-4,0.0013254251,0.0,0.0,0.0,0.25335672,0.0,42.135994,0.0027563518,0.031522088,-19.270279,-19.66794,-20.092485,-20.478596,-21.704659,99.0,99.0,99.0,99.0,99.0,-19.082792,-19.518246,-19.97185,-20.389627,-21.676722,1.4398223,310
1000038000149,1000038000163,1000038000148,1000038000098,33000100001543,33000100001543,1000038000000,1000038000150,-1,0,33,1.9126327,6.024597,6283,16.360817,33.828415,20.987,86292,1,3,2,-28.81888,-327.0312,136.40022,62,6.024597,0.03344272,88.02037,93.59081,0.08054274,0.16154157,0.0,0.060769286,0.5510558,0.0,9.505058E-4,0.0012888806,0.0,1.322121E-4,0.0014597412,2.262229,0.0,42.135994,0.0010509125,0.031522088,-20.050468,-20.279503,-20.614014,-20.939837,-22.045399,99.0,99.0,99.0,99.0,99.0,-19.010536,-19.404146,-19.887592,-20.391718,-21.870968,1.1911343,315
1000038000150,1000038000163,1000038000149,1000038000099,32000100000769,32000100000768,1000038000000,1000038000151,-1,1,32,2.0700274,8.434436,6283,16.362669,33.9981,20.902992,86292,1,3,2,-2.1322317,-295.0822,147.47418,52,4.475416,0.028888233,81.625565,102.88698,0.1387672,0.13719562,0.0,0.0,0.0,0.0,0.0015357753,0.0010141963,0.0,0.0,0.0,2.4310584,0.0,0.0,0.001934759,0.031077437,-19.938736,-20.16063,-20.487791,-20.8121,-21.900038,99.0,99.0,99.0,99.0,99.0,-19.291885,-19.622406,-20.040018,-20.46919,-21.778782,1.1202084,451
1000038000151,1000038000163,1000038000150,1000038000100,31000100000790,31000100000790,1000038000000,1000038000152,-1,0,31,2.2394855,6.4549255,6283,16.370504,34.167538,20.80961,86292,1,3,2,6.912408,-291.7984,148.58252,92,6.4549255,0.031077437,94.51331,99.472664,0.31618664,0.11234818,0.0,0.0,0.64633626,0.0,0.0016083273,8.2734437E-4,0.0,0.0,0.0028996086,1.6281908,0.0,0.0,0.0041078636,0.031077437,-19.798527,-19.99738,-20.308388,-20.615692,-21.695759,99.0,99.0,99.0,99.0,99.0,-19.676418,-19.904715,-20.237633,-20.56566,-21.682348,1.0908599,994
1000038000152,1000038000163,1000038000151,1000038000101,30000100000947,30000100000947,1000038000000,1000038000153,-1,0,30,2.422044,5.3360715,6283,16.34455,34.315346,20.712666,86294,1,3,2,13.573356,-270.08893,169.79022,76,5.3360715,0.027724927,90.97993,98.3395,0.08705131,0.096591085,0.0,0.001400713,0.58659345,0.0,0.0010082083,7.632133E-4,0.0,6.699234E-6,0.0027278387,1.5848216,0.0,38.592167,0.001255968,0.0018295542,-19.54309,-19.738356,-20.052496,-20.36005,-21.438522,99.0,99.0,99.0,99.0,99.0,-18.50071,-18.89417,-19.366787,-19.845854,-21.269304,1.0205408,942
1000038000153,1000038000163,1000038000152,1000038000102,29000100000782,29000100000782,1000038000000,1000038000154,-1,0,29,2.6188614,4.0450864,6283,16.331081,34.458046,20.634092,86294,1,3,2,25.756954,-250.68399,177.55862,71,4.0450864,0.02399119,85.15457,89.6292,0.14603315,0.08210967,0.0,0.0047197198,0.41769627,0.0,0.0013070715,5.944409E-4,0.0,2.1576125E-5,0.00182069,0.114021875,0.0,41.05508,0.0072431094,0.014055123,-18.794523,-19.153667,-19.549345,-19.913376,-21.095074,99.0,99.0,99.0,99.0,99.0,-18.765358,-19.130514,-19.530954,-19.900135,-21.091265,0.95828366,379
1000038000154,1000038000163,1000038000153,1000038000103,28000100001108,28000100001108,1000038000000,1000038000155,-1,0,28,2.8311827,5.0778747,6283,16.33253,34.604404,20.530201,86294,1,3,2,16.480465,-235.70827,180.07074,60,5.0778747,0.024522807,94.36824,89.23065,0.15133603,0.08112874,0.0,0.0,0.5186985,0.0,0.0013097278,5.8581604E-4,0.0,6.7762636E-21,0.002254728,1.1158165,0.0,0.0,0.0024605254,0.024522807,-19.49371,-19.683132,-19.988834,-20.297335,-21.410412,99.0,99.0,99.0,99.0,99.0,-19.158867,-19.434347,-19.80029,-20.165964,-21.374786,0.76183313,306
1000038000155,1000038000163,1000038000154,1000038000104,27000100001248,27000100001248,1000038000000,1000038000156,-1,0,27,3.060419,4.905743,6283,16.317398,34.728165,20.397663,86290,1,3,2,16.766014,-225.20016,183.7693,61,4.905743,0.022935996,95.90993,94.01278,0.15709247,0.072114296,0.0,0.042107362,0.46246997,0.0,0.0010955376,5.122755E-4,0.0,1.3572189E-4,0.0019322941,0.40201995,0.0,42.26092,0.0036599955,0.018934717,-19.355806,-19.558773,-19.859138,-20.159855,-21.209148,99.0,99.0,99.0,99.0,99.0,-19.22448,-19.463333,-19.787819,-20.110678,-21.196182,0.65029866,667
1000038000156,1000038000163,1000038000155,1000038000105,26000100001380,26000100001380,1000038000000,1000038000157,-1,0,26,3.3080978,4.217218,6283,16.287426,34.87258,20.308252,86290,1,3,2,7.1498113,-210.37009,180.30774,53,4.217218,0.020602696,93.825516,95.43007,0.044467814,0.06907233,0.0,0.0010357081,0.5376504,0.0,6.9840666E-4,4.9079576E-4,0.0,7.40395E-6,0.0023191192,3.4530497,0.0,39.393055,7.970477E-4,0.0024528438,-19.835888,-19.957441,-20.212467,-20.494907,-21.497572,99.0,99.0,99.0,99.0,99.0,-18.457771,-18.790972,-19.241306,-19.761812,-21.268354,0.49476624,444
1000038000157,1000038000163,1000038000156,1000038000106,25000100001222,25000100001222,1000038000000,1000038000158,-1,0,25,3.575905,4.3032837,6283,16.302336,34.977055,20.19417,86290,1,3,2,9.592905,-195.30159,167.35498,53,4.3032837,0.019567091,97.25385,101.53404,0.2178248,0.04466203,0.0,0.039664004,0.35298136,0.0,9.3876285E-4,2.8947636E-4,0.0,5.4898486E-5,9.5019914E-4,1.5680584,0.0,42.158253,0.002221015,0.012254878,-19.724804,-19.799791,-20.008488,-20.220852,-21.079414,99.0,99.0,99.0,99.0,99.0,-19.330988,-19.495037,-19.77575,-20.052631,-21.036448,0.53494227,103
1000038000158,1000038000163,1000038000157,1000038000107,24000100001630,24000100001630,1000038000000,1000038000159,-1,0,24,3.8656828,2.4098387,6283,16.32442,35.070454,20.097107,86290,1,3,2,7.7657223,-193.9978,169.08258,36,2.4098387,0.015193697,82.590904,84.130745,0.082878865,0.03433175,0.0,0.0064769355,0.22367127,0.0,4.796235E-4,2.4729082E-4,0.0,2.210238E-5,9.406218E-4,0.14984442,0.0,41.365746,0.0029482117,0.013866136,-18.486668,-18.695992,-18.989418,-19.281904,-20.322441,99.0,99.0,99.0,99.0,99.0,-18.418545,-18.645302,-18.950937,-19.255072,-20.31533,0.51975703,802
1000038000159,1000038000163,1000038000158,1000038000108,23000100001147,23000100001147,1000038000000,1000038000160,-1,0,23,4.1794686,2.1516418,6278,16.340206,35.220516,20.001091,86400,1,3,2,-2.2271428,-182.59943,158.78383,46,2.1516418,0.013764029,81.99402,84.33998,0.019113077,0.033413988,0.0,0.0023572154,0.2674568,0.0,2.3633982E-4,2.4195606E-4,0.0,1.19278475E-5,0.0011511118,0.24007154,0.0,41.071472,7.787845E-4,0.011239462,-18.650864,-18.829247,-19.105663,-19.396793,-20.427341,99.0,99.0,99.0,99.0,99.0,-18.189198,-18.45116,-18.799591,-19.173223,-20.361406,0.3857665,449
1000038000160,1000038000163,1000038000159,1000038000109,22000100001521,22000100001521,1000038000000,1000038000161,-1,0,22,4.5195556,2.3237731,6278,16.340218,35.27993,19.908716,86400,1,3,2,-3.4616086,-168.36552,166.0434,28,2.3237731,0.013267843,86.7894,85.66335,0.012240961,0.032050002,0.0,0.0019453951,0.3138138,0.0,1.5885913E-4,2.2680654E-4,0.0,1.0379221E-5,0.0012489713,0.45255613,0.0,0.0,3.6041607E-4,0.013267843,-19.008512,-19.134474,-19.38804,-19.668121,-20.663399,99.0,99.0,99.0,99.0,99.0,-17.622835,-17.96016,-18.402645,-18.915514,-20.410074,0.2630315,212
1000038000161,1000038000163,1000038000160,1000038000110,21000100001058,21000100001058,1000038000000,1000038000162,-1,0,21,4.888449,2.4098387,6278,16.319002,35.400303,19.825716,86400,1,3,2,-4.0980806,-164.71909,165.91673,36,2.4098387,0.0126013355,90.68922,94.74515,0.004500392,0.029670183,0.0,0.004524896,0.35470575,0.0,7.780724E-5,1.9938884E-4,0.0,2.896875E-5,0.0012373719,2.253722,0.0,41.235737,1.5711825E-4,0.008223869,-19.296759,-19.390926,-19.62977,-19.908272,-20.85621,99.0,99.0,99.0,99.0,99.0,-16.832457,-17.150152,-17.619423,-18.234669,-20.170021,0.15298942,106
1000038000162,1000038000163,1000038000161,1000038000111,20000100001205,20000100001205,1000038000000,1000038000163,-1,0,20,5.2888336,2.5819702,6278,16.340563,35.480244,19.722126,86400,1,3,2,2.2854218,-161.01723,150.14342,27,2.5819702,0.01208401,95.86058,109.69463,0.06839067,0.018727178,0.0,0.0056733377,0.32045567,0.0,5.099199E-4,6.472703E-5,0.0,1.2734789E-5,3.9825932E-4,3.5685325,0.0,41.06363,7.11135E-4,0.004840535,-19.555456,-19.571207,-19.755249,-19.94869,-20.758701,99.0,99.0,99.0,99.0,99.0,-18.384151,-18.574553,-18.913227,-19.293066,-20.504873,0.073469095,147
1000038000163,1000038000163,1000038000162,1000038000112,19000100000957,19000100000957,1000038000000,-1,-1,0,19,5.7238646,1.8073791,6278,16.34342,35.564667,19.659048,86400,1,3,2,-6.0010357,-146.74051,143.7016,27,1.8073791,0.01004251,87.977875,91.04775,0.15870152,0.002758591,0.0,0.060526766,0.06711031,0.0,1.3620908E-4,1.0270963E-6,0.0,4.7564345E-6,3.1963893E-6,0.6704675,0.0,42.72203,0.0021087958,0.009304192,-17.93159,-17.742851,-17.747923,-17.720194,-17.806768,99.0,99.0,99.0,99.0,99.0,-17.888937,-17.708858,-17.720654,-17.69976,-17.799314,0.020131221,534
