galaxyID,lastProgenitorId,descendantId,haloID,subHaloID,fofID,treeId,firstProgenitorId,nextProgenitorId,type,snapnum,redshift,centralMvir,phkey,x,y,z,zIndex,ix,iy,iz,velX,velY,velZ,np,mvir,rvir,vvir,vmax,coldGas,stellarMass,bulgeMass,hotGas,ejectedMass,blackHoleMass,metalsColdGas,metalsStellarMass,metalsBulgeMass,metalsHotGas,metalsEjectedMass,sfr,sfrBulge,xrayLum,diskRadius,coolingRadius,mag_b,mag_v,mag_r,mag_i,mag_k,mag_bBulge,mag_vBulge,mag_rBulge,mag_iBulge,mag_kBulge,mag_bDust,mag_vDust,mag_rDust,mag_iDust,mag_kDust,massWeightedAge,random
2000036000000,2000036000158,-1,2000036000000,63000200000386,63000200000386,2000036000000,2000036000001,-1,0,63,0.0,598.15643,9629,35.47388,55.228344,26.060596,126048,3,6,2,-177.36917,108.40118,357.04214,10151,598.15643,0.29520115,295.20135,314.99704,0.274929,3.2213018,0.9667686,77.06708,5.490623E-4,0.0069854236,0.008115667,0.03108323,0.007920115,0.83871645,2.082474E-6,0.0,0.0,0.0,0.038814265,0.06556096,-19.680668,-20.553326,-21.273838,-21.884394,-23.388771,-18.350773,-19.205017,-19.917059,-20.51293,-21.970835,-19.659046,-20.535349,-21.25923,-21.873697,-23.385586,10.394483,144
2000036000001,2000036000158,2000036000000,2000036000001,62000200000384,62000200000384,2000036000000,2000036000002,-1,0,62,0.019932542,604.4392,9629,35.497105,55.21237,26.008673,126048,3,6,2,-162.53598,103.567215,350.09308,9828,604.4392,0.29474047,296.97946,291.55234,0.274929,3.2213018,0.9667686,77.50081,6.0593156E-4,0.006969039,0.008115667,0.03108323,0.007920115,0.8363482,2.298167E-6,0.0,0.0,0.0,0.03952039,0.06464554,-19.707745,-20.577934,-21.296759,-21.905563,-23.407522,-18.375002,-19.22769,-19.938595,-20.533247,-21.98932,-19.68686,-20.560575,-21.282658,-21.895243,-23.40445,10.131048,688
2000036000002,2000036000158,2000036000001,2000036000002,61000200000347,61000200000347,2000036000000,2000036000003,-1,0,61,0.041403063,621.5663,9629,35.516834,55.193043,25.9471,126048,3,6,2,-157.28546,100.11303,346.99484,9632,621.5663,0.29584607,300.59433,292.88452,0.274929,3.2213018,0.9667686,80.77906,6.7234295E-4,0.006951175,0.008115667,0.03108323,0.007920115,0.82978475,2.5500503E-6,0.0,0.0,0.0,0.037019014,0.06347252,-19.73679,-20.604284,-21.321268,-21.928204,-23.427744,-18.400913,-19.251793,-19.961386,-20.554644,-22.008598,-19.712986,-20.584505,-21.3052,-21.916441,-23.424242,9.855186,501
2000036000003,2000036000158,2000036000002,2000036000003,60000200000380,60000200000380,2000036000000,2000036000004,-1,0,60,0.064493395,623.5458,9629,35.540054,55.147293,25.873636,126048,3,6,2,-152.66367,88.49118,341.51184,9714,623.5458,0.29434612,301.83875,296.76678,0.274929,3.2213018,0.9667686,87.788155,7.501089E-4,0.0069306064,0.008115667,0.03108323,0.007920115,0.7692275,2.845E-6,0.0,0.0,0.0,0.04019661,0.06246189,-19.767784,-20.632273,-21.347187,-21.95207,-23.44899,-18.428495,-19.2773,-19.98539,-20.577087,-22.028782,-19.747538,-20.615461,-21.333536,-21.942081,-23.446016,9.567337,26
2000036000004,2000036000158,2000036000003,2000036000004,59000200000401,59000200000401,2000036000000,2000036000005,-1,0,59,0.08928783,594.62775,9629,35.58162,55.09988,25.784813,126048,3,6,2,-153.4928,80.35355,343.79224,9337,594.62775,0.28776965,298.10553,280.37064,0.274929,3.2213018,0.9667686,78.33585,8.4142404E-4,0.006910397,0.008115667,0.03108323,0.007920115,0.7684581,3.191339E-6,0.0,0.0,0.0,0.040612664,0.06268358,-19.800907,-20.662075,-21.374687,-21.977348,-23.47156,-18.457819,-19.304287,-20.01069,-20.60068,-22.050045,-19.781042,-20.645586,-21.361303,-21.967556,-23.468647,9.268021,76
2000036000005,2000036000158,2000036000004,2000036000005,58000200000399,58000200000399,2000036000000,2000036000006,-1,0,58,0.11588337,627.67694,9629,35.62738,55.071693,25.701773,126048,3,6,2,-146.49564,59.170387,335.33478,9004,627.67694,0.2908308,304.6617,285.7237,0.274929,3.2213018,0.9667686,83.41112,9.489938E-4,0.0068893274,0.008115667,0.03108323,0.007920115,0.766136,3.5993278E-6,0.0,0.0,0.0,0.036508545,0.06069264,-19.836569,-20.694195,-21.40438,-22.00486,-23.496872,-18.488813,-19.332693,-20.037222,-20.625345,-22.072245,-19.81199,-20.673794,-21.38782,-21.992743,-23.493263,8.957766,850
2000036000006,2000036000158,2000036000005,2000036000006,57000200000411,57000200000411,2000036000000,2000036000007,-1,0,57,0.14438343,658.31635,9629,35.662945,55.059326,25.612356,126048,3,6,2,-140.39984,42.27777,331.49805,8640,658.31635,0.2930774,310.81082,298.59564,0.274929,3.2213018,0.9667686,89.313446,0.0010761333,0.0068657356,0.008115667,0.03108323,0.007920115,0.76342714,4.0815407E-6,0.0,0.0,0.0,0.034278512,0.0590558,-19.874601,-20.7283,-21.435751,-22.033747,-23.52305,-18.521477,-19.362486,-20.064938,-20.651049,-22.095343,-19.846703,-20.705147,-21.416956,-22.019993,-23.518953,8.6371765,20
2000036000007,2000036000158,2000036000006,2000036000007,56000200000398,56000200000398,2000036000000,2000036000008,-1,0,56,0.17489761,669.0745,9629,35.68457,55.08068,25.519775,126048,3,6,2,-137.11569,37.686314,324.701,8648,669.0745,0.29202536,313.90405,321.9012,0.274929,3.2213018,0.9667686,91.023605,0.0012269138,0.0068401126,0.008115667,0.03108323,0.007920115,0.7623985,4.6534183E-6,0.0,0.0,0.0,0.03532925,0.058139276,-19.916739,-20.76625,-21.470877,-22.066536,-23.55369,-18.555939,-19.393774,-20.093931,-20.67791,-22.119642,-19.89038,-20.744389,-21.453135,-22.053556,-23.549826,8.3069515,781
2000036000008,2000036000158,2000036000007,2000036000008,55000200000395,55000200000395,2000036000000,2000036000009,-1,0,55,0.20754863,672.34503,9629,35.75953,55.05364,25.399223,126048,4,6,2,-139.93416,47.21018,319.40408,8635,672.34503,0.28962547,315.97134,320.8203,0.274929,3.2213018,0.9667686,96.22686,0.0014063844,0.006812054,0.008115667,0.03108323,0.007920115,0.75607574,5.334111E-6,0.0,0.0,0.0,0.028200705,0.05785742,-19.962482,-20.80779,-21.509672,-22.103281,-23.589235,-18.59255,-19.426966,-20.124647,-20.706396,-22.145626,-19.921225,-20.773546,-21.481857,-22.082912,-23.583155,7.9677944,277
2000036000009,2000036000158,2000036000008,2000036000009,54000200000396,54000200000396,2000036000000,2000036000010,-1,0,54,0.24246909,663.6524,9630,35.760582,55.117096,25.343147,126020,4,6,2,-155.52693,42.84744,306.94006,8025,663.6524,0.28526562,316.31195,284.76065,0.274929,3.2213018,0.9667686,90.19503,0.0016208068,0.006783007,0.008115667,0.03108323,0.007920115,0.7555621,6.147368E-6,0.0,0.0,0.0,0.028744003,0.05691285,-20.01261,-20.853426,-21.55229,-22.143457,-23.62815,-18.632162,-19.462986,-20.158134,-20.737577,-22.17449,-19.97272,-20.820332,-21.525417,-22.123781,-23.622278,7.620502,396
2000036000010,2000036000158,2000036000009,2000036000010,53000200000356,53000200000356,2000036000000,2000036000011,-1,0,53,0.2798018,632.8409,9630,35.816017,55.107655,25.235786,126020,4,6,2,-165.83325,57.500233,301.29764,7419,632.8409,0.27747026,313.19083,272.20703,0.274929,3.2213018,0.9667686,85.19681,0.0018779683,0.0067545203,0.008115667,0.03108323,0.007920115,0.7542833,7.1227264E-6,0.0,0.0,0.0,0.029203216,0.057259724,-20.06732,-20.902742,-21.597761,-22.185461,-23.667517,-18.673784,-19.500612,-20.192986,-20.769901,-22.204332,-20.028471,-20.870533,-21.57162,-22.16633,-23.661808,7.2659345,682
2000036000011,2000036000158,2000036000010,2000036000011,52000200000329,52000200000329,2000036000000,2000036000012,-1,0,52,0.31970343,557.36127,9630,35.869576,55.079414,25.133602,126020,4,6,2,-170.02254,55.556,291.581,7586,557.36127,0.2625407,302.16214,265.96155,0.274929,3.2213018,0.9667686,72.23574,0.0021876104,0.0067280843,0.008115667,0.03108323,0.007920115,0.75348914,8.297131E-6,0.0,0.0,0.0,0.037962914,0.059333783,-20.127682,-20.956467,-21.646479,-22.229153,-23.706053,-18.717674,-19.540272,-20.229698,-20.804008,-22.236174,-20.104412,-20.937214,-21.63088,-22.21776,-23.702665,6.9050074,986
2000036000012,2000036000158,2000036000011,2000036000012,51000200000294,51000200000294,2000036000000,2000036000013,-1,0,51,0.36234027,392.02914,9630,35.944244,55.04317,25.024168,126020,4,6,2,-182.00912,50.348396,284.65726,7099,392.02914,0.23019952,270.6306,264.15884,0.274929,3.2213018,0.9667686,44.00224,0.0025619124,0.0067081344,0.008115667,0.03108323,0.007920115,0.7491566,9.716778E-6,0.0,0.0,0.0,0.041565854,0.071677834,-20.199587,-21.019209,-21.702642,-22.27899,-23.751501,-18.765701,-19.58421,-20.270857,-20.842915,-22.273943,-20.179987,-21.003027,-21.689552,-22.269445,-23.748667,6.538735,899
2000036000013,2000036000158,2000036000012,2000036000013,50000200000302,50000200000302,2000036000000,2000036000014,-1,0,50,0.40789944,366.46762,9630,36.028694,54.994957,24.913288,126020,4,6,2,-194.19113,41.213356,283.09183,6502,366.46762,0.22163296,266.66782,267.16284,0.274929,3.2213018,0.9667686,39.68654,0.003016261,0.0066910535,0.008115667,0.03108323,0.007920115,0.74440897,1.1440022E-5,0.0,0.0,0.0,0.040549472,0.07354066,-20.283054,-21.082485,-21.754875,-22.323753,-23.789131,-18.817064,-19.631365,-20.315166,-20.884949,-22.315287,-20.262249,-21.065393,-21.741087,-22.313717,-23.78616,6.1681347,437
2000036000014,2000036000158,2000036000013,2000036000014,49000200000305,49000200000305,2000036000000,2000036000015,-1,0,49,0.45657724,359.15204,9630,36.115543,54.94937,24.777994,126020,4,6,2,-246.73619,70.6038,335.81973,2154,359.15204,0.21647762,267.11768,270.79166,0.274929,3.2213018,0.9667686,41.96562,0.0035700214,0.0066727023,0.008115667,0.03108323,0.007920115,0.73854214,1.3540316E-5,2.1421769,3.025875E-6,0.0,0.010874301,0.07367637,-20.428413,-21.180357,-21.83142,-22.388649,-23.841253,-18.870485,-19.680004,-20.360262,-20.92686,-22.355282,-20.158697,-20.958073,-21.65032,-22.25475,-23.800331,5.79434,634
2000036000015,2000036000118,2000036000014,2000036000015,48000200000319,48000200000319,2000036000000,2000036000016,2000036000119,0,48,0.5085914,373.0086,9630,36.225494,54.932426,24.631815,126021,4,6,2,-269.98862,-1.6922907,323.07892,4410,373.0086,0.21525879,272.9914,264.99103,0.47179422,2.8841817,0.6631493,41.30846,0.0042477874,0.0058620605,0.012116322,0.027740007,0.0054429052,0.7291988,1.6110942E-5,0.0,0.0,0.0,0.011921151,0.06865948,-20.233423,-21.03943,-21.711946,-22.278301,-23.737993,-18.502048,-19.306828,-19.983305,-20.545889,-21.969612,-19.93422,-20.788008,-21.505333,-22.124998,-23.691183,5.3898377,975
2000036000016,2000036000118,2000036000015,2000036000016,47000200000320,47000200000320,2000036000000,2000036000017,-1,0,47,0.5641766,450.63986,9630,36.360638,54.940926,24.448637,126021,4,6,2,-280.4929,-45.89564,329.5014,4499,450.63986,0.22476734,293.642,262.60968,0.47179422,2.8841817,0.6631493,53.194443,0.005080832,0.005838973,0.012116322,0.027740007,0.0054429052,0.7027842,1.9270507E-5,0.0,0.0,0.0,0.010854186,0.058494322,-20.3187,-21.118225,-21.786297,-22.348667,-23.807383,-18.559296,-19.358307,-20.03021,-20.588259,-22.008192,-19.963036,-20.818272,-21.538952,-22.164402,-23.75069,5.013163,749
2000036000017,2000036000118,2000036000016,2000036000017,46000200000289,46000200000289,2000036000000,2000036000018,-1,0,46,0.6235901,429.63983,9630,36.50466,54.977882,24.271803,126017,4,6,2,-227.58568,-101.627495,281.94763,6276,429.63983,0.21653447,292.1183,264.7864,0.47179422,2.8841817,0.6631493,53.684998,0.006109135,0.005814481,0.012116322,0.027740007,0.0054429052,0.689531,2.317064E-5,0.0,0.0,0.0,0.021674259,0.059075247,-20.420649,-21.21177,-21.873411,-22.428993,-23.8815,-18.616184,-19.407917,-20.07409,-20.626589,-22.041006,-20.32146,-21.129574,-21.80667,-22.380161,-23.866968,4.636872,811
2000036000018,2000036000118,2000036000017,2000036000018,45000200000297,45000200000297,2000036000000,2000036000019,-1,0,45,0.6871088,395.1275,9630,36.65672,55.04026,24.13104,126017,4,6,2,-303.815,-113.6467,293.8421,3851,395.1275,0.20576686,287.37625,271.80652,0.47179422,2.8841817,0.6631493,48.052994,0.007383903,0.0057868185,0.012116322,0.027740007,0.0054429052,0.5657683,2.8005557E-5,0.0,0.0,0.0,0.010431794,0.056709815,-20.535295,-21.311995,-21.963264,-22.508661,-23.954565,-18.679045,-19.464354,-20.125408,-20.673124,-22.083977,-20.144705,-20.982908,-21.691946,-22.306593,-23.892332,4.2622285,97
2000036000019,2000036000118,2000036000018,2000036000019,44000200000308,44000200000308,2000036000000,2000036000020,-1,0,44,0.75503564,300.8856,9630,36.79541,55.116962,23.999504,126017,4,6,2,-307.8638,-126.279144,263.50742,3367,300.8856,0.18329094,265.70526,264.2037,0.47179422,2.8841817,0.6631493,40.094467,0.008971077,0.0057623475,0.012116322,0.027740007,0.0054429052,0.27827698,3.402537E-5,0.0,0.0,0.0,0.011717123,0.054291893,-20.677492,-21.43121,-22.067295,-22.59905,-24.031006,-18.744703,-19.522879,-20.177937,-20.719425,-22.123825,-20.35345,-21.160566,-21.84564,-22.435133,-23.981123,3.890484,436
2000036000020,2000036000118,2000036000019,2000036000020,43000200000280,43000200000280,2000036000000,2000036000021,-1,0,43,0.8276991,256.30356,9630,36.94773,55.21444,23.90303,126017,4,6,2,-296.4107,-138.5339,253.62999,3209,256.30356,0.16918102,255.25336,254.28691,0.47179422,2.8841817,0.6631493,32.317547,0.010955827,0.0057460554,0.012116322,0.027740007,0.0054429052,0.26415405,4.1553103E-5,0.0,0.0,0.0,0.014160383,0.05872449,-20.866076,-21.57735,-22.190216,-22.706488,-24.126143,-18.814224,-19.584467,-20.233435,-20.76936,-22.169188,-20.631386,-21.383682,-22.032938,-22.59112,-24.091507,3.5228884,375
2000036000021,2000036000118,2000036000020,2000036000021,42000200000300,42000200000300,2000036000000,2000036000022,-1,0,42,0.9054624,247.26668,9630,37.09471,55.27564,23.788496,126017,4,6,2,-288.31876,-130.11845,239.3143,2892,247.26668,0.16247086,255.83798,254.42346,0.47179422,2.8841817,0.6631493,29.503916,0.013448807,0.005730441,0.012116322,0.027740007,0.0054429052,0.2491863,5.1008443E-5,4.271569,0.0020336404,0.0,0.013529653,0.05653886,-21.189732,-21.806875,-22.377192,-22.867752,-24.26393,-18.902214,-19.666498,-20.311008,-20.843128,-22.240492,-20.924286,-21.590258,-22.202148,-22.739697,-24.225573,3.1606388,999
2000036000022,2000036000097,2000036000021,2000036000022,41000200000321,41000200000321,2000036000000,2000036000023,2000036000098,0,41,0.98870814,247.78307,9625,37.250813,55.323154,23.675953,126024,4,6,2,-275.0488,-117.02453,233.73831,2628,247.78307,0.15771642,259.93652,262.90094,0.8863004,2.5216663,0.36382526,36.609024,0.01659368,0.0045210924,0.018873947,0.024029292,0.0031236054,0.14917447,6.293627E-5,1.6945269,0.0,0.0,0.013724044,0.04824133,-21.20142,-21.818354,-22.38873,-22.876015,-24.276083,-18.156965,-18.923061,-19.568438,-20.102007,-21.499144,-20.801657,-21.492863,-22.123068,-22.6785,-24.213577,2.804585,505
2000036000023,2000036000097,2000036000022,2000036000023,40000200000272,40000200000272,2000036000000,2000036000024,-1,0,40,1.0778745,228.1601,9625,37.40442,55.35043,23.535149,126024,4,6,2,-256.58084,-105.26838,229.39523,2526,228.1601,0.14855887,257.00436,262.52386,1.0615485,2.4971228,0.36382526,33.10486,0.020579126,0.0045041842,0.021198751,0.023524225,0.0031236054,0.14535187,7.8052224E-5,2.7776024,0.0,0.0,0.014220815,0.048427995,-21.483538,-22.036972,-22.570608,-23.033773,-24.40052,-18.231756,-18.993137,-19.635752,-20.168587,-21.570517,-21.107792,-21.728153,-22.319582,-22.849218,-24.344818,2.4821825,21
2000036000024,2000036000097,2000036000023,2000036000024,39000200000303,39000200000303,2000036000000,2000036000025,-1,0,39,1.173417,205.61089,9318,37.526646,55.36652,23.400139,124268,4,6,2,-236.96541,-92.06142,226.43736,2269,205.61089,0.13866322,252.52965,254.88469,1.3416435,2.4578962,0.36382526,29.00135,0.025651867,0.0044882055,0.024486246,0.022777615,0.0031236054,0.13995086,9.729204E-5,4.786209,0.0,0.0,0.014274941,0.04917152,-21.78478,-22.252428,-22.73603,-23.168276,-24.490108,-18.325676,-19.084845,-19.726295,-20.259031,-21.666082,-21.299877,-21.8576,-22.414991,-22.93066,-24.416327,2.1794286,323
2000036000025,2000036000097,2000036000024,2000036000025,38000200000344,38000200000344,2000036000000,2000036000026,-1,0,38,1.2758462,180.4797,9318,37.644855,55.38668,23.268873,124268,4,6,2,-199.57263,-64.138885,206.22661,1919,180.4797,0.12804888,246.20465,243.97812,1.8106253,2.3922155,0.36382526,24.77099,0.032137785,0.0044722147,0.02906638,0.021658309,0.0031236054,0.13060392,1.21891724E-4,8.079451,0.0,0.0,0.014181813,0.05049402,-22.14423,-22.509043,-22.930988,-23.327621,-24.59448,-18.428371,-19.18256,-19.820148,-20.34932,-21.755297,-21.648842,-22.105026,-22.603357,-23.085941,-24.52031,1.904538,87
2000036000026,2000036000097,2000036000025,2000036000026,37000200000229,37000200000229,2000036000000,2000036000027,-1,0,37,1.3857181,145.96738,9318,37.73788,55.410618,23.144518,124268,4,6,2,-196.26517,-86.135216,196.6836,1965,145.96738,0.11484227,233.80133,243.56285,2.5772371,2.284852,0.36382526,17.833666,0.040468145,0.0044483165,0.03470885,0.020088725,0.0031236054,0.11898161,1.5348702E-4,35.759216,6.1915637E-7,0.0,0.009356771,0.05510635,-22.812029,-23.024763,-23.3616,-23.69931,-24.842358,-18.544035,-19.292551,-19.92513,-20.448675,-21.852087,-21.645878,-22.044443,-22.537258,-23.057587,-24.599497,1.6665348,879
2000036000027,2000036000076,2000036000026,2000036000027,36000200000266,36000200000266,2000036000000,2000036000028,2000036000077,0,36,1.5036365,152.16411,9318,37.830193,55.44477,23.048447,124268,4,6,2,-183.69461,-84.46501,189.69205,1946,152.16411,0.1118773,241.85501,248.18196,3.2851958,1.5783808,0.11591607,18.915766,0.051215857,0.0021993401,0.033109687,0.012899457,7.162792E-4,0.08719861,1.9425081E-4,15.546938,0.0,44.736504,0.013090151,0.04526149,-22.221506,-22.493494,-22.863407,-23.215345,-24.38526,-17.410442,-18.130098,-18.744604,-19.243685,-20.579878,-21.63346,-22.01327,-22.47302,-22.925203,-24.294296,1.5764673,723
2000036000028,2000036000076,2000036000027,2000036000028,35000200000256,35000200000256,2000036000000,2000036000029,-1,0,35,1.6302707,152.07803,9318,37.954487,55.485626,22.995445,124268,4,6,2,-172.75517,-81.620705,184.2,1772,152.07803,0.107266314,246.92868,251.26183,3.2092376,1.3866227,0.11591607,19.911348,0.06514647,0.002190919,0.030441184,0.011061558,7.162792E-4,0.06527248,2.470866E-4,11.808655,0.0,44.708687,0.015840197,0.039234485,-22.027996,-22.325617,-22.70799,-23.065382,-24.248966,-17.526535,-18.238533,-18.845747,-19.335716,-20.662378,-21.683786,-22.04655,-22.483063,-22.900106,-24.198881,1.4776429,67
2000036000029,2000036000076,2000036000028,2000036000029,34000200000217,34000200000217,2000036000000,2000036000030,-1,0,34,1.766336,150.27066,9318,38.07256,55.524403,22.851757,124268,4,6,2,-172.1252,-86.35675,187.43045,1606,150.27066,0.10226666,251.38539,256.43683,3.1214752,1.2470039,0.11591607,19.78484,0.08328392,0.0021827135,0.029047731,0.009764203,7.162792E-4,0.059644677,3.1587805E-4,10.512799,0.0,44.733616,0.016834803,0.03608293,-21.945305,-22.251637,-22.634651,-22.989035,-24.160692,-17.637297,-18.335463,-18.933163,-19.414904,-20.73066,-21.601715,-21.975708,-22.4128,-22.825264,-24.110277,1.3431274,52
2000036000030,2000036000076,2000036000029,2000036000030,33000200000209,33000200000209,2000036000000,2000036000031,-1,0,33,1.9126327,121.26653,9318,38.12267,55.580376,22.832993,124269,4,6,2,-172.53458,-98.928795,170.23843,1395,121.26653,0.09097161,239.43492,216.93266,3.048819,1.1282299,0.11591607,15.764256,0.10700839,0.0021749143,0.02780399,0.008673379,7.162792E-4,0.050652698,4.0585993E-4,6.1553025,0.0,44.7625,0.021569766,0.038193136,-21.773373,-22.098137,-22.482206,-22.835077,-24.002438,-17.747211,-18.424198,-19.00914,-19.481754,-20.785145,-21.607681,-21.96364,-22.374147,-22.756397,-23.979279,1.1988139,89
2000036000031,2000036000076,2000036000030,2000036000031,32000200000185,32000200000185,2000036000000,2000036000032,-1,0,32,2.0700274,97.94273,9318,38.225285,55.557457,22.566843,124269,4,6,2,-133.96928,-67.35512,165.43259,1236,97.94273,0.08080419,228.31746,213.66377,2.5075862,1.0619869,0.11591607,11.506715,0.13818352,0.0021690566,0.025195312,0.008043377,7.162792E-4,0.049533237,5.2410056E-4,10.936529,0.0,44.761185,0.012204081,0.04114417,-22.06615,-22.316065,-22.654743,-22.978706,-24.092505,-17.867258,-18.523878,-19.09666,-19.560375,-20.853056,-21.530415,-21.882341,-22.30503,-22.720917,-24.014568,1.0072999,290
2000036000032,2000036000076,2000036000031,2000036000032,31000200000166,31000200000166,2000036000000,2000036000033,-1,0,31,2.2394855,70.83205,9318,38.278984,55.574326,22.478912,124269,4,6,2,-128.1023,-61.58266,148.32863,928,70.83205,0.0690597,210.02573,218.64989,2.4013536,0.9502069,0.11591607,6.7246456,0.17934214,0.0021651078,0.022866923,0.0069401464,7.162792E-4,0.041953336,6.802065E-4,10.328383,0.0,44.63074,0.010854792,0.043660663,-22.13795,-22.345892,-22.653948,-22.959044,-24.038649,-18.03084,-18.666695,-19.227377,-19.680601,-20.962055,-21.502884,-21.835308,-22.242882,-22.654282,-23.944916,0.8658804,272
2000036000033,2000036000076,2000036000032,2000036000033,30000200000255,30000200000255,2000036000000,2000036000034,-1,0,30,2.422044,68.76647,9318,38.332954,55.59878,22.378933,124265,4,6,2,-133.09592,-43.821693,133.20197,761,68.76647,0.06500131,213.30316,223.17882,1.6356957,0.8502522,0.11591607,8.5478945,0.2339313,0.002161086,0.017845526,0.00599571,7.162792E-4,0.029207053,8.8725175E-4,28.084171,9.499549E-4,44.719948,0.00729824,0.038613223,-22.463667,-22.599174,-22.869556,-23.153296,-24.202234,-18.211662,-18.817532,-19.36221,-19.805618,-21.083778,-21.49346,-21.798288,-22.215876,-22.666086,-24.052156,0.7223861,672
2000036000034,2000036000053,2000036000033,2000036000034,29000200000255,29000200000255,2000036000000,2000036000035,2000036000054,0,29,2.6188614,53.963177,9318,38.410828,55.5865,22.260904,124265,4,6,2,-130.38568,-43.302624,135.34712,643,53.963177,0.056899488,201.95963,199.6352,2.1345463,0.49704614,0.019322483,5.633404,0.30667502,6.69743E-4,0.017384754,0.0030360348,7.2477385E-5,0.01658284,0.0011631531,12.96189,0.0,44.758743,0.008195271,0.03240901,-21.893269,-22.005655,-22.251583,-22.510668,-23.508587,-16.51807,-17.083694,-17.606276,-18.033741,-19.272696,-21.071075,-21.34863,-21.728771,-22.130861,-23.397703,0.636088,894
2000036000035,2000036000053,2000036000034,2000036000035,28000200000209,28000200000209,2000036000000,2000036000036,-1,0,28,2.8311827,37.18037,9318,38.481735,55.594776,22.173798,124265,4,6,2,-139.74112,-34.21076,124.160934,579,37.18037,0.047619056,183.24681,189.62726,1.9671285,0.3855354,0.019322483,2.8756285,0.40405598,6.691373E-4,0.014811234,0.0021532204,7.2477385E-5,0.011755094,0.0015324983,8.609182,0.0,44.452454,0.010117633,0.029899547,-21.56119,-21.689722,-21.945915,-22.215559,-23.218487,-16.731306,-17.265997,-17.76901,-18.184578,-19.411266,-21.152534,-21.366623,-21.691032,-22.032675,-23.166224,0.5839925,291
2000036000036,2000036000053,2000036000035,2000036000036,27000200000159,27000200000159,2000036000000,2000036000037,-1,0,27,3.060419,31.500036,9318,38.545807,55.619766,22.099857,124265,4,6,2,-144.14362,-28.733852,122.661575,502,31.500036,0.042630427,178.26482,179.5084,1.8175596,0.3159838,0.019322483,2.0710216,0.4250404,6.687797E-4,0.011809939,0.0016641218,7.2477385E-5,0.010795729,0.0015363006,10.464824,0.0,44.38066,0.0076697194,0.028967613,-21.621279,-21.717678,-21.951113,-22.202276,-23.165766,-16.93893,-17.418865,-17.88208,-18.268082,-19.423326,-21.145533,-21.337444,-21.649511,-21.984715,-23.103468,0.49737993,109
2000036000037,2000036000053,2000036000036,2000036000037,26000200000166,26000200000166,2000036000000,2000036000038,-1,0,26,3.3080978,31.930365,9318,38.620567,55.64497,22.048683,124265,4,6,2,-154.2592,-25.975843,109.88394,420,31.930365,0.040456038,184.23843,180.10513,1.4194887,0.23679975,0.019322483,3.1256597,0.37313873,6.683388E-4,0.007533111,0.0012158061,7.2477385E-5,0.0056383465,0.0013209418,8.008901,0.0,44.530743,0.007163226,0.023522137,-21.427683,-21.518387,-21.740126,-21.978502,-22.89371,-17.133604,-17.535465,-17.942245,-18.290588,-19.351744,-21.064152,-21.230137,-21.513742,-21.815744,-22.848528,0.4527314,980
2000036000038,2000036000053,2000036000037,2000036000038,25000200000199,25000200000199,2000036000000,2000036000039,-1,0,25,3.575905,30.381182,9318,38.690807,55.659138,21.995354,124265,4,6,2,-126.0657,-46.016747,97.95894,342,30.381182,0.03753714,186.56996,203.39383,1.0284592,0.18018323,0.019322483,3.2698321,0.42241088,6.678616E-4,0.0053561637,9.2920783E-4,7.2477385E-5,0.0047801863,0.0016400695,4.1784706,0.0,44.599113,0.0071917777,0.02189674,-21.113422,-21.20619,-21.427162,-21.672934,-22.59609,-17.37759,-17.711504,-18.077364,-18.408781,-19.441301,-20.814962,-20.973816,-21.246984,-21.54512,-22.561764,0.40012518,312
2000036000039,2000036000053,2000036000038,2000036000039,24000200000187,24000200000187,2000036000000,2000036000040,-1,0,24,3.8656828,23.237732,9318,38.80604,55.64767,21.946161,124265,4,6,2,-116.45345,-46.7695,99.491425,295,23.237732,0.03233941,175.7927,176.8974,0.49512255,0.1526557,0.019322483,2.510921,0.53530335,6.674238E-4,0.003937362,7.691723E-4,7.2477385E-5,0.0043688216,0.0021546267,10.024809,0.15542495,44.555904,0.0090604145,0.022781454,-21.92853,-21.957037,-22.17072,-22.393711,-23.356674,-17.782053,-18.02629,-18.344938,-18.655285,-19.658682,-21.822653,-21.870039,-22.100418,-22.342598,-23.341694,0.30214137,137
2000036000040,2000036000046,2000036000039,2000036000040,23000200000159,23000200000159,2000036000000,2000036000041,2000036000047,0,23,4.1794686,12.221325,9318,38.911255,55.67064,21.829046,124267,4,6,2,-137.06847,-53.185036,145.01227,187,12.221325,0.024558116,146.29572,147.45888,0.43970916,0.07288577,0.0,0.6561801,0.5720866,0.0,0.003038654,3.8883105E-4,0.0,0.0012851568,0.0026584635,2.9772,0.0,43.991055,0.0043900944,0.018922547,-20.279762,-20.345459,-20.5557,-20.792366,-21.719013,99.0,99.0,99.0,99.0,99.0,-19.897139,-20.034458,-20.306078,-20.61144,-21.666695,0.31594315,183
2000036000041,2000036000046,2000036000040,2000036000041,22000200000140,22000200000140,2000036000000,2000036000042,-1,0,22,4.5195556,6.4549255,9318,38.97716,55.686905,21.71876,124267,4,6,2,-126.391716,-54.110382,144.14986,154,6.4549255,0.018650888,122.001686,125.041695,0.4270206,0.0559706,0.0,0.0027728109,0.6511745,0.0,0.0027343375,2.7246852E-4,0.0,2.6557596E-5,0.0033555322,5.17577,0.0,40.77078,0.0032321676,0.0031063748,-20.32726,-20.365349,-20.560143,-20.773151,-21.668575,99.0,99.0,99.0,99.0,99.0,-19.60298,-19.778454,-20.08758,-20.424335,-21.556908,0.2544897,472
2000036000042,2000036000046,2000036000041,2000036000042,21000200000296,21000200000296,2000036000000,2000036000043,-1,0,21,4.888449,2.840167,9318,39.000256,55.682384,21.662657,124267,4,6,2,-113.51916,-49.01398,138.53458,106,2.840167,0.01331073,95.794586,107.658325,0.17853397,0.02875318,0.0,0.002235003,0.2750655,0.0,8.2529976E-4,1.3975918E-4,0.0,4.279452E-6,4.931618E-4,0.19635457,0.0,40.857185,0.007186081,0.0041170437,-18.739552,-18.905224,-19.168427,-19.460987,-20.447952,99.0,99.0,99.0,99.0,99.0,-18.707106,-18.878862,-19.147247,-19.44562,-20.443436,0.304837,166
2000036000043,2000036000046,2000036000042,2000036000043,20000200000531,20000200000531,2000036000000,2000036000044,-1,0,20,5.2888336,3.098364,9318,39.047672,55.86997,21.684809,124267,4,6,2,-106.66197,-91.22602,144.5556,53,3.098364,0.012841177,101.867065,102.48768,0.15054674,0.027799774,0.0,0.018578023,0.30393904,0.0,7.5124577E-4,1.3546312E-4,0.0,3.2059914E-5,5.443774E-4,1.5815177,0.0,42.00597,0.0016756053,0.0073183537,-19.469639,-19.53427,-19.746975,-19.978184,-20.876127,99.0,99.0,99.0,99.0,99.0,-18.917736,-19.084154,-19.383062,-19.709932,-20.793478,0.19667383,644
2000036000044,2000036000046,2000036000043,2000036000044,19000200000775,19000200000775,2000036000000,2000036000045,-1,0,19,5.7238646,2.3237731,9369,39.09621,55.96256,21.613777,124706,4,6,2,-81.04823,-89.51768,138.63518,34,2.3237731,0.010920028,95.66541,98.89562,0.084871225,0.020722747,0.0,0.004781101,0.26634672,0.0,4.8166438E-4,1.0028701E-4,0.0,1.0548173E-5,4.981713E-4,0.96386117,0.0,41.089294,0.0012855477,0.004584292,-19.18718,-19.248194,-19.45362,-19.690876,-20.57169,99.0,99.0,99.0,99.0,99.0,-18.451422,-18.639795,-18.954659,-19.318573,-20.451838,0.14106831,748
2000036000045,2000036000046,2000036000044,2000036000045,18000200000858,18000200000858,2000036000000,2000036000046,-1,0,18,6.1968336,1.9795104,9369,39.139534,55.96776,21.544868,124706,4,6,2,-87.026794,-78.80371,133.12213,24,1.9795104,0.009677217,93.793686,93.97003,0.03752289,0.01675701,0.0,0.0026627234,0.2673793,0.0,3.1839657E-4,7.708516E-5,0.0,8.311589E-6,4.781546E-4,3.6712337,0.0,43.617805,3.718224E-4,0.010536437,-19.47705,-19.494362,-19.683966,-19.885265,-20.72232,99.0,99.0,99.0,99.0,99.0,-16.612354,-16.866379,-17.302498,-17.871397,-19.848936,0.066130094,443
2000036000046,2000036000046,2000036000045,2000036000046,17000200000763,17000200000763,2000036000000,-1,-1,0,17,6.7115865,1.2049193,9370,39.202545,56.028393,21.473068,124678,4,6,2,-78.279335,-76.37654,131.53226,21,1.2049193,0.0076576956,82.26212,84.179924,0.106842734,0.0028944567,0.0,0.0069386913,0.08076345,0.0,1.390901E-4,1.9856286E-6,0.0,1.4651686E-6,9.798945E-6,0.83710533,0.0,41.32413,0.0012695491,0.004218581,-18.088581,-17.9456,-17.988983,-18.010645,-18.284927,99.0,99.0,99.0,99.0,99.0,-17.965298,-17.84573,-17.90913,-17.951912,-18.266878,0.023391284,991
2000036000047,2000036000053,2000036000039,2000036000048,23000200000160,23000200000159,2000036000000,2000036000048,-1,2,23,4.1794686,12.221325,9318,38.69646,55.712017,21.961859,124267,4,6,2,-48.276657,40.01522,50.673214,36,1.9795104,0.010351703,90.68657,91.62156,0.06816838,0.018370543,0.0,0.0,0.0,0.0,5.369075E-4,6.463796E-5,0.0,0.0,0.0,0.24678816,0.0,41.740658,0.0028000143,0.0064958427,-18.08951,-18.254625,-18.52613,-18.807417,-19.759272,99.0,99.0,99.0,99.0,99.0,-17.946644,-18.140837,-18.435781,-18.742575,-19.740723,0.45906433,392
2000036000048,2000036000053,2000036000047,2000036000049,22000200000141,22000200000140,2000036000000,2000036000049,-1,2,22,4.5195556,6.4549255,9318,38.744686,55.73503,21.943111,124267,4,6,2,-132.94495,-129.37737,-10.864725,36,1.9795104,0.010351703,90.68657,91.62156,0.078180164,0.0169684,0.0,0.0,0.0,0.0,5.369893E-4,5.4352604E-5,0.0,0.0,0.0,0.3645348,0.0,41.740658,0.0028000143,0.0064958427,-18.292564,-18.421988,-18.669922,-18.938475,-19.858252,99.0,99.0,99.0,99.0,99.0,-18.143534,-18.302933,-18.575073,-18.869875,-19.837637,0.35443246,40
2000036000049,2000036000053,2000036000048,2000036000050,21000200000385,21000200000385,2000036000000,2000036000050,-1,2,21,4.888449,5.4221373,9318,38.81443,55.81009,21.926077,124267,4,6,2,-111.84385,-27.949533,34.902687,36,1.9795104,0.010351703,90.68657,91.62156,0.091867864,0.01505145,0.0,0.0,0.0,0.0,5.2207307E-4,4.2410116E-5,0.0,0.0,0.0,0.52270347,0.0,41.740658,0.0028000143,0.0064958427,-18.429697,-18.536516,-18.770063,-19.02972,-19.923601,99.0,99.0,99.0,99.0,99.0,-18.296675,-18.429585,-18.684519,-18.967562,-19.904726,0.26464373,734
2000036000050,2000036000053,2000036000049,2000036000051,20000200000403,20000200000403,2000036000000,2000036000051,-1,2,20,5.2888336,3.8729553,9318,38.874836,55.820293,21.901245,124267,4,6,2,-98.86292,-56.02536,51.87708,36,1.9795104,0.010351703,90.68657,91.62156,0.10999007,0.012513451,0.0,0.0,0.0,0.0,4.7956847E-4,2.980027E-5,0.0,0.0,0.0,0.72870857,0.0,41.740658,0.0028000143,0.0064958427,-18.49739,-18.582108,-18.80398,-19.049324,-19.911983,99.0,99.0,99.0,99.0,99.0,-18.381866,-18.489983,-18.730713,-18.996096,-19.895813,0.18911193,242
2000036000051,2000036000053,2000036000050,2000036000055,19000200000719,19000200000719,2000036000000,2000036000052,-1,0,19,5.7238646,1.9795104,9318,38.921684,55.843346,21.9202,124267,4,6,2,-90.29334,-67.61275,21.236137,36,1.9795104,0.010351703,90.68657,91.62156,0.13327368,0.009252601,0.0,0.009711138,0.16605885,0.0,3.9311167E-4,1.8071156E-5,0.0,6.5544177E-6,6.924186E-5,0.7040586,0.0,41.740658,0.0028000143,0.0064958427,-18.429516,-18.466293,-18.657488,-18.874334,-19.665903,99.0,99.0,99.0,99.0,99.0,-18.348454,-18.40197,-18.606718,-18.837822,-19.655237,0.1282608,384
2000036000052,2000036000053,2000036000051,2000036000056,18000200000857,18000200000857,2000036000000,2000036000053,-1,0,18,6.1968336,1.6352477,9318,38.94582,55.855824,21.910305,124267,4,6,2,-94.51552,-51.952328,25.893892,25,1.6352477,0.009080137,88.00666,91.744835,0.09729282,0.0063558016,0.0,0.015848566,0.14636241,0.0,2.722967E-4,1.0134441E-5,0.0,7.9851E-6,4.40997E-5,1.0902299,0.0,42.16823,0.001548239,0.008672385,-18.445488,-18.436552,-18.595114,-18.758314,-19.438484,99.0,99.0,99.0,99.0,99.0,-18.282425,-18.305298,-18.490948,-18.682638,-19.416332,0.06732214,265
2000036000053,2000036000053,2000036000052,2000036000057,17000200000668,17000200000668,2000036000000,-1,-1,0,17,6.7115865,0.9467224,9318,38.97784,55.87724,21.87909,124267,4,6,2,-94.64713,-50.343853,32.64863,23,0.9467224,0.0070662065,75.908104,82.55242,0.07437394,0.002239101,0.0,0.0020186645,0.07496282,0.0,1.0606409E-4,1.7205058E-6,0.0,5.576665E-7,9.50514E-6,0.6475701,0.0,43.44386,0.0010913556,0.0072526657,-17.775064,-17.648941,-17.706877,-17.747364,-18.07555,99.0,99.0,99.0,99.0,99.0,-17.700254,-17.587711,-17.657602,-17.711382,-18.064865,0.025505533,686
2000036000054,2000036000063,2000036000033,2000036000034,29000200000255,29000200000255,2000036000000,2000036000055,2000036000064,2,29,2.6188614,53.963177,9318,38.42621,55.609554,22.308784,124265,4,6,2,-334.09894,-28.852377,211.95786,32,0.9467224,0.0086490465,68.61154,78.860306,0.038720142,0.009585968,0.0,0.0,0.0,0.0,2.8997302E-4,2.9700579E-5,0.0,0.0,0.0,0.024552472,0.0,43.625977,0.0027778398,0.008819716,-16.427816,-16.80439,-17.216259,-17.57347,-18.664558,99.0,99.0,99.0,99.0,99.0,-16.32011,-16.717129,-17.146183,-17.522625,-18.64973,1.0849817,164
2000036000055,2000036000063,2000036000054,2000036000035,28000200000209,28000200000209,2000036000000,2000036000056,-1,2,28,2.8311827,37.18037,9318,38.549484,55.599834,22.142801,124265,4,6,2,-67.59599,53.475395,293.84653,32,0.9467224,0.0086490465,68.61154,78.860306,0.04022835,0.009374745,0.0,0.0,0.0,0.0,2.8994514E-4,2.815016E-5,0.0,0.0,0.0,0.03868239,0.0,43.625977,0.0027778398,0.008819716,-16.64311,-16.949862,-17.311045,-17.632574,-18.630758,99.0,99.0,99.0,99.0,99.0,-16.542736,-16.869461,-17.246883,-17.586208,-18.617308,0.90016484,991
2000036000056,2000036000063,2000036000055,2000036000036,27000200000159,27000200000159,2000036000000,2000036000057,-1,2,27,3.060419,31.500036,9318,38.5336,55.58367,22.033789,124265,4,6,2,53.588356,-29.88746,74.087105,32,0.9467224,0.0086490465,68.61154,78.860306,0.04245975,0.009062238,0.0,0.0,0.0,0.0,2.89149E-4,2.59636E-5,0.0,0.0,0.0,0.059229072,0.0,43.625977,0.0027778398,0.008819716,-16.85452,-17.100796,-17.421528,-17.721676,-18.677824,99.0,99.0,99.0,99.0,99.0,-16.74655,-17.01443,-17.352743,-17.67205,-18.663485,0.7334591,533
2000036000057,2000036000063,2000036000056,2000036000037,26000200000166,26000200000166,2000036000000,2000036000058,-1,2,26,3.3080978,31.930365,9318,38.538074,55.625675,22.043468,124265,4,6,2,-87.81121,-92.89767,-71.21215,32,0.9467224,0.0086490465,68.61154,78.860306,0.045659825,0.008614069,0.0,0.0,0.0,0.0,2.8651854E-4,2.3038978E-5,0.0,0.0,0.0,0.08820609,0.0,43.625977,0.0027778398,0.008819716,-17.0744,-17.268433,-17.55434,-17.83642,-18.754972,99.0,99.0,99.0,99.0,99.0,-16.978746,-17.190708,-17.491957,-17.791222,-18.741854,0.58471644,621
2000036000058,2000036000063,2000036000057,2000036000038,25000200000199,25000200000199,2000036000000,2000036000059,-1,2,25,3.575905,30.381182,9318,38.673996,55.67046,22.058886,124267,4,6,2,-385.24158,-60.201576,86.376465,32,0.9467224,0.0086490465,68.61154,78.860306,0.050112177,0.007990522,0.0,0.0,0.0,0.0,2.801465E-4,1.935374E-5,0.0,0.0,0.0,0.12787616,0.0,43.625977,0.0027778398,0.008819716,-17.290392,-17.43845,-17.692545,-17.957747,-18.840025,99.0,99.0,99.0,99.0,99.0,-17.198933,-17.364098,-17.6329,-17.914564,-18.827532,0.45340014,438
2000036000059,2000036000063,2000036000058,2000036000039,24000200000187,24000200000187,2000036000000,2000036000060,-1,2,24,3.8656828,23.237732,9318,38.852386,55.684517,21.948175,124267,4,6,2,-220.14342,-4.325654,237.63725,32,0.9467224,0.0086490465,68.61154,78.860306,0.056127504,0.0071480824,0.0,0.0,0.0,0.0,2.6697086E-4,1.5019754E-5,0.0,0.0,0.0,0.18064791,0.0,43.625977,0.0027778398,0.008819716,-17.466732,-17.580683,-17.810814,-18.061008,-18.910501,99.0,99.0,99.0,99.0,99.0,-17.362059,-17.498823,-17.747065,-18.015682,-18.898014,0.3386235,300
2000036000060,2000036000063,2000036000059,2000036000040,23000200000159,23000200000159,2000036000000,2000036000061,-1,2,23,4.1794686,12.221325,9318,38.909763,55.670254,21.828146,124267,4,6,2,-31.04789,25.244436,157.78528,32,0.9467224,0.0086490465,68.61154,78.860306,0.06402775,0.0060416604,0.0,0.0,0.0,0.0,2.4254493E-4,1.0331477E-5,0.0,0.0,0.0,0.24894147,0.0,43.625977,0.0027778398,0.008819716,-17.631157,-17.715063,-17.9225,-18.154766,-18.941313,99.0,99.0,99.0,99.0,99.0,-17.562,-17.659422,-17.878462,-18.12288,-18.93224,0.23921713,793
2000036000061,2000036000063,2000036000060,2000036000041,22000200000140,22000200000140,2000036000000,2000036000062,-1,2,22,4.5195556,6.4549255,9318,38.93518,55.65373,21.744244,124265,4,6,2,-67.096596,-24.764929,143.3716,32,0.9467224,0.0086490465,68.61154,78.860306,0.07412689,0.004627282,0.0,0.0,0.0,0.0,2.0098756E-4,5.7919074E-6,0.0,0.0,0.0,0.33502215,0.0,43.625977,0.0027778398,0.008819716,-17.66609,-17.703598,-17.882185,-18.083822,-18.775059,99.0,99.0,99.0,99.0,99.0,-17.618073,-17.664444,-17.850761,-18.06085,-18.768103,0.15385222,489
2000036000062,2000036000063,2000036000061,2000036000042,21000200000296,21000200000296,2000036000000,2000036000063,-1,2,21,4.888449,2.840167,9318,39.001915,55.698032,21.663616,124267,4,6,2,-118.81046,-96.84214,203.8893,32,0.9467224,0.0086490465,68.61154,78.860306,0.08670645,0.002865527,0.0,0.0,0.0,0.0,1.3519751E-4,2.107382E-6,0.0,0.0,0.0,0.44080663,0.0,43.625977,0.0027778398,0.008819716,-17.45024,-17.416557,-17.550987,-17.686651,-18.211891,99.0,99.0,99.0,99.0,99.0,-17.429893,-17.399916,-17.537596,-17.676922,-18.209023,0.081365794,399
2000036000063,2000036000063,2000036000062,2000036000047,20000200000791,20000200000791,2000036000000,-1,-1,0,20,5.2888336,0.9467224,9318,39.06073,55.711624,21.598526,124267,4,6,2,-108.79171,8.041334,98.016365,32,0.9467224,0.0086490465,68.61154,78.860306,0.10198929,7.2517886E-4,0.0,0.002734812,0.031464394,0.0,3.7342892E-5,1.453603E-7,0.0,1.2488128E-7,5.541773E-7,0.1620572,0.0,43.625977,0.0027778398,0.008819716,-16.418499,-16.187037,-16.156017,-16.079948,-16.014757,99.0,99.0,99.0,99.0,99.0,-16.415688,-16.184753,-16.154179,-16.078604,-16.014332,0.025056647,236
2000036000064,2000036000076,2000036000033,2000036000034,29000200000255,29000200000255,2000036000000,2000036000065,-1,2,29,2.6188614,53.963177,9318,38.36451,55.542503,22.270811,124265,4,6,2,-220.97563,197.18832,99.526764,39,3.3565624,0.015963221,95.094864,107.525894,0.0367875,0.08699894,0.0,0.0,0.0,0.0,6.998283E-4,6.140362E-4,0.0,0.0,0.0,0.0,0.0,42.794548,0.0025344517,0.011339875,-18.063086,-18.688482,-19.252329,-19.720936,-21.11099,99.0,99.0,99.0,99.0,99.0,-17.882963,-18.539246,-19.131062,-19.632301,-21.084846,1.4940653,388
2000036000065,2000036000076,2000036000064,2000036000035,28000200000209,28000200000209,2000036000000,2000036000066,-1,2,28,2.8311827,37.18037,9318,38.51947,55.484875,22.21096,124265,4,6,2,-294.63205,4.1504016,132.41777,39,3.3565624,0.015963221,95.094864,107.525894,0.0367875,0.08699894,0.0,0.0,0.0,0.0,6.998283E-4,6.140362E-4,0.0,0.0,0.0,0.0,0.0,42.794548,0.0025344517,0.011339875,-18.239056,-18.804022,-19.320534,-19.748747,-21.030712,99.0,99.0,99.0,99.0,99.0,-18.058931,-18.654783,-19.199266,-19.660112,-21.004568,1.2873126,817
2000036000066,2000036000076,2000036000065,2000036000036,27000200000159,27000200000159,2000036000000,2000036000067,-1,2,27,3.060419,31.500036,9318,38.653633,55.51713,22.145578,124265,4,6,2,-152.58661,-100.49417,127.16679,39,3.3565624,0.015963221,95.094864,107.525894,0.0367875,0.08699894,0.0,0.0,0.0,0.0,6.998283E-4,6.140362E-4,0.0,0.0,0.0,0.0,0.0,42.794548,0.0025344517,0.011339875,-18.441835,-18.960169,-19.448374,-19.863754,-21.143085,99.0,99.0,99.0,99.0,99.0,-18.261713,-18.81093,-19.327106,-19.77512,-21.116941,1.0931584,432
2000036000067,2000036000076,2000036000066,2000036000037,26000200000166,26000200000166,2000036000000,2000036000068,-1,2,26,3.3080978,31.930365,9318,38.71425,55.59415,22.02238,124265,4,6,2,-51.686047,-166.95317,229.62857,39,3.3565624,0.015963221,95.094864,107.525894,0.0367875,0.08699894,0.0,0.0,0.0,0.0,6.998283E-4,6.140362E-4,0.0,0.0,0.0,0.0,0.0,42.794548,0.0025344517,0.011339875,-18.645317,-19.090618,-19.524237,-19.89939,-21.072716,99.0,99.0,99.0,99.0,99.0,-18.465195,-18.94138,-19.402967,-19.810755,-21.046572,0.9113105,576
2000036000068,2000036000076,2000036000067,2000036000038,25000200000199,25000200000199,2000036000000,2000036000069,-1,2,25,3.575905,30.381182,9318,38.697304,55.675823,21.95349,124267,4,6,2,84.732285,-74.1765,24.454353,39,3.3565624,0.015963221,95.094864,107.525894,0.0367875,0.08699894,0.0,0.0,0.0,0.0,6.998283E-4,6.140362E-4,0.0,0.0,0.0,0.0,0.0,42.794548,0.0025344517,0.011339875,-18.87208,-19.2433,-19.629051,-19.979816,-21.11742,99.0,99.0,99.0,99.0,99.0,-18.691957,-19.094063,-19.507784,-19.891182,-21.091276,0.7414187,635
2000036000069,2000036000076,2000036000068,2000036000039,24000200000187,24000200000187,2000036000000,2000036000070,-1,2,24,3.8656828,23.237732,9318,38.683167,55.699932,21.968945,124267,4,6,2,-60.527046,-45.403652,-17.927263,39,3.3565624,0.015963221,95.094864,107.525894,0.0367875,0.08699894,0.0,0.0,0.0,0.0,6.998283E-4,6.140362E-4,0.0,0.0,0.0,0.0,0.0,42.794548,0.0025344517,0.011339875,-19.159142,-19.463087,-19.808874,-20.141352,-21.248795,99.0,99.0,99.0,99.0,99.0,-18.97902,-19.313848,-19.687607,-20.052717,-21.22265,0.5830928,280
2000036000070,2000036000076,2000036000069,2000036000048,23000200000160,23000200000159,2000036000000,2000036000071,-1,1,23,4.1794686,12.221325,9318,38.708202,55.735786,21.942186,124267,4,6,2,-69.915504,-51.53027,2.8105555,39,3.3565624,0.015963221,95.094864,107.525894,0.0367875,0.08699894,0.0,0.0,0.0,0.0,6.998283E-4,6.140362E-4,0.0,0.0,0.0,0.0,0.0,42.794548,0.0025344517,0.011339875,-19.536293,-19.770256,-20.07825,-20.394249,-21.46091,99.0,99.0,99.0,99.0,99.0,-19.35617,-19.62102,-19.956984,-20.305614,-21.434765,0.4358988,99
2000036000071,2000036000076,2000036000070,2000036000049,22000200000141,22000200000140,2000036000000,2000036000072,-1,1,22,4.5195556,6.4549255,9318,38.773964,55.77163,21.924423,124267,4,6,2,-67.316925,-18.446423,-12.942013,76,6.540993,0.018733416,122.54154,133.09189,0.0367875,0.08699894,0.0,0.0,0.0,0.0,6.998283E-4,6.140362E-4,0.0,0.0,0.0,6.1737857,0.0,42.794548,6.171938E-4,0.011339875,-20.262047,-20.367926,-20.619688,-20.901703,-21.91039,99.0,99.0,99.0,99.0,99.0,-18.206417,-18.551762,-19.035345,-19.631943,-21.431377,0.2993555,495
2000036000072,2000036000076,2000036000071,2000036000050,21000200000385,21000200000385,2000036000000,2000036000073,-1,0,21,4.888449,5.4221373,9318,38.78442,55.755573,21.944572,124267,4,6,2,-78.606834,-23.680464,-1.6068666,87,5.4221373,0.016512422,118.836494,129.33563,0.26860332,0.054533333,0.0,0.06543276,0.39131728,0.0,0.001314563,3.097102E-4,0.0,1.5266902E-4,0.0012824466,1.2829599,0.0,42.794548,0.0034496372,0.011339875,-19.75605,-19.86218,-20.094048,-20.348528,-21.289734,99.0,99.0,99.0,99.0,99.0,-19.63964,-19.770275,-20.021282,-20.29567,-21.273623,0.29970044,246
2000036000073,2000036000076,2000036000072,2000036000051,20000200000403,20000200000403,2000036000000,2000036000074,-1,0,20,5.2888336,3.8729553,9318,38.82919,55.736782,21.95261,124267,4,6,2,-81.08507,-15.003646,-2.1029136,67,3.8729553,0.013832739,109.73297,111.4384,0.15634914,0.048303884,0.0,0.0018671836,0.4159231,0.0,8.845272E-4,2.7804953E-4,0.0,7.84821E-6,0.0014826333,2.384249,0.0,40.69368,0.0020325866,0.0026308454,-19.809246,-19.90863,-20.142656,-20.392588,-21.330324,99.0,99.0,99.0,99.0,99.0,-19.560047,-19.709965,-19.98404,-20.276644,-21.294521,0.21590227,275
2000036000074,2000036000076,2000036000073,2000036000052,19000200000804,19000200000804,2000036000000,2000036000075,-1,0,19,5.7238646,2.7541015,9318,38.86517,55.725704,21.955727,124267,4,6,2,-64.28886,20.640554,-21.401794,33,2.7541015,0.01155631,101.239586,104.55059,0.055238802,0.037634768,0.0,0.006022798,0.35089153,0.0,4.939109E-4,2.3463988E-4,0.0,3.0105422E-5,0.0012221207,1.1245571,0.0,41.45978,8.6853036E-4,0.005530125,-19.65121,-19.727678,-19.945494,-20.199156,-21.114576,99.0,99.0,99.0,99.0,99.0,-18.835072,-19.036499,-19.362087,-19.750237,-20.942362,0.15377456,686
2000036000075,2000036000076,2000036000074,2000036000053,18000200000596,18000200000596,2000036000000,2000036000076,-1,0,18,6.1968336,2.7541015,9318,38.874866,55.707863,21.981455,124267,4,6,2,-75.23499,11.982785,-23.253897,33,2.7541015,0.010803336,104.708275,114.75265,0.019821635,0.033007853,0.0,0.018177759,0.38491112,0.0,2.5335897E-4,1.9632925E-4,0.0,7.1228635E-5,0.0012163386,6.9803834,0.0,42.099884,2.0870067E-4,0.0073943315,-20.111032,-20.138573,-20.337152,-20.55094,-21.406906,99.0,99.0,99.0,99.0,99.0,-16.920763,-17.174953,-17.614155,-18.192926,-20.303993,0.07045814,872
2000036000076,2000036000076,2000036000075,2000036000054,17000200000436,17000200000436,2000036000000,-1,-1,0,17,6.7115865,1.8934448,9318,38.912907,55.716194,22.020931,124267,4,6,2,-75.60434,0.03366312,-23.04796,31,1.8934448,0.008902863,95.638214,99.09687,0.15536703,0.006649969,0.0,0.021000052,0.13140582,0.0,3.0138975E-4,5.307097E-6,0.0,8.917676E-6,3.4383855E-5,1.9232364,0.0,42.186363,8.960135E-4,0.005601078,-19.168045,-19.006527,-19.03016,-19.02302,-19.202927,99.0,99.0,99.0,99.0,99.0,-18.871325,-18.761156,-18.830526,-18.871426,-19.151545,0.015636476,904
2000036000077,2000036000097,2000036000026,2000036000027,36000200000266,36000200000266,2000036000000,2000036000078,-1,2,36,1.5036365,152.16411,9318,37.838554,55.45936,23.028452,124268,4,6,2,-272.75674,-180.70181,221.44617,43,3.7008252,0.023290316,82.666885,116.678604,0.017051687,0.2479092,0.0,0.0,0.0,0.0,5.6892436E-4,0.0024073261,0.0,0.0,0.0,5.729842E-6,0.0,41.097134,0.0010856268,0.0049832053,-18.256388,-19.00445,-19.633894,-20.155552,-21.57555,99.0,99.0,99.0,99.0,99.0,-17.342598,-18.226814,-18.986721,-19.669434,-21.424788,2.8115819,691
2000036000078,2000036000097,2000036000077,2000036000028,35000200000256,35000200000256,2000036000000,2000036000079,-1,2,35,1.6302707,152.07803,9318,37.946136,55.467236,23.024965,124268,4,6,2,-157.94334,-74.91398,-0.026212212,43,3.7008252,0.023290316,82.666885,116.678604,0.017052192,0.24790919,0.0,0.0,0.0,0.0,5.689377E-4,0.0024073243,0.0,0.0,0.0,4.7025904E-5,0.0,41.097134,0.0010856268,0.0049832053,-18.393696,-19.12096,-19.735977,-20.243713,-21.648975,99.0,99.0,99.0,99.0,99.0,-17.47988,-18.343302,-19.088785,-19.757582,-21.498209,2.5151591,704
2000036000079,2000036000097,2000036000078,2000036000029,34000200000217,34000200000217,2000036000000,2000036000080,-1,2,34,1.766336,150.27066,9318,38.08559,55.540287,22.85724,124268,4,6,2,-225.51521,-9.769882,580.38666,43,3.7008252,0.023290316,82.666885,116.678604,0.017056162,0.24790862,0.0,0.0,0.0,0.0,5.690408E-4,0.0024073056,0.0,0.0,0.0,3.5074906E-4,0.0,41.097134,0.0010856268,0.0049832053,-18.553862,-19.258556,-19.859009,-20.353785,-21.752954,99.0,99.0,99.0,99.0,99.0,-17.639835,-18.480726,-19.21167,-19.867535,-21.602142,2.2310176,98
2000036000080,2000036000097,2000036000079,2000036000030,33000200000209,33000200000209,2000036000000,2000036000081,-1,2,33,1.9126327,121.26653,9318,38.145466,55.54318,22.673283,124269,4,6,2,-155.9003,-143.1542,107.52155,43,3.7008252,0.023290316,82.666885,116.678604,0.017084457,0.24790464,0.0,0.0,0.0,0.0,5.6977617E-4,0.0024071736,0.0,0.0,0.0,0.0023745971,0.0,41.097134,0.0010856268,0.0049832053,-18.756924,-19.43336,-20.016626,-20.49658,-21.885744,99.0,99.0,99.0,99.0,99.0,-17.841444,-18.654316,-19.368248,-20.009491,-21.734596,1.9595265,786
2000036000081,2000036000097,2000036000080,2000036000031,32000200000185,32000200000185,2000036000000,2000036000082,-1,2,32,2.0700274,97.94273,9318,38.2411,55.57193,22.592829,124269,4,6,2,6.809355,18.81189,224.53174,43,3.7008252,0.023290316,82.666885,116.678604,0.017266933,0.2478791,0.0,0.0,0.0,0.0,5.745098E-4,0.0024063222,0.0,0.0,0.0,0.014573653,0.0,41.097134,0.0010856268,0.0049832053,-18.991379,-19.61985,-20.177385,-20.642561,-22.024696,99.0,99.0,99.0,99.0,99.0,-18.066729,-18.833088,-19.522396,-20.150194,-21.871553,1.701073,212
2000036000082,2000036000097,2000036000081,2000036000032,31000200000166,31000200000166,2000036000000,2000036000083,-1,2,31,2.2394855,70.83205,9318,38.272827,55.54011,22.413462,124265,4,6,2,-184.63313,19.450558,261.4803,43,3.7008252,0.023290316,82.666885,116.678604,0.018330527,0.24773018,0.0,0.0,0.0,0.0,6.018322E-4,0.0024014008,0.0,0.0,0.0,0.0810825,0.0,41.097134,0.0010856268,0.0049832053,-19.28029,-19.842808,-20.364513,-20.811687,-22.172707,99.0,99.0,99.0,99.0,99.0,-18.305004,-19.012766,-19.67251,-20.290194,-22.009676,1.4563676,485
2000036000083,2000036000097,2000036000082,2000036000033,30000200000255,30000200000255,2000036000000,2000036000084,-1,2,30,2.422044,68.76647,9318,38.35159,55.560368,22.349373,124265,4,6,2,-15.597021,-113.03343,8.027737,43,3.7008252,0.023290316,82.666885,116.678604,0.023933489,0.24694549,0.0,0.0,0.0,0.0,7.389993E-4,0.0023764852,0.0,0.0,0.0,0.4092468,0.0,41.097134,0.0010856268,0.0049832053,-19.607704,-20.063913,-20.52443,-20.933847,-22.21861,99.0,99.0,99.0,99.0,99.0,-18.516888,-19.136806,-19.74972,-20.346693,-22.032232,1.2279465,308
2000036000084,2000036000097,2000036000083,2000036000059,29000200000256,29000200000255,2000036000000,2000036000085,-1,1,29,2.6188614,53.963177,9318,38.404335,55.665154,22.372372,124267,4,6,2,-112.30964,-199.37967,10.925658,43,3.7008252,0.023290316,82.666885,116.678604,0.050634988,0.24320596,0.0,0.0,0.0,0.0,0.0012877382,0.0022730355,0.0,0.0,0.0,1.8763245,0.0,41.097134,0.0010856268,0.0049832053,-20.020952,-20.349726,-20.743732,-21.11706,-22.342424,99.0,99.0,99.0,99.0,99.0,-18.436275,-18.988663,-19.589722,-20.22323,-22.043787,1.0251107,492
2000036000085,2000036000097,2000036000084,2000036000060,28000200000210,28000200000209,2000036000000,2000036000086,-1,1,28,2.8311827,37.18037,9318,38.474384,55.769295,22.346375,124267,4,6,2,-131.78317,-176.78459,70.67143,67,5.766402,0.025584554,98.45403,113.978,0.16589426,0.22706403,0.0,0.0,0.0,0.0,0.0027988437,0.0019485648,0.0,0.0,0.0,0.9852831,0.0,41.097134,0.0037702296,0.0049832053,-20.073944,-20.395065,-20.777323,-21.140352,-22.36479,99.0,99.0,99.0,99.0,99.0,-19.700146,-20.102348,-20.546328,-20.974125,-22.317259,0.8821296,599
2000036000086,2000036000097,2000036000085,2000036000061,27000200000160,27000200000159,2000036000000,2000036000087,-1,1,27,3.060419,31.500036,9318,38.550255,55.85114,22.280138,124267,4,6,2,-124.58275,-155.30415,113.366684,114,9.81149,0.028897548,120.83895,112.82468,0.22273058,0.21910414,0.0,0.0,0.0,0.0,0.0032766303,0.0018237232,0.0,0.0,0.0,2.838105,0.0,41.097134,0.0029592335,0.0049832053,-20.475016,-20.694782,-21.015924,-21.337317,-22.471066,99.0,99.0,99.0,99.0,99.0,-19.914396,-20.247356,-20.65954,-21.079475,-22.396578,0.7162224,198
2000036000087,2000036000097,2000036000086,2000036000062,26000200000577,26000200000577,2000036000000,2000036000088,-1,0,26,3.3080978,8.606567,9318,38.635555,55.926865,22.19546,124267,4,6,2,-103.303734,-141.54193,124.50367,139,8.606567,0.026133167,119.011505,118.40211,0.37606987,0.19762911,0.0,0.006579757,0.8278215,0.0,0.004094092,0.0015545097,0.0,4.649932E-5,0.0041872584,3.751117,0.0,41.097134,0.0037276184,0.0049832053,-20.643509,-20.804583,-21.082706,-21.370596,-22.427141,99.0,99.0,99.0,99.0,99.0,-20.165237,-20.431808,-20.790506,-21.162455,-22.369,0.6011999,884
2000036000088,2000036000097,2000036000087,2000036000063,25000200000442,25000200000442,2000036000000,2000036000089,-1,0,25,3.575905,9.467224,9318,38.729706,56.03071,22.11787,124267,4,6,2,-104.22477,-139.28711,120.78396,155,9.467224,0.025448792,126.487526,123.43288,0.5637894,0.1711117,0.0,0.033783566,0.76124346,0.0,0.0044576167,0.0013099888,0.0,1.6209489E-4,0.0030761762,6.01449,0.0,41.91182,0.0024411515,0.007509635,-20.98976,-21.053055,-21.267817,-21.500431,-22.468575,99.0,99.0,99.0,99.0,99.0,-20.170126,-20.399235,-20.749258,-21.127378,-22.362978,0.5102267,174
2000036000089,2000036000097,2000036000088,2000036000064,24000200000515,24000200000515,2000036000000,2000036000090,-1,0,24,3.8656828,8.262304,9318,38.781982,56.12753,22.054472,124267,4,6,2,-95.88174,-133.67506,133.666,110,8.262304,0.022910498,124.53841,121.71922,0.48054728,0.13148859,0.0,0.13552491,0.5897722,0.0,0.0032048833,9.961085E-4,0.0,3.7209212E-4,0.0023473646,3.8218725,0.0,43.02177,0.0030250533,0.01552146,-20.635061,-20.721794,-20.949942,-21.189304,-22.16938,99.0,99.0,99.0,99.0,99.0,-20.1837,-20.369823,-20.676079,-20.99519,-22.11671,0.48236758,463
2000036000090,2000036000097,2000036000089,2000036000065,23000200000556,23000200000556,2000036000000,2000036000091,-1,0,23,4.1794686,6.024597,9318,38.8393,56.20922,21.965471,124267,4,6,2,-95.917984,-130.65576,145.1388,83,6.024597,0.019399846,115.56726,122.2042,0.31336543,0.10808057,0.0,0.026485635,0.52092004,0.0,0.0023494957,8.327711E-4,0.0,1.0471415E-4,0.0024014693,1.8468918,0.0,41.93544,0.0029000486,0.007578192,-20.230299,-20.336376,-20.575281,-20.829134,-21.832712,99.0,99.0,99.0,99.0,99.0,-19.854307,-20.048056,-20.352562,-20.672861,-21.790663,0.42629573,733
2000036000091,2000036000097,2000036000090,2000036000066,22000200000512,22000200000512,2000036000000,2000036000092,-1,0,22,4.5195556,5.1639404,9318,38.89715,56.285076,21.884457,124267,4,6,2,-71.64504,-127.48518,135.57172,77,5.1639404,0.01731395,113.25633,113.428825,0.11939691,0.09758734,0.0,0.06595113,0.55035824,0.0,0.0014017542,7.4358797E-4,0.0,3.6548567E-4,0.0026253462,1.8156346,0.0,42.858387,0.0015568221,0.015644677,-20.175163,-20.293804,-20.547295,-20.824091,-21.85131,99.0,99.0,99.0,99.0,99.0,-19.339321,-19.614267,-19.992031,-20.409363,-21.709223,0.32956526,565
2000036000092,2000036000097,2000036000091,2000036000067,21000200000519,21000200000519,2000036000000,2000036000093,-1,0,21,4.888449,4.8196774,9318,38.91261,56.352722,21.812424,124267,4,6,2,-60.695576,-111.71894,139.18903,70,4.8196774,0.015876688,114.26125,116.14351,0.09074754,0.0880396,0.0,0.0057070926,0.6000048,0.0,0.0012112389,6.34317E-4,0.0,4.4909164E-5,0.002743197,4.4994016,0.0,40.90943,6.672479E-4,0.0035319575,-20.427639,-20.51407,-20.76197,-21.038736,-22.035841,99.0,99.0,99.0,99.0,99.0,-18.112316,-18.464874,-18.957966,-19.570126,-21.420443,0.23300289,446
2000036000093,2000036000097,2000036000092,2000036000068,20000200000482,20000200000482,2000036000000,2000036000094,-1,0,20,5.2888336,4.6475463,9318,38.95344,56.412937,21.755342,124267,4,6,2,-59.26977,-102.379486,141.99008,59,4.6475463,0.014699479,116.60868,123.02974,0.18273251,0.06619263,0.0,0.006442956,0.50856847,0.0,0.0017089879,3.5315697E-4,0.0,3.4382876E-5,0.0013872943,3.9713194,0.0,41.091537,0.0013189572,0.003474262,-20.400436,-20.464405,-20.681421,-20.930843,-21.850845,99.0,99.0,99.0,99.0,99.0,-19.267176,-19.508266,-19.87489,-20.308403,-21.609161,0.16997215,967
2000036000094,2000036000097,2000036000093,2000036000069,19000200000409,19000200000409,2000036000000,2000036000095,-1,0,19,5.7238646,4.4754148,9318,38.98394,56.458015,21.673416,124267,4,6,2,-55.79254,-99.06018,135.3684,53,4.4754148,0.013586376,119.02407,128.89151,0.2272913,0.048421636,0.0,0.016399479,0.4501098,0.0,0.0015415864,1.9856778E-4,0.0,5.1592746E-5,7.5676007E-4,6.5487247,0.0,41.739807,0.0010652764,0.004793653,-20.542845,-20.571417,-20.763863,-20.97381,-21.821966,99.0,99.0,99.0,99.0,99.0,-19.145758,-19.367188,-19.734753,-20.164982,-21.504412,0.103556864,274
2000036000095,2000036000097,2000036000094,2000036000070,18000200000310,18000200000310,2000036000000,2000036000096,-1,0,18,6.1968336,3.3565612,9318,39.029568,56.511547,21.608162,124267,4,6,2,-58.558273,-90.03635,130.99907,50,3.3565612,0.011539742,111.84568,122.813324,0.23343217,0.021477373,0.0,0.042495012,0.26089323,0.0,8.709928E-4,4.931292E-5,0.0,4.7475223E-5,1.6260723E-4,3.4107285,0.0,42.647293,0.0016151568,0.0074488577,-19.793692,-19.801168,-19.973034,-20.154394,-20.912893,99.0,99.0,99.0,99.0,99.0,-19.512665,-19.574135,-19.792555,-20.022408,-20.874046,0.07253881,11
2000036000096,2000036000097,2000036000095,2000036000071,17000200000484,17000200000484,2000036000000,2000036000097,-1,0,17,6.7115865,2.2377074,9318,39.025616,56.545506,21.551868,124267,4,6,2,-46.67066,-100.23794,138.53406,29,2.2377074,0.009412678,101.11487,108.42413,0.17269927,0.008598491,0.0,0.04204751,0.14958434,0.0,3.8360961E-4,1.050383E-5,0.0,1.9348818E-5,3.908992E-5,2.3538725,0.0,42.643444,0.0011239108,0.006823967,-19.27349,-19.177362,-19.26297,-19.334988,-19.784586,99.0,99.0,99.0,99.0,99.0,-18.906246,-18.880125,-19.026434,-19.158913,-19.730236,0.030747076,90
2000036000097,2000036000097,2000036000096,2000036000072,16000200000283,16000200000283,2000036000000,-1,-1,0,16,7.272188,0.516394,9369,39.09415,56.57568,21.485851,124706,4,6,2,-54.98354,-90.25045,134.88522,29,0.516394,0.005384449,64.22291,82.38638,0.059375398,4.5951235E-4,0.0,0.0017094,0.022944393,0.0,2.3577566E-5,9.394147E-8,0.0,7.373681E-8,4.3961464E-7,0.14542767,0.0,43.13679,0.0019004015,0.005649932,-16.002567,-15.763548,-15.719706,-15.620724,-15.477479,99.0,99.0,99.0,99.0,99.0,-16.000896,-15.762177,-15.718591,-15.619886,-15.477184,0.01861737,21
2000036000098,2000036000118,2000036000021,2000036000022,41000200000321,41000200000321,2000036000000,2000036000099,-1,2,41,0.98870814,247.78307,9625,37.257957,55.346127,23.640547,126024,4,6,2,-562.2963,-73.02456,342.6022,29,2.4959054,0.026092682,64.139366,92.304214,0.03810804,0.29929394,0.0,0.0,0.0,0.0,0.001105641,0.002318426,0.0,0.0,0.0,0.0075110816,0.0,43.575573,0.003061088,0.031889204,-18.324165,-19.066557,-19.695103,-20.21135,-21.593908,99.0,99.0,99.0,99.0,99.0,-18.043915,-18.833889,-19.505545,-20.07231,-21.552567,3.4304006,576
2000036000099,2000036000118,2000036000098,2000036000023,40000200000272,40000200000272,2000036000000,2000036000100,-1,2,40,1.0778745,228.1601,9625,37.460102,55.326313,23.537582,126024,4,6,2,-158.29922,-1.1945055,109.093925,29,2.4959054,0.026092682,64.139366,92.304214,0.03888483,0.2991851,0.0,0.0,0.0,0.0,0.0011223963,0.002315278,0.0,0.0,0.0,0.014620569,0.0,43.575573,0.003061088,0.031889204,-18.468096,-19.197844,-19.816689,-20.322117,-21.695923,99.0,99.0,99.0,99.0,99.0,-18.219551,-18.991983,-19.649141,-20.19929,-21.659372,3.083491,595
2000036000100,2000036000118,2000036000099,2000036000024,39000200000303,39000200000303,2000036000000,2000036000101,-1,2,39,1.173417,205.61089,9318,37.46957,55.39503,23.409712,124268,4,6,2,-67.84481,-125.652824,365.54248,29,2.4959054,0.026092682,64.139366,92.304214,0.040359184,0.29897863,0.0,0.0,0.0,0.0,0.0011538893,0.0023093482,0.0,0.0,0.0,0.027947279,0.0,43.575573,0.003061088,0.031889204,-18.62602,-19.335686,-19.942678,-20.438574,-21.80359,99.0,99.0,99.0,99.0,99.0,-18.366068,-19.121138,-19.768078,-20.310318,-21.765028,2.7460878,640
2000036000101,2000036000118,2000036000100,2000036000025,38000200000344,38000200000344,2000036000000,2000036000102,-1,2,38,1.2758462,180.4797,9318,37.605385,55.406387,23.249773,124268,4,6,2,-429.90613,116.462006,201.24629,29,2.4959054,0.026092682,64.139366,92.304214,0.043097652,0.29859504,0.0,0.0,0.0,0.0,0.0012113528,0.0022984822,0.0,0.0,0.0,0.052370843,0.0,43.575573,0.003061088,0.031889204,-18.790598,-19.466219,-20.053719,-20.535141,-21.883806,99.0,99.0,99.0,99.0,99.0,-18.515293,-19.238388,-19.868225,-20.399014,-21.843184,2.419586,666
2000036000102,2000036000118,2000036000101,2000036000026,37000200000229,37000200000229,2000036000000,2000036000103,-1,2,37,1.3857181,145.96738,9318,37.806953,55.3817,23.191736,124268,4,6,2,-191.10988,-73.44866,114.93303,29,2.4959054,0.026092682,64.139366,92.304214,0.04806681,0.29789907,0.0,0.0,0.0,0.0,0.0013124368,0.0022792208,0.0,0.0,0.0,0.09606505,0.0,43.575573,0.003061088,0.031889204,-18.995384,-19.635534,-20.203781,-20.67039,-22.005436,99.0,99.0,99.0,99.0,99.0,-18.685486,-19.380322,-19.996025,-20.51753,-21.959322,2.105468,947
2000036000103,2000036000118,2000036000102,2000036000027,36000200000266,36000200000266,2000036000000,2000036000104,-1,2,36,1.5036365,152.16411,9318,37.82413,55.454636,23.0766,124268,4,6,2,79.86136,-135.1916,383.45663,29,2.4959054,0.026092682,64.139366,92.304214,0.056863025,0.2966672,0.0,0.0,0.0,0.0,0.0014823904,0.0022464055,0.0,0.0,0.0,0.17227595,0.0,43.575573,0.003061088,0.031889204,-19.251905,-19.84414,-20.388853,-20.843307,-22.176907,99.0,99.0,99.0,99.0,99.0,-18.938314,-19.585115,-20.177935,-20.688322,-22.130499,1.8053219,251
2000036000104,2000036000118,2000036000103,2000036000028,35000200000256,35000200000256,2000036000000,2000036000105,-1,2,35,1.6302707,152.07803,9318,37.923954,55.448997,22.873247,124268,4,6,2,-268.66946,72.98993,261.31305,29,2.4959054,0.026092682,64.139366,92.304214,0.07203539,0.2945424,0.0,0.0,0.0,0.0,0.0017528839,0.0021930223,0.0,0.0,0.0,0.3017279,0.0,43.575573,0.003061088,0.031889204,-19.551502,-20.085226,-20.598587,-21.03707,-22.355497,99.0,99.0,99.0,99.0,99.0,-19.157743,-19.75963,-20.333029,-20.84149,-22.296696,1.5207518,232
2000036000105,2000036000118,2000036000104,2000036000074,34000200000219,34000200000217,2000036000000,2000036000106,-1,1,34,1.766336,150.27066,9318,38.05349,55.433826,22.79963,124268,4,6,2,-248.25117,-58.268513,24.808542,29,2.4959054,0.026092682,64.139366,92.304214,0.09750826,0.29097494,0.0,0.0,0.0,0.0,0.0021563035,0.002110572,0.0,0.0,0.0,0.69795954,0.0,43.575573,0.003061088,0.031889204,-19.822176,-20.28187,-20.744534,-21.149548,-22.403883,99.0,99.0,99.0,99.0,99.0,-19.377966,-19.910683,-20.440626,-20.925497,-22.336733,1.2533484,373
2000036000106,2000036000118,2000036000105,2000036000075,32000200000187,32000200000185,2000036000000,2000036000107,-1,1,32,2.0700274,97.94273,9318,38.224438,55.751133,22.780695,124271,4,6,2,-129.22,-290.80377,76.71789,44,3.7868907,0.027323568,77.204506,91.26372,0.20744808,0.27557796,0.0,0.0,0.0,0.0,0.0034488405,0.00181978,0.0,0.0,0.0,3.5431507,0.0,43.575573,0.001973447,0.031889204,-20.690058,-20.925177,-21.257404,-21.583605,-22.684864,99.0,99.0,99.0,99.0,99.0,-19.467405,-19.89385,-20.397423,-20.931276,-22.474792,0.7758913,393
2000036000107,2000036000118,2000036000106,2000036000076,31000200000168,31000200000166,2000036000000,2000036000108,-1,1,31,2.2394855,70.83205,9318,38.315815,55.92394,22.720766,124271,4,6,2,-170.66818,-225.89323,135.44801,104,8.950832,0.03465527,105.39429,112.28952,0.4660284,0.23936397,0.0,0.0,0.0,0.0,0.0050078155,0.001343724,0.0,0.0,0.0,5.744075,0.0,43.575573,0.003297125,0.031889204,-20.977133,-21.146765,-21.432348,-21.72575,-22.738543,99.0,99.0,99.0,99.0,99.0,-20.243118,-20.542753,-20.938643,-21.357206,-22.622538,0.6263323,395
2000036000108,2000036000118,2000036000107,2000036000077,30000200000592,30000200000592,2000036000000,2000036000109,-1,0,30,2.422044,15.31969,9318,38.407032,56.0185,22.633133,124271,4,6,2,-157.08072,-218.7121,146.948,224,15.31969,0.039404564,129.3069,127.98573,0.8629554,0.18377468,0.0,0.4974593,0.9150153,0.0,0.005397365,8.901975E-4,0.0,0.0018247239,0.0014832731,6.753265,0.0,43.575573,0.0046678702,0.031889204,-21.049183,-21.153053,-21.389593,-21.643566,-22.579998,99.0,99.0,99.0,99.0,99.0,-20.69021,-20.871405,-21.169329,-21.485657,-22.535797,0.54403293,804
2000036000109,2000036000118,2000036000108,2000036000078,29000200000638,29000200000638,2000036000000,2000036000110,-1,0,29,2.6188614,19.106579,9318,38.514397,56.13498,22.523596,124271,4,6,2,-148.57994,-217.14178,154.45235,200,19.106579,0.040253486,142.87613,132.43767,0.81116515,0.122066215,0.0,1.5985433,0.5832787,0.0,0.0035652812,5.822435E-4,0.0,0.0015553487,6.448707E-4,3.7956135,0.0,44.05054,0.0062232837,0.024905058,-20.529245,-20.638836,-20.881865,-21.13726,-22.101772,99.0,99.0,99.0,99.0,99.0,-20.36971,-20.521786,-20.79501,-21.077837,-22.086962,0.5442991,574
2000036000110,2000036000118,2000036000109,2000036000079,28000200000568,28000200000568,2000036000000,2000036000111,-1,0,28,2.8311827,15.663952,9318,38.57831,56.232037,22.410278,124267,4,6,2,-144.74554,-201.53215,150.93771,194,15.663952,0.035697956,137.37224,130.14143,0.57827854,0.08941267,0.0,1.335372,0.54061794,0.0,0.002436093,4.4598474E-4,0.0,0.0011032191,6.4383977E-4,2.1882017,0.0,44.015755,0.0057924376,0.024634654,-20.192907,-20.303835,-20.543222,-20.794672,-21.74173,99.0,99.0,99.0,99.0,99.0,-20.115559,-20.243593,-20.496395,-20.761417,-21.732662,0.50136745,638
2000036000111,2000036000118,2000036000110,2000036000080,27000200000568,27000200000568,2000036000000,2000036000112,-1,0,27,3.060419,10.586078,9318,38.655067,56.3813,22.284542,124267,4,6,2,-133.00143,-196.8296,170.83655,149,10.586078,0.029638829,123.93871,126.04512,0.32872984,0.07173468,0.0,0.7241833,0.5701962,0.0,0.0017481811,3.665525E-4,0.0,8.630659E-4,7.2091626E-4,3.3500292,0.0,43.848198,0.0024210238,0.028655864,-20.366222,-20.422306,-20.62059,-20.835438,-21.713795,99.0,99.0,99.0,99.0,99.0,-20.057095,-20.174349,-20.424204,-20.693579,-21.673899,0.41029835,732
2000036000112,2000036000118,2000036000111,2000036000081,26000200000639,26000200000639,2000036000000,2000036000113,-1,0,26,3.3080978,7.831976,9318,38.75519,56.513077,22.188454,124267,4,6,2,-123.49214,-191.19089,168.29607,134,7.831976,0.025324399,115.32835,116.75354,0.20040433,0.046386074,0.0,0.532963,0.4606124,0.0,0.0010671176,2.3922166E-4,0.0,4.0135003E-4,6.5688946E-4,1.2821665,0.0,43.645794,0.0026717626,0.022744335,-19.683437,-19.767508,-19.981976,-20.21384,-21.109447,99.0,99.0,99.0,99.0,99.0,-19.421684,-19.566147,-19.82797,-20.104616,-21.081062,0.40835857,965
2000036000113,2000036000118,2000036000112,2000036000082,25000200001100,25000200001100,2000036000000,2000036000114,-1,0,25,3.575905,4.3893495,9318,38.822834,56.61211,22.059544,124267,4,6,2,-104.9622,-192.77711,168.92003,60,4.3893495,0.019696679,97.897934,91.24804,0.14242604,0.03732218,0.0,0.007744985,0.4821631,0.0,9.093952E-4,1.8375932E-4,0.0,1.6398011E-5,7.7797926E-4,2.6526158,0.0,40.75184,0.001024733,0.0047805193,-19.98262,-19.987362,-20.150854,-20.330143,-21.141785,99.0,99.0,99.0,99.0,99.0,-18.893095,-19.098152,-19.436865,-19.807411,-20.992151,0.31938228,861
2000036000114,2000036000118,2000036000113,2000036000083,24000200001002,24000200001002,2000036000000,2000036000115,-1,0,24,3.8656828,1.549182,9319,38.867188,56.692356,21.963732,124281,4,6,2,-96.58303,-177.7358,157.53079,64,1.549182,0.013112987,71.28044,81.77861,0.104148366,0.0198469,0.0,0.0020931605,0.24135566,0.0,6.2960514E-4,6.8233545E-5,0.0,2.990903E-6,2.669506E-4,0.1448257,0.0,40.795074,0.005303657,0.008900895,-18.201452,-18.384174,-18.661552,-18.956013,-19.912941,99.0,99.0,99.0,99.0,99.0,-18.177027,-18.364716,-18.64613,-18.94496,-19.909796,0.37804332,383
2000036000115,2000036000118,2000036000114,2000036000084,23000200001269,23000200001269,2000036000000,2000036000116,-1,0,23,4.1794686,2.2377074,9319,38.965,56.77706,21.87027,124281,4,6,2,-128.88226,-163.13914,168.7348,46,2.2377074,0.013945156,83.073006,87.20119,0.10956977,0.01895988,0.0,0.0010444681,0.28196487,0.0,6.190054E-4,6.305822E-5,0.0,1.8880875E-6,2.9902917E-4,0.5665086,0.0,40.40093,0.0031816072,0.0054399483,-18.72784,-18.828594,-19.053719,-19.311934,-20.210873,99.0,99.0,99.0,99.0,99.0,-18.651228,-18.768867,-19.007305,-19.279156,-20.201948,0.24500424,709
2000036000116,2000036000118,2000036000115,2000036000085,22000200000605,22000200000605,2000036000000,2000036000117,-1,0,22,4.5195556,2.7541015,9319,39.03092,56.845234,21.774508,124281,4,6,2,-110.032166,-128.27768,164.56831,74,2.7541015,0.014040925,91.84639,95.91825,0.10191847,0.015741227,0.0,0.03119009,0.27607405,0.0,5.267591E-4,4.7303245E-5,0.0,3.328794E-5,2.2113557E-4,1.532027,0.0,42.341866,0.0013449277,0.013625888,-19.265965,-19.300423,-19.486576,-19.689266,-20.511389,99.0,99.0,99.0,99.0,99.0,-18.600582,-18.754116,-19.040907,-19.34609,-20.38023,0.14384176,443
2000036000117,2000036000118,2000036000116,2000036000086,21000200001370,21000200001370,2000036000000,2000036000118,-1,0,21,4.888449,1.4631164,9368,39.14812,56.94938,21.687222,124720,4,6,2,-137.87457,-121.14449,125.53674,28,1.4631164,0.010670388,76.79259,74.19755,0.075788066,0.0076848757,0.0,0.0,0.15263408,0.0,3.0195958E-4,1.3744979E-5,0.0,0.0,8.876268E-5,0.6956981,0.0,0.0,0.0019856635,0.010670388,-18.28732,-18.330774,-18.5289,-18.753191,-19.546534,99.0,99.0,99.0,99.0,99.0,-18.21891,-18.275276,-18.484446,-18.720686,-19.536509,0.10945319,469
2000036000118,2000036000118,2000036000117,2000036000087,20000200001394,20000200001394,2000036000000,-1,-1,0,20,5.2888336,1.549182,9368,39.185764,56.987488,21.616196,124720,4,6,2,-147.28767,-102.3532,114.7173,20,1.549182,0.010192049,80.851944,77.27318,0.09963971,0.0043068957,0.0,0.008500303,0.12588839,0.0,1.9549267E-4,4.0382433E-6,0.0,2.704881E-6,2.4442912E-5,0.96247065,0.0,41.38911,0.0011609471,0.00590072,-18.446487,-18.34155,-18.422953,-18.49116,-18.915056,99.0,99.0,99.0,99.0,99.0,-18.314203,-18.23498,-18.337608,-18.427717,-18.89407,0.029695982,917
2000036000119,2000036000158,2000036000014,2000036000015,48000200000319,48000200000319,2000036000000,2000036000120,-1,2,48,0.5085914,373.0086,9630,36.209866,54.90326,24.618547,126021,4,6,2,-280.54733,-157.72269,273.93365,32,2.7541025,0.026963072,66.27891,96.96938,0.043101627,0.3036193,0.035861995,0.0,0.0,3.062149E-5,0.0011940808,0.0024772084,2.1871098E-4,0.0,0.0,4.472661E-5,0.0,43.4667,0.0034222563,0.032789584,-17.702013,-18.505594,-19.181229,-19.744207,-21.173002,-15.409816,-16.182861,-16.840992,-17.377394,-18.721355,-17.35699,-18.215141,-18.94223,-19.566883,-21.119053,6.2917776,624
2000036000120,2000036000158,2000036000119,2000036000016,47000200000320,47000200000320,2000036000000,2000036000121,-1,2,47,0.5641766,450.63986,9630,36.391987,54.992588,24.468557,126021,4,6,2,-422.70306,-66.43841,438.54688,32,2.7541025,0.026963072,66.27891,96.96938,0.043106638,0.30361864,0.035861995,0.0,0.0,3.062149E-5,0.001194183,0.002477189,2.1871098E-4,0.0,0.0,8.796864E-5,0.0,43.4667,0.0034222563,0.032789584,-17.760656,-18.557755,-19.227766,-19.784382,-21.205265,-15.464166,-16.232376,-16.887064,-17.420702,-18.764162,-17.415373,-18.26716,-18.988724,-19.607107,-21.15137,5.9151096,886
2000036000121,2000036000158,2000036000120,2000036000017,46000200000289,46000200000289,2000036000000,2000036000122,-1,2,46,0.6235901,429.63983,9630,36.523735,54.97371,24.265419,126017,4,6,2,-66.91483,136.68768,416.8432,32,2.7541025,0.026963072,66.27891,96.96938,0.043116476,0.30361724,0.035861995,0.0,0.0,3.062149E-5,0.0011943829,0.002477151,2.1871098E-4,0.0,0.0,1.7255281E-4,0.0,43.4667,0.0034222563,0.032789584,-17.819471,-18.608278,-19.271152,-19.819763,-21.230217,-15.520334,-16.282854,-16.932827,-17.46213,-18.803038,-17.473963,-18.317612,-19.03213,-19.64258,-21.17639,5.5388436,330
2000036000122,2000036000158,2000036000121,2000036000018,45000200000297,45000200000297,2000036000000,2000036000123,-1,2,45,0.6871088,395.1275,9630,36.592567,55.03344,24.138409,126017,4,6,2,-351.16595,-263.36295,213.6266,32,2.7541025,0.026963072,66.27891,96.96938,0.04313569,0.30361453,0.035861995,0.0,0.0,3.062149E-5,0.0011947732,0.0024770766,2.1871098E-4,0.0,0.0,3.370704E-4,0.0,43.4667,0.0034222563,0.032789584,-17.87842,-18.657665,-19.312817,-19.853903,-21.25577,-15.575633,-16.33124,-16.975447,-17.499018,-18.835152,-17.532572,-18.366835,-19.07372,-19.676704,-21.201956,5.1642547,236
2000036000123,2000036000158,2000036000122,2000036000019,44000200000308,44000200000308,2000036000000,2000036000124,-1,2,44,0.75503564,300.8856,9630,36.838173,55.117985,24.00252,126017,4,6,2,-453.95395,-49.7838,434.16013,32,2.7541025,0.026963072,66.27891,96.96938,0.04317292,0.30360934,0.035861995,0.0,0.0,3.062149E-5,0.0011955296,0.0024769322,2.1871098E-4,0.0,0.0,6.5391714E-4,0.0,43.4667,0.0034222563,0.032789584,-17.944752,-18.715515,-19.36426,-19.899767,-21.296904,-15.635632,-16.384525,-17.023111,-17.540361,-18.870348,-17.598255,-18.42424,-19.124828,-19.7223,-21.242992,4.792591,616
2000036000124,2000036000158,2000036000123,2000036000020,43000200000280,43000200000280,2000036000000,2000036000125,-1,2,43,0.8276991,256.30356,9630,36.971703,55.161026,23.818731,126017,4,6,2,-160.45987,-134.22069,253.43964,32,2.7541025,0.026963072,66.27891,96.96938,0.043244336,0.30359936,0.035861995,0.0,0.0,3.062149E-5,0.0011969808,0.0024766554,2.1871098E-4,0.0,0.0,0.001257513,0.0,43.4667,0.0034222563,0.032789584,-18.02097,-18.784973,-19.429207,-19.961748,-21.360107,-15.689559,-16.427694,-17.05734,-17.565088,-18.880192,-17.672825,-18.492193,-19.188423,-19.783163,-21.305792,4.4251494,282
2000036000125,2000036000158,2000036000124,2000036000021,42000200000300,42000200000300,2000036000000,2000036000126,-1,2,42,0.9054624,247.26668,9630,37.050346,55.25993,23.75923,126017,4,6,2,-232.36139,-254.73799,-8.2629175,32,2.7541025,0.026963072,66.27891,96.96938,0.043379672,0.30358037,0.035861995,0.0,0.0,3.062149E-5,0.0011997283,0.0024761308,2.1871098E-4,0.0,0.0,0.0023917768,0.0,43.4667,0.0034222563,0.032789584,-18.114962,-18.87415,-19.51587,-20.047642,-21.450869,-15.754943,-16.48633,-17.111256,-17.616003,-18.93185,-17.763966,-18.5791,-19.273182,-19.867575,-21.396008,4.0631614,704
2000036000126,2000036000158,2000036000125,2000036000022,41000200000321,41000200000321,2000036000000,2000036000127,-1,2,41,0.98870814,247.78307,9625,37.275272,55.343422,23.745039,126024,4,6,2,-507.75165,-21.760645,203.32924,32,2.7541025,0.026963072,66.27891,96.96938,0.04363244,0.303545,0.035861995,0.0,0.0,3.062149E-5,0.0012048505,0.0024751525,2.1871098E-4,0.0,0.0,0.004490321,0.0,43.4667,0.0034222563,0.032789584,-18.22895,-18.980991,-19.617764,-20.144958,-21.545551,-15.827183,-16.552729,-17.17327,-17.674957,-18.99093,-17.873568,-18.68253,-19.37231,-19.962826,-21.489948,3.707915,186
2000036000127,2000036000158,2000036000126,2000036000023,40000200000272,40000200000272,2000036000000,2000036000128,-1,2,40,1.0778745,228.1601,9625,37.466984,55.336887,23.544312,126024,4,6,2,-175.36382,-7.0654044,488.92282,32,2.7541025,0.026963072,66.27891,96.96938,0.04409683,0.30347997,0.035861995,0.0,0.0,3.062149E-5,0.0012142331,0.002473359,2.1871098E-4,0.0,0.0,0.008304853,0.0,43.4667,0.0034222563,0.032789584,-18.353739,-19.09477,-19.723333,-20.242092,-21.636795,-15.907086,-16.627596,-17.244635,-17.744938,-19.061264,-17.99311,-18.792093,-19.474588,-20.057747,-21.580723,3.3605816,447
2000036000128,2000036000158,2000036000127,2000036000024,39000200000303,39000200000303,2000036000000,2000036000129,-1,2,39,1.173417,205.61089,9318,37.46639,55.37906,23.365871,124268,4,6,2,-23.491436,-104.71277,108.91616,32,2.7541025,0.026963072,66.27891,96.96938,0.044934306,0.30336267,0.035861995,0.0,0.0,3.062149E-5,0.001231064,0.0024701385,2.1871098E-4,0.0,0.0,0.015104799,0.0,43.4667,0.0034222563,0.032789584,-18.498894,-19.226105,-19.845072,-20.354143,-21.740763,-16.004906,-16.725073,-17.342094,-17.844751,-19.171648,-18.127583,-18.915705,-19.590248,-20.165247,-21.68289,3.0224051,654
2000036000129,2000036000158,2000036000128,2000036000025,38000200000344,38000200000344,2000036000000,2000036000130,-1,2,38,1.2758462,180.4797,9318,37.583786,55.407978,23.330978,124268,4,6,2,-374.63412,-0.38891852,101.06956,32,2.7541025,0.026963072,66.27891,96.96938,0.04641436,0.3031554,0.035861995,0.0,0.0,3.062149E-5,0.0012605322,0.0024644851,2.1871098E-4,0.0,0.0,0.026974093,0.0,43.4667,0.0034222563,0.032789584,-18.654154,-19.357433,-19.961384,-20.45744,-21.8305,-16.11037,-16.828053,-17.441273,-17.939096,-19.26406,-18.269373,-19.036566,-19.698273,-20.262587,-21.771046,2.6945505,316
2000036000130,2000036000158,2000036000129,2000036000026,37000200000229,37000200000229,2000036000000,2000036000131,-1,2,37,1.3857181,145.96738,9318,37.81136,55.395126,23.18453,124268,4,6,2,-330.98853,12.862009,401.8996,32,2.7541025,0.026963072,66.27891,96.96938,0.04897376,0.302797,0.035861995,0.0,0.0,3.062149E-5,0.0013106839,0.0024548252,2.1871098E-4,0.0,0.0,0.04723122,0.0,43.4667,0.0034222563,0.032789584,-18.834667,-19.509037,-20.096695,-20.580843,-21.952919,-16.236519,-16.94969,-17.556597,-18.044859,-19.359777,-18.428871,-19.171083,-19.81968,-20.375652,-21.890326,2.378175,98
2000036000131,2000036000158,2000036000130,2000036000027,36000200000266,36000200000266,2000036000000,2000036000132,-1,2,36,1.5036365,152.16411,9318,37.914997,55.425816,22.976665,124268,4,6,2,-58.21148,-91.78658,256.2964,32,2.7541025,0.026963072,66.27891,96.96938,0.053298492,0.30219132,0.035861995,0.0,0.0,3.062149E-5,0.0013932326,0.002438817,2.1871098E-4,0.0,0.0,0.08099521,0.0,43.4667,0.0034222563,0.032789584,-19.062773,-19.698109,-20.26334,-20.7305,-22.084953,-16.355034,-17.055538,-17.653591,-18.134094,-19.438782,-18.669443,-19.37365,-19.998322,-20.53436,-22.024817,2.0744188,610
2000036000132,2000036000158,2000036000131,2000036000028,35000200000256,35000200000256,2000036000000,2000036000133,-1,2,35,1.6302707,152.07803,9318,37.892128,55.444027,22.909111,124268,4,6,2,42.275146,-26.120958,17.380228,32,2.7541025,0.026963072,66.27891,96.96938,0.06043174,0.3011923,0.035861995,0.0,0.0,3.062149E-5,0.0015238752,0.0024131972,2.1871098E-4,0.0,0.0,0.13590007,0.0,43.4667,0.0034222563,0.032789584,-19.325281,-19.902033,-20.434544,-20.8826,-22.216417,-16.46503,-17.14208,-17.725891,-18.196457,-19.48592,-18.876091,-19.532213,-20.132534,-20.65881,-22.147594,1.7843418,549
2000036000133,2000036000158,2000036000132,2000036000088,34000200000218,34000200000217,2000036000000,2000036000134,-1,1,34,1.766336,150.27066,9318,37.92544,55.51949,22.891779,124268,4,6,2,-180.91139,-140.23892,34.19561,32,2.7541025,0.026963072,66.27891,96.96938,0.071904905,0.29958552,0.035861995,0.0,0.0,3.062149E-5,0.0017213459,0.0023737869,2.1871098E-4,0.0,0.0,1.0097325,2.4371603E-8,43.4667,0.0034222563,0.032789584,-19.62624,-20.129965,-20.619978,-21.045982,-22.352505,-16.580881,-17.238672,-17.810926,-18.272968,-19.549965,-19.172827,-19.75385,-20.312801,-20.819033,-22.283657,1.5089369,102
2000036000134,2000036000147,2000036000133,2000036000089,32000200000186,32000200000185,2000036000000,2000036000135,2000036000148,1,32,2.0700274,97.94273,9318,38.338554,55.643124,22.743326,124269,4,6,2,-374.07132,-142.03003,242.91335,138,11.877067,0.039995663,113.01032,124.35969,0.22283845,0.24144888,0.0,0.0,0.0,0.0,0.0035572273,0.0017463128,0.0,0.0,0.0,2.2435315,0.0,43.4667,0.0034663184,0.032789584,-20.285072,-20.564463,-20.926346,-21.270494,-22.425303,99.0,99.0,99.0,99.0,99.0,-19.395826,-19.830494,-20.324406,-20.821268,-22.285543,0.9870472,526
2000036000135,2000036000147,2000036000134,2000036000090,31000200000167,31000200000166,2000036000000,2000036000136,-1,1,31,2.2394855,70.83205,9318,38.511593,55.738335,22.598402,124271,4,6,2,-300.37228,-145.44153,281.04434,169,14.545103,0.040743068,123.90862,121.280556,0.38657212,0.21851812,0.0,0.0,0.0,0.0,0.004616836,0.0014329025,0.0,0.0,0.0,2.81418,0.0,43.4667,0.004918372,0.032789584,-20.466341,-20.691074,-21.012459,-21.327389,-22.410585,99.0,99.0,99.0,99.0,99.0,-19.970703,-20.282997,-20.68076,-21.083347,-22.337627,0.8305246,671
2000036000136,2000036000147,2000036000135,2000036000091,30000200000832,30000200000832,2000036000000,2000036000137,-1,0,30,2.422044,13.942638,9318,38.683968,55.797005,22.4244,124267,4,6,2,-250.23991,-127.28815,293.83447,173,13.942638,0.038186647,125.31027,123.41846,0.58103746,0.19128339,0.0,0.41935962,0.9899556,0.0,0.005206883,0.001153032,0.0,0.0018834822,0.0032939091,3.5685716,0.0,43.4667,0.0052349675,0.032789584,-20.65874,-20.818056,-21.093405,-21.376863,-22.397911,99.0,99.0,99.0,99.0,99.0,-20.074245,-20.351955,-20.722015,-21.105421,-22.317505,0.69815373,612
2000036000137,2000036000147,2000036000136,2000036000092,29000200000844,29000200000844,2000036000000,2000036000138,-1,0,29,2.6188614,13.684442,9318,38.823814,55.86526,22.271393,124267,4,6,2,-214.10445,-127.534645,293.70163,162,13.684442,0.03601512,127.832436,132.39507,0.62413937,0.15867531,0.0,0.4308892,0.9370182,0.0,0.004691199,8.874619E-4,0.0,0.0013429354,0.0028994596,5.342978,0.0,43.478558,0.0045181965,0.028341172,-20.760647,-20.869612,-21.111498,-21.37232,-22.355343,99.0,99.0,99.0,99.0,99.0,-20.188139,-20.414606,-20.751417,-21.112923,-22.281008,0.599129,974
2000036000138,2000036000147,2000036000137,2000036000093,28000200000851,28000200000851,2000036000000,2000036000139,-1,0,28,2.8311827,11.877063,9318,38.93567,55.924152,22.097569,124267,4,6,2,-182.35078,-120.946655,286.101,137,11.877063,0.032552116,125.26648,140.17992,0.8520298,0.11270986,0.0,0.1319856,0.76029366,0.0,0.0040285904,6.0906354E-4,0.0,2.809143E-4,0.0024828126,3.262442,0.0,42.62399,0.004104723,0.013668269,-20.682814,-20.744022,-20.955938,-21.173409,-22.0898,99.0,99.0,99.0,99.0,99.0,-20.279318,-20.417828,-20.69559,-20.984581,-22.035755,0.5919896,510
2000036000139,2000036000147,2000036000138,2000036000094,27000200000794,27000200000794,2000036000000,2000036000140,-1,0,27,3.060419,8.520501,9318,39.03621,56.037178,21.950853,124267,4,6,2,-157.83803,-116.70415,288.26016,124,8.520501,0.027570061,115.28789,113.55085,0.24727187,0.086353324,0.0,0.26968926,0.69715077,0.0,0.0021551428,4.5822162E-4,0.0,8.078825E-4,0.002588212,2.2789354,0.0,43.35132,0.003070902,0.027179344,-19.983664,-20.104097,-20.354612,-20.618336,-21.59779,99.0,99.0,99.0,99.0,99.0,-19.511053,-19.72124,-20.04731,-20.395111,-21.53256,0.5595731,388
2000036000140,2000036000147,2000036000139,2000036000095,26000200000670,26000200000670,2000036000000,2000036000141,-1,0,26,3.3080978,5.0778747,9369,39.118572,56.13608,21.80867,124706,4,6,2,-134.98718,-139.93034,257.36975,78,5.0778747,0.021918425,99.817406,108.20324,0.30630153,0.06910936,0.0,0.0,0.6753087,0.0,0.002051159,3.2253415E-4,0.0,0.0,0.0026863033,2.7891417,0.0,0.0,0.0033316126,0.021918425,-19.96205,-20.054722,-20.283157,-20.526936,-21.46196,99.0,99.0,99.0,99.0,99.0,-19.541317,-19.71874,-20.016949,-20.335361,-21.407581,0.49360225,397
2000036000141,2000036000147,2000036000140,2000036000096,25000200000701,25000200000701,2000036000000,2000036000142,-1,0,25,3.575905,4.3032837,9369,39.191525,56.216763,21.672966,124706,4,6,2,-115.33325,-110.6004,277.79614,102,4.3032837,0.019567091,97.25385,109.192116,0.23538882,0.049392357,0.0,0.0015407988,0.36881015,0.0,0.0015437774,2.194639E-4,0.0,5.7693765E-6,8.3058747E-4,0.79675984,0.0,44.08558,0.004450204,0.019758413,-19.272459,-19.411161,-19.664867,-19.928656,-20.880842,99.0,99.0,99.0,99.0,99.0,-19.121485,-19.291006,-19.56976,-19.860445,-20.861504,0.48522085,925
2000036000142,2000036000147,2000036000141,2000036000097,24000200001201,24000200001201,2000036000000,2000036000143,-1,0,24,3.8656828,4.131152,9369,39.248142,56.280235,21.517956,124706,4,6,2,-113.920425,-125.52633,243.14572,58,4.131152,0.018184075,98.8462,101.12652,0.21154237,0.044143353,0.0,0.008381735,0.37308276,0.0,0.0013577564,1.8328214E-4,0.0,2.1799835E-5,7.604956E-4,1.3480324,0.0,41.238285,0.003062784,0.006235379,-19.508995,-19.594238,-19.813839,-20.051592,-20.958626,99.0,99.0,99.0,99.0,99.0,-19.238277,-19.375324,-19.638863,-19.925167,-20.922327,0.3750695,72
2000036000143,2000036000147,2000036000142,2000036000098,23000200001108,23000200001108,2000036000000,2000036000144,-1,0,23,4.1794686,3.7008238,9370,39.294315,56.36704,21.398685,124678,4,6,2,-104.49955,-110.49169,237.34726,52,3.7008238,0.016491307,98.24074,104.96674,0.20375979,0.035887,0.0,0.017533408,0.31787255,0.0,0.0011508019,1.3137671E-4,0.0,3.2398875E-5,5.742117E-4,0.86531276,0.0,41.794533,0.0034249558,0.008654792,-19.373417,-19.464203,-19.685207,-19.927742,-20.817383,99.0,99.0,99.0,99.0,99.0,-19.181877,-19.310509,-19.56321,-19.83999,-20.79252,0.29746607,402
2000036000144,2000036000147,2000036000143,2000036000099,22000200001089,22000200001089,2000036000000,2000036000145,-1,0,22,4.5195556,3.098364,9370,39.35961,56.41154,21.28741,124678,4,6,2,-94.09262,-96.09323,220.04617,47,3.098364,0.01460315,95.52409,101.51593,0.12153549,0.03097067,0.0,0.014527953,0.31610996,0.0,9.256534E-4,1.0092489E-4,0.0,4.0768016E-5,5.626886E-4,1.2705581,0.0,41.967453,0.0023358332,0.011133253,-19.396513,-19.470583,-19.682474,-19.930908,-20.811787,99.0,99.0,99.0,99.0,99.0,-19.043211,-19.18311,-19.45069,-19.761848,-20.760405,0.19906484,721
2000036000145,2000036000147,2000036000144,2000036000100,21000200001008,21000200001008,2000036000000,2000036000146,-1,0,21,4.888449,2.9262328,9370,39.402973,56.460506,21.173931,124678,4,6,2,-89.113045,-89.636925,218.62337,41,2.9262328,0.013443846,96.752594,98.138054,0.16796094,0.024289284,0.0,0.0,0.27099892,0.0,8.772283E-4,5.8766123E-5,0.0,0.0,3.4238867E-4,3.1276977,0.0,0.0,0.0017743767,0.013443846,-19.666174,-19.702557,-19.89646,-20.106808,-20.929142,99.0,99.0,99.0,99.0,99.0,-19.112993,-19.24994,-19.529814,-19.83456,-20.84102,0.10871995,875
2000036000146,2000036000147,2000036000145,2000036000101,20000200001039,20000200001039,2000036000000,2000036000147,-1,0,20,5.2888336,2.7541015,9370,39.45111,56.517097,21.048773,124678,4,6,2,-83.5316,-92.637375,205.45316,33,2.7541015,0.012346788,97.94515,103.1766,0.276396,0.009102664,0.0,7.827712E-4,0.15616415,0.0,4.378283E-4,1.0749285E-5,0.0,5.254072E-7,2.998454E-5,1.6278038,0.0,44.64055,0.0023400225,0.012601259,-18.878323,-18.827938,-18.95793,-19.08508,-19.672302,99.0,99.0,99.0,99.0,99.0,-18.661306,-18.661171,-18.828691,-18.99163,-19.642561,0.06660313,943
2000036000147,2000036000147,2000036000146,2000036000102,19000200001141,19000200001141,2000036000000,-1,-1,0,19,5.7238646,1.8073791,9370,39.504814,56.572067,20.936817,124678,4,6,2,-70.10547,-87.39366,206.4311,24,1.8073791,0.01004251,87.977875,91.06474,0.16641226,0.001818513,0.0,0.07659938,0.044267006,0.0,9.1888105E-5,4.4002454E-7,0.0,2.5032546E-6,8.7983966E-7,0.4419843,0.0,42.786682,0.002942442,0.008477956,-17.393652,-17.175192,-17.153156,-17.088985,-17.048212,99.0,99.0,99.0,99.0,99.0,-17.388374,-17.170877,-17.149672,-17.086437,-17.047426,0.019948611,617
2000036000148,2000036000158,2000036000133,2000036000089,32000200000186,32000200000185,2000036000000,2000036000149,-1,2,32,2.0700274,97.94273,9318,38.3404,55.626896,22.739914,124269,4,6,2,-435.80344,-80.638054,204.17583,24,2.0655768,0.016240366,73.95929,70.73924,0.008146073,0.035861995,0.0,0.0,0.0,0.0,1.9900236E-4,2.1871098E-4,0.0,0.0,0.0,1.632443E-7,0.0,42.058964,5.7969795E-4,0.011284144,-16.943855,-17.547316,-18.088806,-18.527138,-19.782038,99.0,99.0,99.0,99.0,99.0,-15.905284,-16.658602,-17.345455,-17.965498,-19.605972,1.6284909,235
2000036000149,2000036000158,2000036000148,2000036000090,31000200000167,31000200000166,2000036000000,2000036000150,-1,2,31,2.2394855,70.83205,9318,38.553253,55.712273,22.593369,124271,4,6,2,-244.20184,-169.39574,319.58057,24,2.0655768,0.016240366,73.95929,70.73924,0.008146077,0.035861995,0.0,0.0,0.0,0.0,1.9900264E-4,2.1871098E-4,0.0,0.0,0.0,1.5773848E-6,0.0,42.058964,5.7969795E-4,0.011284144,-17.2473,-17.849594,-18.402441,-18.863771,-20.232077,99.0,99.0,99.0,99.0,99.0,-16.208725,-16.960878,-17.659088,-18.302132,-20.056011,1.3828574,400
2000036000150,2000036000158,2000036000149,2000036000091,30000200000832,30000200000832,2000036000000,2000036000151,-1,2,30,2.422044,13.942638,9318,38.65477,55.824097,22.434772,124267,4,6,2,-199.70747,-187.51993,225.64532,24,2.0655768,0.016240366,73.95929,70.73924,0.008146184,0.035861988,0.0,0.0,0.0,0.0,1.9900444E-4,2.1871061E-4,0.0,0.0,0.0,2.5142139E-5,0.0,42.058964,5.7969795E-4,0.011284144,-17.453133,-17.970726,-18.453022,-18.850971,-20.037573,99.0,99.0,99.0,99.0,99.0,-16.414543,-17.081999,-17.70966,-18.289324,-19.861506,1.1502771,177
2000036000151,2000036000158,2000036000150,2000036000092,29000200000844,29000200000844,2000036000000,2000036000152,-1,2,29,2.6188614,13.684442,9318,38.791866,55.919014,22.297607,124267,4,6,2,-244.22174,-133.66093,276.3855,24,2.0655768,0.016240366,73.95929,70.73924,0.008147824,0.03586176,0.0,0.0,0.0,0.0,1.9903247E-4,2.1870498E-4,0.0,0.0,0.0,3.4125723E-4,0.0,42.058964,5.7969795E-4,0.011284144,-17.661032,-18.104204,-18.536781,-18.905905,-20.042486,99.0,99.0,99.0,99.0,99.0,-16.622221,-17.215296,-17.79327,-18.344141,-19.866379,0.9306828,367
2000036000152,2000036000158,2000036000151,2000036000093,28000200000851,28000200000851,2000036000000,2000036000153,-1,2,28,2.8311827,11.877063,9318,38.9247,55.94779,22.114336,124267,4,6,2,-200.35771,63.214188,356.51974,24,2.0655768,0.016240366,73.95929,70.73924,0.008168786,0.035858825,0.0,0.0,0.0,0.0,1.9938982E-4,2.1863331E-4,0.0,0.0,0.0,0.0039270897,0.0,42.058964,5.7969795E-4,0.011284144,-17.95052,-18.316982,-18.701918,-19.049269,-20.1495,99.0,99.0,99.0,99.0,99.0,-16.908873,-17.425734,-17.956436,-18.485962,-19.97285,0.72399485,100
2000036000153,2000036000158,2000036000152,2000036000094,27000200000794,27000200000794,2000036000000,2000036000154,-1,2,27,3.060419,8.520501,9318,39.0593,55.94247,21.915602,124267,4,6,2,-234.60413,-101.70112,331.44724,24,2.0655768,0.016240366,73.95929,70.73924,0.008395322,0.035827104,0.0,0.0,0.0,0.0,2.0322773E-4,2.1786235E-4,0.0,0.0,0.0,0.03849303,0.0,42.058964,5.7969795E-4,0.011284144,-18.29937,-18.575718,-18.905628,-19.227938,-20.285769,99.0,99.0,99.0,99.0,99.0,-17.231106,-17.661737,-18.14083,-18.649591,-20.104147,0.53036404,303
2000036000154,2000036000158,2000036000153,2000036000103,26000200000671,26000200000670,2000036000000,2000036000155,-1,1,26,3.3080978,5.0778747,9369,39.157997,55.997395,21.71691,124706,4,6,2,-137.08362,-56.077965,317.84808,24,2.0655768,0.016240366,73.95929,70.73924,0.010475054,0.03553584,0.0,0.0,0.0,0.0,2.3657246E-4,2.1107282E-4,0.0,0.0,0.0,1.6247313,0.0,42.058964,5.7969795E-4,0.011284144,-18.784756,-18.984924,-19.282925,-19.60017,-20.638205,99.0,99.0,99.0,99.0,99.0,-17.62917,-17.992474,-18.442913,-18.950974,-20.402948,0.351862,339
2000036000155,2000036000158,2000036000154,2000036000104,24000200001542,24000200001542,2000036000000,2000036000156,-1,0,24,3.8656828,3.18443,9370,39.283047,56.07942,21.388834,124678,4,6,2,-105.09081,-76.81124,298.5031,46,3.18443,0.01667291,90.6317,96.88278,0.16891363,0.0133466525,0.0,0.028356226,0.26679528,0.0,5.4322655E-4,2.8419156E-5,0.0,1.8660208E-5,1.1214955E-4,1.1709765,0.0,42.058964,0.0024652125,0.011284144,-19.08461,-19.110386,-19.28058,-19.463814,-20.179888,99.0,99.0,99.0,99.0,99.0,-19.012392,-19.051735,-19.233843,-19.429811,-20.17015,0.18427546,281
2000036000156,2000036000158,2000036000155,2000036000105,23000200001432,23000200001432,2000036000000,2000036000157,-1,0,23,4.1794686,2.065576,9370,39.328667,56.109776,21.214045,124678,4,6,2,-89.25221,-74.27521,280.0248,42,2.065576,0.013578006,80.88585,85.20414,0.12845892,0.0061747218,0.0,0.01005571,0.15478037,0.0,2.7103114E-4,9.598084E-6,0.0,3.537009E-6,4.0819254E-5,0.45606893,0.0,41.39433,0.0028323443,0.007440112,-18.284323,-18.295359,-18.44609,-18.610683,-19.226448,99.0,99.0,99.0,99.0,99.0,-18.239098,-18.259174,-18.417776,-18.589653,-19.220198,0.17666873,568
2000036000157,2000036000158,2000036000156,2000036000106,22000200001845,22000200001845,2000036000000,2000036000158,-1,0,22,4.5195556,1.2909851,9370,39.38063,56.149574,21.078192,124678,4,6,2,-91.71095,-77.70179,259.678,29,1.2909851,0.010907104,71.34702,75.46208,0.06054572,0.0035835363,0.0,0.0053524612,0.109623805,0.0,1.5667641E-4,4.4771364E-6,0.0,2.7057533E-6,2.4747931E-5,0.21502459,0.0,41.36376,0.0026961183,0.008929348,-17.370783,-17.409325,-17.59316,-17.807867,-18.51676,99.0,99.0,99.0,99.0,99.0,-17.350786,-17.393307,-17.580505,-17.798624,-18.51388,0.13192485,526
2000036000158,2000036000158,2000036000157,2000036000107,21000200002160,21000200002160,2000036000000,-1,-1,0,21,4.888449,1.2049193,9370,39.41477,56.187416,20.930225,124678,4,6,2,-86.81474,-84.11229,266.39673,22,1.2049193,0.010001686,71.98008,72.12799,0.06434127,0.002452803,0.0,0.012798076,0.09318891,0.0,1.1343425E-4,2.0595783E-6,0.0,2.5355614E-6,1.1065495E-5,0.505157,0.0,41.69568,0.0012886333,0.008305114,-17.837637,-17.744081,-17.827255,-17.895535,-18.28544,99.0,99.0,99.0,99.0,99.0,-17.752813,-17.6756,-17.772308,-17.85414,-18.271137,0.036482878,484
